"obj" "V2" "V3"
"1" 1 0.313070435912805 0.780448454506011
"2" 1 0.304069953840723 0.776337306650442
"3" 1 0.327293639161386 0.793123778683159
"4" 1 0.303737606417338 0.794296741920183
"5" 1 0.319876378795916 0.779195279426271
"6" 1 0.319485898719456 0.792733528416274
"7" 1 0.310717502029356 0.795686935463746
"8" 1 0.311935693737642 0.776884886439714
"9" 1 0.311267965879735 0.794712760812931
"10" 1 0.297946109527576 0.778235475888643
"11" 2 0.282196301041258 0.641991761061825
"12" 2 0.284254502713594 0.656781467556402
"13" 2 0.280430607550995 0.642280036839128
"14" 2 0.278401279434481 0.675964151707607
"15" 2 0.282958747599748 0.664355843688612
"16" 2 0.277686318802527 0.649109820176717
"17" 2 0.274277288995741 0.673029906900835
"18" 2 0.276395613266313 0.656457157622612
"19" 2 0.268123588871556 0.655753024034464
"20" 2 0.275211569632219 0.661535783213477
"21" 3 0.330337952293421 0.767438527042791
"22" 3 0.320437406189785 0.757073046020973
"23" 3 0.332594707395688 0.795594958504521
"24" 3 0.313326975506818 0.771429629451362
"25" 3 0.330515750714328 0.775378982881896
"26" 3 0.321451509128243 0.771821089224059
"27" 3 0.334064112484149 0.809167325173406
"28" 3 0.316149422253795 0.756481130944493
"29" 3 0.334412389940145 0.776862650656045
"30" 3 0.329830151155069 0.787361663299604
"31" 4 0.32113884461186 0.783565972064959
"32" 4 0.324780308961244 0.769476345771179
"33" 4 0.313192245612532 0.774031430809968
"34" 4 0.30637046548085 0.751279951689199
"35" 4 0.31923145527099 0.78867081510421
"36" 4 0.314094026378083 0.788727008340876
"37" 4 0.301960445672398 0.788673521156599
"38" 4 0.313406785245491 0.757417980518674
"39" 4 0.311466374690649 0.78645074015314
"40" 4 0.322897793908684 0.773776838636827
"41" 5 0.323970489258983 0.745183974624716
"42" 5 0.313792232639592 0.702156803025969
"43" 5 0.315570420920412 0.748124887417773
"44" 5 0.336443917896978 0.760576932847955
"45" 5 0.323166133950915 0.738141503684359
"46" 5 0.332776043718576 0.751274542674809
"47" 5 0.332906031349992 0.766550867964944
"48" 5 0.317928318408937 0.739445712241052
"49" 5 0.325804268155761 0.757707229932827
"50" 5 0.323725974410735 0.742203084976942
"51" 6 0.269758656286966 0.699421789259646
"52" 6 0.268813797097008 0.659426961845284
"53" 6 0.268283232985978 0.675174015765163
"54" 6 0.267575680690247 0.631390618415668
"55" 6 0.265952390113677 0.674938158107588
"56" 6 0.250375025678295 0.663727545269871
"57" 6 0.273182094250883 0.685104351601364
"58" 6 0.270720188848678 0.644436483749483
"59" 6 0.270688069837025 0.660367183676531
"60" 6 0.262564644494778 0.663164787278631
"61" 7 0.284580447216694 0.751072586396147
"62" 7 0.28076547867762 0.741206585059757
"63" 7 0.288435928062121 0.763780047407391
"64" 7 0.287107105934147 0.741619971541636
"65" 7 0.288572654416679 0.753161599093368
"66" 7 0.283268370400714 0.752456393094837
"67" 7 0.277635684664795 0.771303659991944
"68" 7 0.276487892126432 0.763803038013718
"69" 7 0.278296524756072 0.734443925070088
"70" 7 0.286548765238412 0.74455121952935
"71" 8 0.305620655656662 0.701990287974766
"72" 8 0.308481080846465 0.700278923469732
"73" 8 0.315842450797953 0.719774813395999
"74" 8 0.298843594582855 0.708762940954476
"75" 8 0.294538644200881 0.720155634998354
"76" 8 0.295824918529532 0.716863540014197
"77" 8 0.29654966926581 0.734988887968849
"78" 8 0.288738679675236 0.734602055983831
"79" 8 0.281518382530298 0.703494532179137
"80" 8 0.299988642374193 0.70616437238413
"81" 9 0.32366544912235 0.745448449039456
"82" 9 0.337294441828353 0.757251103986581
"83" 9 0.335038380229934 0.735932275017521
"84" 9 0.324424578334102 0.734959286751969
"85" 9 0.333662260621537 0.765315007039493
"86" 9 0.32544035190074 0.745977779359601
"87" 9 0.33026170326765 0.740796760717475
"88" 9 0.331039367130279 0.759872300896724
"89" 9 0.33697255067612 0.764361345469423
"90" 9 0.320992412188213 0.7641490045492
"91" 10 0.300343023331207 0.660545497648597
"92" 10 0.308359254068462 0.693459091473944
"93" 10 0.30152090003096 0.67415215388422
"94" 10 0.311566714971911 0.692646901267586
"95" 10 0.307553315178574 0.671713234260716
"96" 10 0.315805192055714 0.671871740085785
"97" 10 0.322294388890782 0.691504209424549
"98" 10 0.302589757564234 0.699794813315322
"99" 10 0.30401208131694 0.677905480339567
"100" 10 0.309323379613514 0.6923025488425
"101" 11 0.281135482450009 0.778995692336027
"102" 11 0.287607510668367 0.756931054236213
"103" 11 0.280355020756903 0.759411113306635
"104" 11 0.283791176713399 0.747197018102334
"105" 11 0.294327725441058 0.770886230922039
"106" 11 0.274385479003301 0.75144987371306
"107" 11 0.29853253679028 0.762240285364537
"108" 11 0.302977193648576 0.764945929979033
"109" 11 0.300188592537707 0.783666033011149
"110" 11 0.296444246429774 0.763529715026435
"111" 12 0.265183006816758 0.687060345591095
"112" 12 0.26676157966003 0.670692396849484
"113" 12 0.266483150415222 0.691355044459918
"114" 12 0.269830772634602 0.683318727914176
"115" 12 0.269022871099608 0.69079455250473
"116" 12 0.266501030360035 0.681666788522074
"117" 12 0.27144949542867 0.675106456132481
"118" 12 0.268583183181284 0.676090297249466
"119" 12 0.255762828787547 0.675112557965346
"120" 12 0.271859252100601 0.666095053084766
"121" 13 0.308683703956124 0.766964794853515
"122" 13 0.31056060221273 0.768145765504398
"123" 13 0.316806435162076 0.7711002690383
"124" 13 0.308932305636364 0.764648082739598
"125" 13 0.324201522621212 0.793498661479525
"126" 13 0.315015230216781 0.775236845552812
"127" 13 0.309626200051416 0.744452401627115
"128" 13 0.303931822059856 0.769787776051713
"129" 13 0.305291674645444 0.758233664779701
"130" 13 0.313772771536221 0.780608673127164
"131" 14 0.284572889300084 0.675259091220574
"132" 14 0.279373841588512 0.669079492340684
"133" 14 0.281043269955147 0.66269871097358
"134" 14 0.293228796263834 0.676730525032735
"135" 14 0.300959620985685 0.661512756841994
"136" 14 0.286294684655229 0.666933305511128
"137" 14 0.306133399846576 0.695226305358791
"138" 14 0.305998825757861 0.713472685203581
"139" 14 0.28987293989814 0.658009331173624
"140" 14 0.291170276346166 0.680477637903483
"141" 15 0.268609566305388 0.668542323764874
"142" 15 0.288451089812677 0.687645039456533
"143" 15 0.290560539401848 0.680147883011236
"144" 15 0.277670120650943 0.638385023774225
"145" 15 0.290083564192282 0.684381490793271
"146" 15 0.295843858229523 0.689384382670819
"147" 15 0.289537840370566 0.693609055766986
"148" 15 0.291091900160239 0.682508447651192
"149" 15 0.285158432013634 0.638914078243303
"150" 15 0.302163558246099 0.697070029890311
"151" 16 0.288709434392797 0.680929765033284
"152" 16 0.287754603898685 0.679678623798698
"153" 16 0.26785626864329 0.667917392640279
"154" 16 0.275793372731365 0.661852056207917
"155" 16 0.278489036725382 0.671365283954935
"156" 16 0.275201938174779 0.655770775379794
"157" 16 0.280603328320085 0.67104893135646
"158" 16 0.275771455982971 0.676694157007759
"159" 16 0.27355904128752 0.649997688541286
"160" 16 0.275487114596115 0.670298704908235
"161" 17 0.281547066015219 0.797933686564069
"162" 17 0.279170796391653 0.791954233176493
"163" 17 0.289743480537669 0.770930584033212
"164" 17 0.267140507636172 0.735962452384264
"165" 17 0.286799450011466 0.816825550365989
"166" 17 0.264280272348488 0.766308923058613
"167" 17 0.277626745871799 0.74272037703423
"168" 17 0.276162934349684 0.793841275066309
"169" 17 0.280776738579996 0.772656881056837
"170" 17 0.281339806678493 0.788343384792412
"171" 18 0.267790687539656 0.706462348846699
"172" 18 0.267713430665022 0.673734024860074
"173" 18 0.265980440030495 0.683119920020404
"174" 18 0.268407495866605 0.688102685318135
"175" 18 0.273543996616491 0.696592251848268
"176" 18 0.263206092358411 0.681056663424115
"177" 18 0.271086714599 0.678099699332771
"178" 18 0.265658823731692 0.681949575953779
"179" 18 0.255076516943817 0.682174818368858
"180" 18 0.260572523004966 0.677957088568535
"181" 19 0.297571224462424 0.765761192671697
"182" 19 0.294500715726567 0.73186199742771
"183" 19 0.292272452547552 0.71960243799201
"184" 19 0.293633423693461 0.740581472459575
"185" 19 0.286854879093415 0.729181170210447
"186" 19 0.28229597020799 0.751888831127044
"187" 19 0.283189820636533 0.722963395542485
"188" 19 0.291858950877947 0.716127416547186
"189" 19 0.292474539448328 0.730186199563132
"190" 19 0.282584367949596 0.714847615631809
"191" 20 0.284461499536953 0.751179947455867
"192" 20 0.289318056300262 0.794419742048053
"193" 20 0.292504980770483 0.803634478359641
"194" 20 0.304611707782126 0.81111573926134
"195" 20 0.295536857127751 0.816398221234361
"196" 20 0.28872010832811 0.786891128206564
"197" 20 0.303027515321042 0.790997999108757
"198" 20 0.291505046050521 0.787442993195602
"199" 20 0.292923324063834 0.807131949265486
"200" 20 0.304629311173462 0.818597929002514
"201" 21 0.305836765017901 0.743654175884296
"202" 21 0.305157624698236 0.744397594135588
"203" 21 0.310919148320029 0.737927997612743
"204" 21 0.306066659081441 0.768095729825087
"205" 21 0.293472778742343 0.742134110436888
"206" 21 0.306507417504311 0.74494769012248
"207" 21 0.318860752953367 0.775516461928175
"208" 21 0.317827269953114 0.778661922234165
"209" 21 0.315712338854351 0.749176872908516
"210" 21 0.322134609734184 0.747162232033822
"211" 22 0.316318281360002 0.693051239804911
"212" 22 0.307896706475136 0.68761508691686
"213" 22 0.293022789324236 0.642439539777034
"214" 22 0.299285541267225 0.688794104108392
"215" 22 0.314931395669874 0.679783178468835
"216" 22 0.301073126891662 0.697519829320172
"217" 22 0.302568600781616 0.682802840276889
"218" 22 0.286991159456443 0.649386329764642
"219" 22 0.309182169576993 0.69543655999579
"220" 22 0.299966025092686 0.664085881295418
"221" 23 0.326125710706185 0.722475733183409
"222" 23 0.330940893179503 0.752401722328659
"223" 23 0.323785213722939 0.755257750488127
"224" 23 0.327957577470434 0.743495652835386
"225" 23 0.319510777449215 0.718641155882887
"226" 23 0.314524525951441 0.742602739396756
"227" 23 0.339835868690023 0.756668892799333
"228" 23 0.324085298166309 0.745289204049243
"229" 23 0.322359190233005 0.754932979730768
"230" 23 0.338873012432575 0.766293304442187
"231" 24 0.294223650279016 0.72099872359052
"232" 24 0.293621472867326 0.705764969517035
"233" 24 0.281307862331963 0.703966049841782
"234" 24 0.279098729848793 0.709619156363704
"235" 24 0.27575706483217 0.699344056727696
"236" 24 0.294967802933378 0.715992083115508
"237" 24 0.280440371132978 0.709175129990699
"238" 24 0.285285161476708 0.699942588257672
"239" 24 0.272040679246238 0.688182734460208
"240" 24 0.279011233424566 0.727364533972108
"241" 25 0.290891381012793 0.728699120477864
"242" 25 0.280839511040172 0.748272453635866
"243" 25 0.265814058265961 0.726589168058568
"244" 25 0.28466579521717 0.735187946831041
"245" 25 0.288133914674686 0.714506120247303
"246" 25 0.281838312477464 0.755431417000142
"247" 25 0.280158293183173 0.704261126683915
"248" 25 0.289103422352392 0.73108744935134
"249" 25 0.290681430131467 0.728292666577435
"250" 25 0.303674142981928 0.734758425191131
"251" 26 0.262823946133581 0.683264516199087
"252" 26 0.270058068645318 0.730389793401307
"253" 26 0.284405306470073 0.741454129794132
"254" 26 0.273965706872584 0.711127967030145
"255" 26 0.273377337195192 0.735765288668727
"256" 26 0.259968304602191 0.724231793182089
"257" 26 0.269025750876441 0.729405887418517
"258" 26 0.27434551693583 0.699089994485488
"259" 26 0.26243807600915 0.721041430018313
"260" 26 0.273872951565005 0.738918588557911
"261" 27 0.282394008479994 0.746123646013575
"262" 27 0.286764476329027 0.737707098578687
"263" 27 0.280718094276241 0.750052771650838
"264" 27 0.277569581799076 0.758835259373621
"265" 27 0.285624551062415 0.762513781040523
"266" 27 0.290751693033117 0.764162050259911
"267" 27 0.264733226994226 0.736719068176798
"268" 27 0.289411746550461 0.752315265265418
"269" 27 0.287363514794011 0.746158286855201
"270" 27 0.279458944332385 0.75480546336097
"271" 28 0.247472023135876 0.643878474357487
"272" 28 0.246288803905204 0.631438833577857
"273" 28 0.25948926272904 0.639264765909246
"274" 28 0.252036152311758 0.638423432078869
"275" 28 0.249258925343 0.648334114987633
"276" 28 0.240464253143951 0.636196930074806
"277" 28 0.245250852195258 0.609598816869104
"278" 28 0.245982583931445 0.637619692375226
"279" 28 0.248085490227546 0.620211563749682
"280" 28 0.257317082545874 0.663246358170862
"281" 29 0.311909837053814 0.743283671324441
"282" 29 0.305544422480068 0.758246096901231
"283" 29 0.302709710801039 0.732315499176011
"284" 29 0.2936687660497 0.711155155801585
"285" 29 0.295735865683221 0.73203638013878
"286" 29 0.288414326108493 0.739929956981582
"287" 29 0.308041170277362 0.748457919154035
"288" 29 0.303261929552441 0.715256288035498
"289" 29 0.318125896434238 0.751172690435583
"290" 29 0.318757493519798 0.736132741605261
"291" 30 0.287328238208096 0.728376870109877
"292" 30 0.288260037855457 0.729934720973976
"293" 30 0.271019348852937 0.72217521565524
"294" 30 0.270976417285971 0.707497549659212
"295" 30 0.277237679243824 0.727184644530197
"296" 30 0.266904862275812 0.707965306817823
"297" 30 0.285990750166132 0.724624939495075
"298" 30 0.28181832296417 0.699758417988678
"299" 30 0.272403677138444 0.713826786910429
"300" 30 0.284990230823419 0.70211275698261
"301" 31 0.253853094673257 0.69263709545481
"302" 31 0.249443846189292 0.714698839282458
"303" 31 0.241163448766923 0.680538971767216
"304" 31 0.255702885639314 0.707911936458849
"305" 31 0.249585532626084 0.705028467995907
"306" 31 0.253971183861086 0.695684741942486
"307" 31 0.231834071280096 0.665063090755201
"308" 31 0.229011383840196 0.690391722156365
"309" 31 0.255008427438313 0.716278985575803
"310" 31 0.251076612707593 0.677504823454396
"311" 32 0.264171663310279 0.736351464204294
"312" 32 0.273074176211661 0.747351458340231
"313" 32 0.279365540902561 0.730532189618418
"314" 32 0.271249744428217 0.755314317241875
"315" 32 0.274255723833702 0.739863646926398
"316" 32 0.272123400688104 0.737276068438428
"317" 32 0.274262121644336 0.762749733338306
"318" 32 0.260462815093726 0.731067941584091
"319" 32 0.259155768718745 0.738373805635281
"320" 32 0.265562571373314 0.757582594548742
"321" 33 0.314390379208091 0.732237942688753
"322" 33 0.294142630832032 0.727863383892302
"323" 33 0.309349044109695 0.720970666582628
"324" 33 0.313292830157174 0.738775511228108
"325" 33 0.296749087923225 0.708691454896301
"326" 33 0.308668929324359 0.732193243083166
"327" 33 0.316706027145124 0.726201979660616
"328" 33 0.301160797220743 0.717203106162736
"329" 33 0.307900094492468 0.72483756818449
"330" 33 0.299001447604423 0.713217090740877
"331" 34 0.267073523866118 0.665462694403312
"332" 34 0.26479526088479 0.664499631093513
"333" 34 0.261114891901875 0.642336921516718
"334" 34 0.241957971432741 0.656095415716878
"335" 34 0.245571399631175 0.668398788626995
"336" 34 0.264364629523368 0.684190928359188
"337" 34 0.262517765021401 0.676725033563212
"338" 34 0.270774477422845 0.693945275387604
"339" 34 0.262269156850907 0.665716442086302
"340" 34 0.270727448388395 0.657389780322375
"341" 35 0.276334743004431 0.720539841127925
"342" 35 0.256928093408551 0.688533693891918
"343" 35 0.253781170866428 0.694909604889575
"344" 35 0.268135072368126 0.688488098342542
"345" 35 0.248506049567558 0.694079119298735
"346" 35 0.264360538379453 0.737625083817552
"347" 35 0.261149837959794 0.686223230904174
"348" 35 0.266816354575056 0.699202203282046
"349" 35 0.260433080799132 0.688505502105038
"350" 35 0.24999663278573 0.685475309403332
"351" 36 0.292557028277915 0.72891791204446
"352" 36 0.294555924136114 0.724176661405677
"353" 36 0.285542574499927 0.728015502557
"354" 36 0.277906169529052 0.737327370902678
"355" 36 0.289768189324498 0.725585406994983
"356" 36 0.282963303009617 0.738330739080823
"357" 36 0.286453335460291 0.735580020202567
"358" 36 0.288068589187949 0.722185827560585
"359" 36 0.276753581203213 0.717426339588072
"360" 36 0.291883742724427 0.765226928781455
"361" 37 0.301924891031336 0.754892539192467
"362" 37 0.299316342307963 0.735191663701716
"363" 37 0.305518407493218 0.765165681224977
"364" 37 0.301181677730859 0.712618630841451
"365" 37 0.304542504237739 0.746141951083165
"366" 37 0.29219762523225 0.734255981218365
"367" 37 0.301761877658633 0.728411046858887
"368" 37 0.290536970396751 0.738795491402635
"369" 37 0.284259257740796 0.713180283657739
"370" 37 0.314959399774886 0.732421446162039
"371" 38 0.266004794733018 0.679444676056683
"372" 38 0.270360962581312 0.689569718700112
"373" 38 0.262352489346223 0.710129154497773
"374" 38 0.260281403253915 0.700458582915847
"375" 38 0.262118147186519 0.712064572367532
"376" 38 0.247066294275142 0.673612141918263
"377" 38 0.268682951788614 0.703602109684245
"378" 38 0.264365509972857 0.705971444183076
"379" 38 0.282697479735338 0.719381062369286
"380" 38 0.266461241135168 0.686369898370424
"381" 39 0.266679390532269 0.653995405843665
"382" 39 0.281744940800511 0.672663986970891
"383" 39 0.279299894666012 0.662456789179488
"384" 39 0.275883645810001 0.662205474934581
"385" 39 0.269526915702886 0.668853983995732
"386" 39 0.271240999000421 0.650632086587776
"387" 39 0.27385476787184 0.641007800229509
"388" 39 0.277424158680595 0.648575603233172
"389" 39 0.282306567339453 0.659365442238494
"390" 39 0.268453134976629 0.653435309980805
"391" 40 0.286548841709537 0.76328020117832
"392" 40 0.298753593946515 0.766613829971151
"393" 40 0.286699010179281 0.780449824991075
"394" 40 0.295170815017865 0.776451537764368
"395" 40 0.284949459954165 0.76960729293188
"396" 40 0.292973174369385 0.746458842963393
"397" 40 0.300534285031658 0.762827285189932
"398" 40 0.314955067771819 0.779226060428397
"399" 40 0.301277382754039 0.747446014355932
"400" 40 0.297631387000869 0.775953482725208
"401" 41 0.338368552315635 0.764982879780464
"402" 41 0.336584577645143 0.741932458477627
"403" 41 0.328533897425545 0.727039152785804
"404" 41 0.329335786228967 0.745958475662088
"405" 41 0.341645507062742 0.741676482167595
"406" 41 0.339121917795988 0.742801899233421
"407" 41 0.336632240567541 0.727945770211978
"408" 41 0.334078146898332 0.751797626881417
"409" 41 0.337290179940611 0.724080403945646
"410" 41 0.337913323527654 0.763361090095133
"411" 42 0.313911356873175 0.745568999911719
"412" 42 0.305993340737763 0.747796834616558
"413" 42 0.30823286857967 0.739959167654359
"414" 42 0.309761170107624 0.738863871515779
"415" 42 0.31659548446548 0.755235454346436
"416" 42 0.299794270981325 0.741189678035707
"417" 42 0.308387320393721 0.73284092281716
"418" 42 0.298853401857729 0.719266344887236
"419" 42 0.288951836005146 0.705084334989221
"420" 42 0.297162748832799 0.733025047759501
"421" 43 0.311287418902529 0.772549246893719
"422" 43 0.291212457406904 0.725420450468492
"423" 43 0.310557665961353 0.767828696520501
"424" 43 0.319240768280463 0.769315471103789
"425" 43 0.316800589025694 0.756410007652245
"426" 43 0.304791416782468 0.75995323969488
"427" 43 0.299011840242186 0.733351742912184
"428" 43 0.301690606514006 0.76523438542859
"429" 43 0.292074615434141 0.738966473547805
"430" 43 0.288469749798415 0.733906200702617
"431" 44 0.250311314221628 0.734583595476099
"432" 44 0.25365104528131 0.746922604150388
"433" 44 0.251538114109887 0.743819759963171
"434" 44 0.254927004055232 0.723390168920169
"435" 44 0.26603072370769 0.746408827972639
"436" 44 0.258500698153977 0.710926468129226
"437" 44 0.26204133117497 0.759704887163374
"438" 44 0.262045996029332 0.739869607942591
"439" 44 0.251693730851059 0.739145905572702
"440" 44 0.26346808619173 0.740258120032147
"441" 45 0.295760842894498 0.752993087435692
"442" 45 0.291023837027235 0.724952277763997
"443" 45 0.296704653690653 0.716970689656066
"444" 45 0.295920545942618 0.744473161155214
"445" 45 0.310756024326718 0.734671521396618
"446" 45 0.293299568912059 0.744281854751259
"447" 45 0.296993182849104 0.761393210613186
"448" 45 0.295889315748361 0.744342620273372
"449" 45 0.290012415002839 0.740657821121808
"450" 45 0.31284300011129 0.759016672769035
"451" 46 0.291267074636168 0.699012571022471
"452" 46 0.297122051031729 0.679291031907724
"453" 46 0.299722388608641 0.705758781502634
"454" 46 0.275394047513062 0.685566630300724
"455" 46 0.285844177082553 0.67822365332786
"456" 46 0.289172130026073 0.695566114577657
"457" 46 0.29217848386415 0.681716737673633
"458" 46 0.289990021226723 0.676992825865087
"459" 46 0.27735661167 0.689192415391988
"460" 46 0.299204508196562 0.695541918780212
"461" 47 0.317638138186695 0.829742538998407
"462" 47 0.290994569701046 0.817991642560534
"463" 47 0.306080665030247 0.824195526635307
"464" 47 0.30634553026653 0.813092917578069
"465" 47 0.301210064387672 0.79631327155893
"466" 47 0.304972128040185 0.795378191977318
"467" 47 0.309720782226162 0.800491405559917
"468" 47 0.313866125596523 0.815706561138113
"469" 47 0.308570065423859 0.804533513157944
"470" 47 0.30587302103778 0.823838943497074
"471" 48 0.293687871865043 0.794675835717522
"472" 48 0.286854258427034 0.783260401117187
"473" 48 0.300770903930614 0.755558248851493
"474" 48 0.304910424539025 0.782232741828077
"475" 48 0.294580274467445 0.756282225709542
"476" 48 0.294379495971023 0.771741797578561
"477" 48 0.289810634957261 0.793003406213714
"478" 48 0.290433108538699 0.775793486463066
"479" 48 0.301129957122579 0.777527822551421
"480" 48 0.288988171744184 0.746728908661893
"481" 49 0.288027244922091 0.752098098646835
"482" 49 0.292948784701262 0.720586832734159
"483" 49 0.292410747721978 0.779176459996921
"484" 49 0.287989997423485 0.732725107504609
"485" 49 0.292702779654753 0.774420324310457
"486" 49 0.290316405320347 0.733838519562306
"487" 49 0.282004263751329 0.73433333568725
"488" 49 0.280153737669753 0.714304737611636
"489" 49 0.28200234092458 0.761998749004498
"490" 49 0.287908295682802 0.761583764344739
"491" 50 0.302740161395792 0.739132273448324
"492" 50 0.288530711142085 0.725604778957859
"493" 50 0.286400202942291 0.736101791714716
"494" 50 0.29329223210639 0.738585835582151
"495" 50 0.298098093123694 0.722084433223679
"496" 50 0.281521858026108 0.724660719444584
"497" 50 0.303096120732047 0.761434270896046
"498" 50 0.298280924254486 0.721723057309832
"499" 50 0.292834369488146 0.728428102015892
"500" 50 0.297576674348415 0.718326221828253
"501" 51 0.328206056575067 0.762277373673966
"502" 51 0.301301419885169 0.748511869519732
"503" 51 0.325427367946487 0.767734230936332
"504" 51 0.312697808754855 0.766866020163744
"505" 51 0.314022709226017 0.766664183972578
"506" 51 0.307604054780615 0.758773923579537
"507" 51 0.305328954596247 0.75633637384233
"508" 51 0.312286094808661 0.757950475243119
"509" 51 0.306151148154523 0.752124101954129
"510" 51 0.309297498258803 0.771499312199941
"511" 52 0.263010218740692 0.753525603982877
"512" 52 0.270232593087177 0.7712648291931
"513" 52 0.264321200297072 0.774234034341877
"514" 52 0.270205996311506 0.761049158172278
"515" 52 0.258115168003532 0.761763735827634
"516" 52 0.266635511615917 0.764437690539963
"517" 52 0.271697032600616 0.754250285925651
"518" 52 0.285083041605447 0.77439949374917
"519" 52 0.257039706397885 0.74448925396336
"520" 52 0.278569751911423 0.755408184375834
"521" 53 0.272528961853124 0.706769569778729
"522" 53 0.292707627725636 0.715022363975046
"523" 53 0.28628843887178 0.703137781175723
"524" 53 0.281213168977258 0.684604845469498
"525" 53 0.28390031305261 0.719749564480163
"526" 53 0.287072533368485 0.666469560271669
"527" 53 0.291112152168323 0.714250831361477
"528" 53 0.290985466571406 0.71080463806599
"529" 53 0.279928426608786 0.678505492753945
"530" 53 0.286791902597723 0.665526212136662
"531" 54 0.3007365337902 0.775879891274257
"532" 54 0.278197652719058 0.753934993736274
"533" 54 0.299231952195564 0.762299031286491
"534" 54 0.281905989771755 0.74374513172935
"535" 54 0.283348499243161 0.778537305633441
"536" 54 0.288930226705532 0.759208531078289
"537" 54 0.283348931649094 0.733270214508806
"538" 54 0.294040092045613 0.744393356966857
"539" 54 0.291643321551763 0.788980353378414
"540" 54 0.276246071382964 0.769795274413
"541" 55 0.273248808643813 0.693318809842164
"542" 55 0.288886880896599 0.712842822088996
"543" 55 0.28641548516709 0.704124526269183
"544" 55 0.281964518471596 0.685842194380444
"545" 55 0.276903125956861 0.688742192492496
"546" 55 0.280551130006173 0.676262016296551
"547" 55 0.279681448592981 0.704765019628447
"548" 55 0.283822007352693 0.66308811440521
"549" 55 0.285438771811566 0.697358836967055
"550" 55 0.270785060108212 0.700002440778505
"551" 56 0.296712213343413 0.780698928382511
"552" 56 0.296257081757699 0.73395611657124
"553" 56 0.293779093892985 0.748925504114515
"554" 56 0.305482400041739 0.738718219934751
"555" 56 0.298122453957439 0.749163229376171
"556" 56 0.296559176542037 0.757597931577479
"557" 56 0.294740655426148 0.730583405882504
"558" 56 0.303623059684081 0.742431472255951
"559" 56 0.287073335625348 0.740602496255258
"560" 56 0.300623931322982 0.734932498474965
"561" 57 0.254512552758641 0.675973220330065
"562" 57 0.255985104902768 0.653659396022667
"563" 57 0.238746378200565 0.664308427237801
"564" 57 0.250996171176492 0.661578532444512
"565" 57 0.246999118670721 0.657212010318403
"566" 57 0.247917236240524 0.64422256880113
"567" 57 0.232930933832503 0.656951084242047
"568" 57 0.257679096419399 0.65241682201178
"569" 57 0.250244067894828 0.655235339642109
"570" 57 0.252148651228188 0.656305190795615
"571" 58 0.309004814045085 0.772095146954513
"572" 58 0.31343577289483 0.777435946981038
"573" 58 0.315695405274762 0.779212215812551
"574" 58 0.294920301620738 0.765392850181596
"575" 58 0.31212342717322 0.785465027130426
"576" 58 0.309469280645125 0.749784550874955
"577" 58 0.31431632690735 0.762508256363864
"578" 58 0.324595365718924 0.773816013888152
"579" 58 0.304704565137933 0.737594768156561
"580" 58 0.294976597433393 0.726424664435652
"581" 59 0.284875077304114 0.759776348126713
"582" 59 0.281294682789173 0.767353019237359
"583" 59 0.28003760064761 0.776278968609786
"584" 59 0.281533803948501 0.790784045290439
"585" 59 0.267350850515098 0.740277374174171
"586" 59 0.279217584797277 0.763199391822109
"587" 59 0.27112619903472 0.750088869250933
"588" 59 0.27361046194703 0.766410927105746
"589" 59 0.272917993796636 0.743307685804819
"590" 59 0.273218237829538 0.762865330227628
"591" 60 0.290088545896828 0.740689473622122
"592" 60 0.299708131706103 0.759493056307306
"593" 60 0.296028245440117 0.7474822138869
"594" 60 0.290639939592355 0.740784784427059
"595" 60 0.291194367836659 0.739580768660498
"596" 60 0.284937556243238 0.769239933330874
"597" 60 0.290177005698307 0.750741573416275
"598" 60 0.276530891630897 0.74199227145627
"599" 60 0.28774771662778 0.744833943356928
"600" 60 0.299069546144624 0.746402326541938
"601" 61 0.274615358656352 0.758855674232153
"602" 61 0.280004311880629 0.724500992047996
"603" 61 0.279254208867501 0.784821692497396
"604" 61 0.267706580786881 0.731097087534538
"605" 61 0.272448956304334 0.741930417253383
"606" 61 0.284268665246381 0.743417298623519
"607" 61 0.272433692451617 0.755600754396061
"608" 61 0.272661745333988 0.76090069365455
"609" 61 0.266551107777233 0.770255581471366
"610" 61 0.269840947310242 0.747484410436362
"611" 62 0.293929195074387 0.706299416308274
"612" 62 0.296297818351595 0.6939849260781
"613" 62 0.288741308275525 0.704920290196122
"614" 62 0.301426180898221 0.71488401366975
"615" 62 0.3002232625291 0.69769004149655
"616" 62 0.296340963524675 0.711537095189861
"617" 62 0.30191710471087 0.698047005870744
"618" 62 0.296785584326558 0.707104292143224
"619" 62 0.300820578707911 0.717161534346199
"620" 62 0.294962024065818 0.723568207967019
"621" 63 0.333603432098224 0.710057571981763
"622" 63 0.317595896988444 0.673935742152627
"623" 63 0.326757588648891 0.720013965484414
"624" 63 0.324862019284035 0.725941876252787
"625" 63 0.323038351256527 0.716611509408548
"626" 63 0.326900896650196 0.709870220291501
"627" 63 0.321232563948672 0.687868709815027
"628" 63 0.322065885285455 0.714315503430255
"629" 63 0.329420558146377 0.676209848242302
"630" 63 0.318122271660097 0.68924457381462
"631" 64 0.299047968229325 0.760325110967288
"632" 64 0.313382216625904 0.794158760442961
"633" 64 0.306205935243827 0.79102876609262
"634" 64 0.300827213309363 0.769537274809244
"635" 64 0.317843064750226 0.769557046039993
"636" 64 0.301073128140534 0.751778479047471
"637" 64 0.317472873439076 0.788750249660436
"638" 64 0.29848465649645 0.768090514289538
"639" 64 0.292764904369733 0.76588689951785
"640" 64 0.305252806506152 0.778474893702255
"641" 65 0.338211687385725 0.784820058022212
"642" 65 0.333864084123796 0.816411333923073
"643" 65 0.327794447422964 0.80052056592011
"644" 65 0.337197937733801 0.79916334164791
"645" 65 0.336576174575401 0.79450482343885
"646" 65 0.331848929134699 0.778871563058752
"647" 65 0.333349713469847 0.79199537073339
"648" 65 0.327693522519839 0.779733002582632
"649" 65 0.333241243752221 0.7703275405559
"650" 65 0.326456880053634 0.781795209352223
"651" 66 0.29047465801103 0.742425950897428
"652" 66 0.282523374398497 0.714522499947426
"653" 66 0.301077524880746 0.767404689353719
"654" 66 0.296115062404763 0.742310877994315
"655" 66 0.280034647130935 0.724548473235227
"656" 66 0.283794886227568 0.704724020193857
"657" 66 0.2958601551685 0.745718250659619
"658" 66 0.271346367161334 0.734555831941188
"659" 66 0.285580119452357 0.72787939040529
"660" 66 0.300634627512371 0.765344928980003
"661" 67 0.26178125047289 0.650022975430502
"662" 67 0.256473447092776 0.658630172822042
"663" 67 0.253972661203738 0.670905325443217
"664" 67 0.24378827106933 0.643882192675485
"665" 67 0.270215909232736 0.656985218920817
"666" 67 0.261392029882864 0.663564882275354
"667" 67 0.26328323604333 0.684419104769883
"668" 67 0.260773905269594 0.643152007565895
"669" 67 0.263274366033768 0.675749853243333
"670" 67 0.265298276785631 0.665455549561703
"671" 68 0.273424898678367 0.750974217895334
"672" 68 0.257271473631927 0.750109912792772
"673" 68 0.250845308010265 0.721382552198049
"674" 68 0.269263853660528 0.751116307558682
"675" 68 0.265543518154702 0.741005063033917
"676" 68 0.284073211635943 0.737939167598706
"677" 68 0.274303534064723 0.734527152650336
"678" 68 0.266034219191616 0.742413496201674
"679" 68 0.268695178869636 0.733330543294989
"680" 68 0.263780079238916 0.73376067533423
"681" 69 0.240442069914271 0.641602964318157
"682" 69 0.256812250722876 0.696171868799593
"683" 69 0.249772218369914 0.657260174997218
"684" 69 0.256070878279822 0.696778394849965
"685" 69 0.255669274268194 0.649908159747325
"686" 69 0.247257391247357 0.672038355467134
"687" 69 0.262248242615518 0.670604816671775
"688" 69 0.243687968187751 0.642111914229872
"689" 69 0.261924914173213 0.664015898540498
"690" 69 0.235932229325096 0.651004340284569
"691" 70 0.240539255846142 0.649549167439898
"692" 70 0.230720522523669 0.645325406880979
"693" 70 0.246569021650017 0.66476207685291
"694" 70 0.23743560238732 0.644608086806069
"695" 70 0.249865278638576 0.654928313407785
"696" 70 0.245294107783967 0.642296807367412
"697" 70 0.242335027008043 0.644204416487841
"698" 70 0.248945119099535 0.638997602396395
"699" 70 0.241193301086675 0.654615314939558
"700" 70 0.230653003985567 0.624457284351635
"701" 71 0.293100190642085 0.728805549340938
"702" 71 0.299687025063448 0.727630844856201
"703" 71 0.2907276869076 0.735607651223607
"704" 71 0.303179679652669 0.758377804221283
"705" 71 0.298442762550555 0.743466089443512
"706" 71 0.31847693426164 0.781105738171442
"707" 71 0.29663276034942 0.760089639942744
"708" 71 0.303316626689649 0.747010092721197
"709" 71 0.288619239422951 0.725866333166891
"710" 71 0.311201949395768 0.77435670052026
"711" 72 0.285124477975169 0.727067365325968
"712" 72 0.275830054196991 0.741753993322052
"713" 72 0.293238493074645 0.760313851912073
"714" 72 0.290605324227826 0.755168817827711
"715" 72 0.285131714112236 0.738706351945063
"716" 72 0.282461337740813 0.754714597681065
"717" 72 0.292478774754978 0.76983764968383
"718" 72 0.287328334061601 0.74922247938194
"719" 72 0.294813798000124 0.782422044040099
"720" 72 0.299385721796331 0.786470087138717
"721" 73 0.342571235566144 0.773153887751643
"722" 73 0.333537133901779 0.758545626425462
"723" 73 0.34089269221579 0.766856314410545
"724" 73 0.342614335224787 0.752972507792241
"725" 73 0.349253192940047 0.782927524824082
"726" 73 0.346761577168935 0.744769419942974
"727" 73 0.355537677452203 0.755166523209689
"728" 73 0.344650025865186 0.745132796671265
"729" 73 0.346526424691648 0.776263964396628
"730" 73 0.345578779240341 0.770337178818876
"731" 74 0.274810528988755 0.67301324770397
"732" 74 0.295402259161084 0.674710917111177
"733" 74 0.293417192701888 0.658968797303903
"734" 74 0.282081740626856 0.664831507976743
"735" 74 0.287713485951569 0.68442238443119
"736" 74 0.279192707631359 0.643097620391178
"737" 74 0.272290638197606 0.629393378546538
"738" 74 0.287960181402664 0.656487298046245
"739" 74 0.279421570681749 0.656517722994631
"740" 74 0.285575685981079 0.646408843865884
"741" 75 0.308895615723522 0.715014208477981
"742" 75 0.316315555446078 0.722955225751458
"743" 75 0.303928618894526 0.701069114684735
"744" 75 0.317172481714924 0.709494583346005
"745" 75 0.307808757977352 0.701796342031343
"746" 75 0.311743120684943 0.707135801007661
"747" 75 0.297094276479135 0.692665712724987
"748" 75 0.305419157393632 0.704461164933747
"749" 75 0.301242243493544 0.714846059237215
"750" 75 0.31973373816098 0.727790899037901
"751" 76 0.282454296929484 0.770222484700727
"752" 76 0.284823623334518 0.789946787144899
"753" 76 0.286887121202525 0.790439824589738
"754" 76 0.277477713923458 0.790492670420685
"755" 76 0.287302267004002 0.784097939249829
"756" 76 0.279495965468591 0.787781882374676
"757" 76 0.278967874243161 0.765296003145698
"758" 76 0.279792421007634 0.778724895624609
"759" 76 0.28248957421484 0.791047634397766
"760" 76 0.305916103942091 0.8010313901407
"761" 77 0.329004723169766 0.845191686118759
"762" 77 0.330002114835345 0.853035176139129
"763" 77 0.329306965929862 0.819110416641215
"764" 77 0.313762969702778 0.813796492966162
"765" 77 0.316458124547628 0.821379811886764
"766" 77 0.321561958592218 0.830808526662
"767" 77 0.324211027835518 0.823076463020717
"768" 77 0.309321957696485 0.807719114708609
"769" 77 0.321776039737628 0.861932003649663
"770" 77 0.315521207862549 0.817981983350083
"771" 78 0.282312664361982 0.694770790943354
"772" 78 0.2777456343317 0.653191637693532
"773" 78 0.265945899705675 0.655772910477374
"774" 78 0.266497921417678 0.649097886472516
"775" 78 0.277252471753078 0.663147374592827
"776" 78 0.268670824835363 0.647621766264
"777" 78 0.258929543543484 0.635296973755625
"778" 78 0.262803466173162 0.659880336414536
"779" 78 0.267371124387315 0.680862950787658
"780" 78 0.275356699253309 0.648237746539477
"781" 79 0.27033777054885 0.763485900300499
"782" 79 0.253386597915648 0.73355427963311
"783" 79 0.268412966015666 0.741593554928689
"784" 79 0.258141501387677 0.744638738019973
"785" 79 0.256710142142733 0.739053326290037
"786" 79 0.266984594719496 0.77385332902723
"787" 79 0.268272091510039 0.751045760769691
"788" 79 0.254105229137723 0.745121528873743
"789" 79 0.261821552796905 0.75863648189393
"790" 79 0.264881811535455 0.752408807563776
"791" 80 0.312602177295356 0.703443899332421
"792" 80 0.328101498972519 0.696694486175872
"793" 80 0.323210909786418 0.70440823874417
"794" 80 0.311360252013645 0.675330816948323
"795" 80 0.318520118195139 0.681467039852713
"796" 80 0.317609936503501 0.697237643265296
"797" 80 0.314459153165139 0.704586229194186
"798" 80 0.31490124433318 0.687252581276755
"799" 80 0.314809819606865 0.703347366433187
"800" 80 0.312932716955501 0.689750930027615
"801" 81 0.282315874271772 0.644947424734931
"802" 81 0.283168507896475 0.620126793881192
"803" 81 0.270257229197955 0.620108480061241
"804" 81 0.276860326332386 0.63076522534638
"805" 81 0.270346490495297 0.633622204086842
"806" 81 0.276424792909624 0.619097191740746
"807" 81 0.260443963953458 0.623412318509418
"808" 81 0.265540439415206 0.626343267862323
"809" 81 0.264811738554884 0.602084436123271
"810" 81 0.273375618947922 0.630203313653176
"811" 82 0.282663713197945 0.731183411622634
"812" 82 0.286615410970797 0.73269662820404
"813" 82 0.283437207861742 0.74601790877649
"814" 82 0.268516788503316 0.718875197875841
"815" 82 0.290881234081935 0.7369618041178
"816" 82 0.271430176376895 0.710800400344936
"817" 82 0.286183870357396 0.733280717331158
"818" 82 0.275648431335876 0.713163064938706
"819" 82 0.283500802959949 0.710984101280825
"820" 82 0.284796686553606 0.726453317083872
"821" 83 0.260780595031876 0.73138444328682
"822" 83 0.281958738793076 0.777398501367931
"823" 83 0.272933795927113 0.744572341388611
"824" 83 0.267379936908428 0.746805688311828
"825" 83 0.272420864072701 0.753786467421216
"826" 83 0.274456984813803 0.737866695282931
"827" 83 0.27386221602213 0.766401137104351
"828" 83 0.285041033436572 0.771213962771731
"829" 83 0.28673934990652 0.767435377510898
"830" 83 0.278076481947174 0.752035460544685
"831" 84 0.298437372469415 0.725929151732849
"832" 84 0.29329541979744 0.752577764242672
"833" 84 0.294181477570777 0.734306789874818
"834" 84 0.29729571094949 0.74991530714528
"835" 84 0.309348363580414 0.756174233492697
"836" 84 0.299860829032132 0.737988693139119
"837" 84 0.294932015485533 0.736341948685219
"838" 84 0.289955170712229 0.723048928115375
"839" 84 0.297483744785322 0.750292472778311
"840" 84 0.298119246380921 0.737616610329468
"841" 85 0.290804519588996 0.708018034128676
"842" 85 0.271583859205694 0.670894108192865
"843" 85 0.287957582814768 0.69018921949404
"844" 85 0.287719581278469 0.682131798277944
"845" 85 0.285414902251562 0.681775718629184
"846" 85 0.295464167632526 0.720114534434096
"847" 85 0.288474684538195 0.678566305164606
"848" 85 0.289473326284366 0.691779600593128
"849" 85 0.293525281729191 0.692456247267827
"850" 85 0.277878954554476 0.68170142809992
"851" 86 0.275840813382898 0.699591469915568
"852" 86 0.290582867187207 0.700527834976692
"853" 86 0.28875824286714 0.707340158209935
"854" 86 0.270903235102121 0.689103138381625
"855" 86 0.289136664814295 0.714873647423328
"856" 86 0.273223349426368 0.704388500426723
"857" 86 0.269208907334891 0.680448023060898
"858" 86 0.276666469395436 0.710059537117255
"859" 86 0.288711527695443 0.744450964062372
"860" 86 0.274008985812669 0.697071435121354
"861" 87 0.282350041056372 0.694326147082051
"862" 87 0.292664090600907 0.722681288533261
"863" 87 0.290579841398219 0.698555661783569
"864" 87 0.294076783401146 0.725098791061983
"865" 87 0.292705571420644 0.712166860548216
"866" 87 0.299930371673431 0.733032051902603
"867" 87 0.285239724185824 0.703457394781368
"868" 87 0.282290379643175 0.700857999850036
"869" 87 0.279331780112045 0.704611492780781
"870" 87 0.28363371097398 0.704722053677827
"871" 88 0.309095512682649 0.698179578267878
"872" 88 0.305811311113272 0.692832207863254
"873" 88 0.29685923400795 0.692198823292997
"874" 88 0.297455288854605 0.687873877467506
"875" 88 0.304368952876199 0.712851905065178
"876" 88 0.290887547158537 0.687995972337421
"877" 88 0.306494293674375 0.713813555107292
"878" 88 0.29246855247672 0.706178429808846
"879" 88 0.279678149909102 0.715593863745068
"880" 88 0.293982101517622 0.71150780167175
"881" 89 0.275686378715647 0.68193559989513
"882" 89 0.267900514730147 0.70022963146287
"883" 89 0.286306461738449 0.690005030329497
"884" 89 0.271199978839805 0.663240339616484
"885" 89 0.264155684401062 0.645678303580719
"886" 89 0.274674836478173 0.669850158344063
"887" 89 0.273423502173414 0.669310139777812
"888" 89 0.271454189296322 0.661336104335365
"889" 89 0.284387188296877 0.659970748224543
"890" 89 0.26850476519439 0.665958774739028
"891" 90 0.253399909768562 0.770181056571822
"892" 90 0.259856002974621 0.790096208862524
"893" 90 0.262603337655138 0.764378494869403
"894" 90 0.271991660600665 0.777497787319277
"895" 90 0.269547724965953 0.775646847535481
"896" 90 0.255673543153927 0.80402575268023
"897" 90 0.262003227461824 0.763910533226551
"898" 90 0.248726522363101 0.765815140744836
"899" 90 0.26536843770544 0.767095992473303
"900" 90 0.259067994140238 0.762019167290555
"901" 91 0.303527581651213 0.651381430484074
"902" 91 0.306484810917327 0.660911367780426
"903" 91 0.301684914230706 0.631425028636874
"904" 91 0.30059863434433 0.657730203153074
"905" 91 0.312501850226917 0.680806825486114
"906" 91 0.308671417141087 0.645656538752065
"907" 91 0.31638373110059 0.685135036870222
"908" 91 0.292728156741678 0.635952361222834
"909" 91 0.300283448777646 0.665827765252585
"910" 91 0.320083561815263 0.662280425885351
"911" 92 0.237976505971405 0.674540269101517
"912" 92 0.240126279740934 0.664948703243314
"913" 92 0.257094826967514 0.67265163122332
"914" 92 0.253665803648991 0.693575832249779
"915" 92 0.24766171265538 0.661722693004944
"916" 92 0.236130111649477 0.656794129481459
"917" 92 0.247203648103248 0.677150590855536
"918" 92 0.252760733440311 0.666876785651546
"919" 92 0.245756515305492 0.647136309080395
"920" 92 0.232902205039168 0.693694711550693
"921" 93 0.296117960763612 0.715277081631657
"922" 93 0.280023482708768 0.711580055845858
"923" 93 0.283104410004648 0.718986506597319
"924" 93 0.281498212261426 0.719388939583342
"925" 93 0.288928376080943 0.725309405568951
"926" 93 0.279298646593941 0.740282521147012
"927" 93 0.287128354125725 0.707872724229582
"928" 93 0.288313245905691 0.70456190379335
"929" 93 0.289375811298153 0.684777928837176
"930" 93 0.275090198834186 0.717985847766808
"931" 94 0.263565677500629 0.730649669819157
"932" 94 0.257679533091148 0.708909724397349
"933" 94 0.253713749685737 0.716701729496483
"934" 94 0.264568244040471 0.729553024968502
"935" 94 0.256946369475178 0.707319648370856
"936" 94 0.263560159693019 0.716931555438614
"937" 94 0.259457573544551 0.715520096965565
"938" 94 0.260684635074716 0.733818553518484
"939" 94 0.269590799030981 0.729190508119469
"940" 94 0.269967776921863 0.716027387658939
"941" 95 0.286033089264923 0.699214166661392
"942" 95 0.296743491980814 0.70888633700871
"943" 95 0.26903353849109 0.689407625885258
"944" 95 0.280998209490918 0.703051375281531
"945" 95 0.281181909596353 0.690252676008109
"946" 95 0.276403909928961 0.702941762126342
"947" 95 0.280962155357071 0.711059624242496
"948" 95 0.289459102195695 0.706584335749965
"949" 95 0.274340534361315 0.662155703529665
"950" 95 0.284509249973714 0.707145814542142
"951" 96 0.266929138642209 0.683480494696866
"952" 96 0.268852954985582 0.666361515157764
"953" 96 0.273354819968133 0.706299684356003
"954" 96 0.261963773654739 0.684688348998115
"955" 96 0.25990428097905 0.655543406012479
"956" 96 0.274014149557864 0.675987702811657
"957" 96 0.277075168198286 0.693659611392503
"958" 96 0.274994578164762 0.695409278529565
"959" 96 0.277853001619657 0.676559124213895
"960" 96 0.272800680055608 0.683641806661516
"961" 97 0.267346129379564 0.718428301378566
"962" 97 0.272399410679307 0.726316222298539
"963" 97 0.269280184893489 0.732363239998117
"964" 97 0.264588333058125 0.729017062363427
"965" 97 0.261574742200742 0.752374628218901
"966" 97 0.264054560954998 0.756659585945301
"967" 97 0.264577672454411 0.711469014531951
"968" 97 0.265533656592283 0.72260458162461
"969" 97 0.26276466073368 0.733224975035056
"970" 97 0.26471156079138 0.741400880512366
"971" 98 0.283007756318504 0.78654781848868
"972" 98 0.284580793413934 0.765337350777342
"973" 98 0.29250848879763 0.791142262755287
"974" 98 0.282668663782574 0.793280890628728
"975" 98 0.296740246845675 0.805548378516931
"976" 98 0.291580090394228 0.785997265040373
"977" 98 0.283331776283505 0.762992934788149
"978" 98 0.280764868037009 0.779904885417312
"979" 98 0.278233358547628 0.79345676224267
"980" 98 0.287228967714009 0.799215570428762
"981" 99 0.312949083124414 0.706829133988293
"982" 99 0.306030769151693 0.711878938985748
"983" 99 0.314401647401763 0.715683420783985
"984" 99 0.313211772876291 0.734652224946775
"985" 99 0.296983368360483 0.71146316199686
"986" 99 0.310005425590209 0.747446017698778
"987" 99 0.301642088511848 0.731768329254568
"988" 99 0.307544509345643 0.692059937410356
"989" 99 0.297210023705396 0.710882541387794
"990" 99 0.326122888277783 0.747263116025624
"991" 100 0.304548272434215 0.766926237654164
"992" 100 0.289471368329489 0.765261821176902
"993" 100 0.300363135994034 0.755999485191344
"994" 100 0.292465266784351 0.757755756334737
"995" 100 0.294912155351892 0.754730667297134
"996" 100 0.294177739230157 0.796741484989079
"997" 100 0.303871318306938 0.789019692557817
"998" 100 0.309571862230991 0.776751066637743
"999" 100 0.300656314250063 0.762167490256737
"1000" 100 0.29236486497386 0.772429225864848
