1152.921 1160.537 1159.319 1157.23 1167.804 1176.258 1179.055 1187.841 1165.177 1164.827 1165.419 1129.039 1118.648 1093.287 1063.179 1010.935 982.695 957.5677 933.3028 911.4074 882.0602 858.0457 827.8389 783.7748 751.0462 722.2117 702.5637 658.2898 629.456 601.6278 578.2405 540.7546 510.5824 471.2891 435.2412 401.154 371.1333 328.7753 308.7048 278.3775 239.6978 228.9163 207.1756 227.6611 192.8392 165.392 120.8203 120.7466 NA NA
1852.871 1928.31 1934.685 2004.685 2020.762 2122.198 2109.96 2198.658 2258.719 2340.672 2380.032 2366.584 2432.528 2380.823 2366.23 2330.683 2375.167 2318.365 2382.99 2427.359 2451.3 2546.519 2380.519 2249.412 2308.459 2408.52 2604.222 2602.201 2577.902 2529.516 2627.392 2539.769 2605.593 2581.417 2439.34 2414.462 2276.099 2019.768 1824.835 1748.586 1828.288 1744.442 1900.838 3329.861 52540.7 1805199 1460162 724995.1 NA NA
1823.863 1911.443 2087 2164.032 2157.135 2247.878 2264.905 2200.99 2247.558 2356.709 2363.154 2511.226 2612.389 2633.458 2623.301 2391.536 2318.702 2152.7 2203.128 2106.381 2051.144 2150.158 2061.103 1921.866 1854.686 1830.138 1920.483 1879.939 2021.99 1943.552 1797.196 1980.595 1777.251 1880.319 1996.297 1843.409 1760.488 1935.529 2912.848 5527.469 9583.341 19801.36 8392.45 6413.587 7793.083 19731.68 16978.95 24633.07 NA NA
834.7081 829.7709 830.9 826.0485 818.1498 802.7313 800.014 785.087 776.4245 757.1964 739.5955 719.9012 713.098 696.2495 676.1832 666.2347 637.3697 621.7533 609.0235 597.3221 580.8394 557.2486 546.9986 518.2048 492.2999 462.7054 436.7576 411.1252 396.9975 384.414 355.0061 327.8898 308.0884 293.1134 281.2865 254.2127 234.259 219.5414 234.7242 207.4754 204.1187 164.2458 139.5401 110.4511 88.23667 68.81238 50.07669 80.4145 NA NA
5318.073 7523.68 7272.509 7820.237 8344.473 9182.422 9502.595 9706.179 10406.2 11510.52 12064.17 12324.03 13915.58 15110.77 16515.31 20875.39 19829.04 17249.81 17235.9 21614.2 29430.71 34800.6 47501.52 41325.31 46479.07 75576.55 68379.35 70087.33 91824.74 74165.79 81551.7 61375.33 92788.5 128443 247469.9 271233.2 780040 974146.8 1196435 477507.7 345488.7 917369.1 1068238 8842530 34323223 683938387 205335635 332816.2 NA NA
21599.97 31694.02 38179.72 47739.5 49393.73 63066.31 73498.84 79140.49 80071.71 115006.4 120503.8 113815.2 156133.5 160926.1 180643.3 168977.1 215868.2 191432.6 173302 206051.1 186819.8 257039.2 240683 192469.7 442237.7 393407 496937.1 428078.4 661891.5 1325616 944622.8 1069844 907994.1 1055713 951480.2 564398.4 546201.2 875384.5 1183174 19625377 15795650 35087210 58923562 15230242 2478083 808221.4 4311962097 15957259374 NA NA
7181.505 8351.172 8045.915 9196.128 9047.523 9941.272 9912.137 10643.69 9875.098 10771.45 10449.93 9676.456 10827.08 10649.06 11532.98 13667.1 12844.86 12351.75 10709.92 10342.67 9889.966 10329.57 9482.005 9407.87 9062.747 9209.715 8465.083 9003.122 8575.785 9724.818 10237.91 7553.589 7506.635 7090.153 5969.853 6341.337 6739.277 7156.277 7100.842 10491.57 14379.79 15329.4 38273.82 33971.38 12269.45 5403.456 2328.529 5335067 NA NA
2310.039 2353.604 2356.66 2323.772 2303.244 2413.447 2501.731 2389.691 2256.492 2219.643 2209.505 2132.196 2038.262 1909.69 1882.042 1900.081 1861.633 1765.624 1631.953 1507.73 1411.764 1365.295 1272.115 1224.901 1184.026 1160.496 1118.314 1092.093 1167.891 1088.288 1103.607 975.1728 849.7369 745.9478 654.5114 598.539 561.7421 578.1 563.8322 453.5406 370.8801 505.8818 420.1731 310.4659 241.6024 174.3291 117.3715 317.9798 NA NA
2090.311 2237.634 2290.081 2295.251 2317.96 2294.871 2329.28 2253.697 2160.202 2096.98 2034.819 1977.269 1908.274 1810.102 1762.155 1738.464 1699.654 1650.189 1649.817 1573.248 1503.965 1435.952 1350.022 1311.102 1289.645 1258.781 1155.97 1119.145 1063.582 1000.62 916.6674 848.3733 776.2203 741.8624 760.2805 707.1409 672.7293 596.2761 555.5701 500.9285 415.4318 386.8035 310.117 271.6735 216.6727 164.2176 150.9722 357.5181 NA NA
2277.209 2507.615 2665.703 2793.872 2940.864 2915.942 2991.892 2932.006 2907.897 2933.995 2884.779 2929.451 2982.358 3030.023 2978.28 3095.024 3071.838 3230.568 3101.896 3011.754 2920.478 2645.676 2688.737 2562.636 2702.355 2759.474 2913.226 2922.891 3088.179 3342.514 3563.62 3625.902 4040.471 4229.378 4153.206 5421.506 8129.668 6141.974 4791.839 6117.196 11441.67 20261.66 22824.86 25091.31 25131.78 114539.2 9571.044 3181.681 NA NA
43261.15 87458.29 107118.5 139684.7 191425.3 296904.5 319214.1 391216 435783.5 645171.9 945608.6 1067736 1283031 1556859 1696704 1815442 1975154 2434403 3091728 3993305 5260574 9172321 9997314 9495509 10655192 12411446 13373753 17949591 25726648 34919469 36209627 47544770 80444995 116123599 133572464 206133431 181609922 495592417 425809495 753071710 11172813812 7850434060 9773590415 14294359057 120799433843 710.7933 NA NA NA NA
1953.756 2037.401 2287.917 2423.517 2476.484 2699.837 2873.334 3037.488 3146.587 3214.564 3161.059 3367.788 3292.219 2902.14 3111.079 3058.491 3286.192 2925.162 2789.6 2709.922 2745.199 2858.38 2974.334 2667.314 2417.316 2328.581 2218.65 1958.108 1973.326 2005.395 1997.256 2027.297 1785.281 1700.843 1824.917 1628.46 1830.972 2338.408 2541.663 2249.929 1420.264 1728.671 2024.525 3799.421 25432.31 469994.1 272158.5 124.1708 NA NA
663.804 668.1243 660.2616 677.8635 653.7079 647.7116 617.8799 617.476 614.5475 590.9105 602.1983 612.1204 595.7965 589.5471 607.0558 569.8279 554.5742 566.97 556.4131 559.4657 536.2272 502.818 503.9333 488.0617 495.2524 514.975 545.7027 545.7688 528.0215 512.1563 501.8421 524.9376 496.595 459.7367 485.3772 462.1817 434.1307 436.2277 566.8896 510.4047 629.9987 605.2373 1240.41 557.9485 595.7284 936.6522 1993.532 506.3377 NA NA
1972.843 2439.787 2524.633 2542.409 2591.444 2951.335 2880.788 3007.068 2850.139 2728.996 3083.174 3014.65 3048.833 3072.05 2929.91 2712.363 2785.909 2920.602 2752.711 2504 2278.547 2242.075 2390.429 2420.115 2347.263 2309.774 2099.995 2202.203 2399.582 2351.934 3168.184 2526.855 3007.893 2772.46 2674.471 2619.982 2165.648 1880.581 1702.933 1431.161 1557.243 2066.367 1812.676 6634.631 2677.345 2657.384 1429.026 3832.622 NA NA
28975.78 49665.9 70367.82 94909.81 117172.4 127936.3 180173.3 219457.5 275385.2 316256 354194.2 429232.7 495179.9 699648.1 785127.2 782934.1 910786.2 1167462 1632977 2162236 2537448 3605301 7063755 11696579 20358328 19814089 18675262 17775804 29912382 21111000 23939523 61093571 48586164 48442167 50569517 24344397 26565352 16353596 12815733 32131074 29612652 38319886 53835690 12960824 4827045 2709618 258533840 159740289462 NA NA
1287.351 1308.281 1353.673 1353.338 1340.099 1353.411 1352.213 1395.284 1351.513 1329.03 1314 1322.559 1313.386 1263.289 1303.228 1235.282 1180.925 1128.923 1078.722 1117.6 1067.659 1015.541 1041.509 1013.784 996.2425 930.2508 871.0475 793.0814 727.6001 652.4876 610.5873 556.6 569.4238 556.5067 668.8943 815.007 1162.768 1210.728 1122.739 1063.758 898.6597 1023.345 932.047 1155.466 1441.321 1708.988 654.951 1866.264 NA NA
1404.036 1535.115 1560.901 1617.719 1665.183 1722.523 1809.114 1893.973 1912.568 1877.495 1815.471 1756.769 1762.938 1749.228 1771.249 1717.127 1707.37 1615.8 1535.196 1530.253 1598.506 1633.493 1564.615 1508.853 1509.565 1614.12 1488.502 1585.321 1574.06 1669.196 1381.406 1398.706 1553.914 1763.177 2124.742 2109.183 2356.768 2626.31 1866.821 1578.903 1766.223 1752.11 810.3478 715.6007 853.7005 1034.218 8470.154 2044.356 NA NA
6266.77 6149.429 6557.66 7535.514 7699.436 7445.687 7612.859 8233.277 8942.704 9660.066 10530.98 10385.25 10315.13 11558.1 12148.8 11281.33 11063.1 11101.49 12299.92 16476.7 14819.87 16436.87 15273.47 16132.15 17193.97 19209.04 19451.36 20589.45 25839.62 27494.93 51501.44 53689.21 72757.23 83810.91 67358.97 45135.38 71314.76 43944.1 67017.07 46081.89 58952.8 53014.12 32324.45 15790.04 18201.15 10967.88 7769.964 8247692429 NA NA
15832.29 19934.5 23404.75 26669.35 30624.23 35087.57 35861.65 40439.8 44337.78 45773.38 46678.78 52996.05 51850.39 50949.85 51890.42 50369.22 53830.79 56322.47 57650.82 73088.35 68381.19 74059.78 67162.19 75171.81 74861.85 89986.26 109144 91716.49 76817.11 60138.4 42571.95 37272.25 32901.86 29546.07 26398.39 18823.81 15153.45 14694.93 15575.18 16435.34 15929.61 28247.33 31164.68 23000.21 17620.63 18740.23 16615.73 NA NA NA
3954.49 4233.515 4207.264 4394.656 4568.418 4737.782 4967.136 4917.57 5053.846 5168.641 5141.024 5176.5 4907.126 4918.107 4900.722 5068.964 5219.249 5315.93 5657.891 5686.204 6303.719 6032.127 6160.916 6542.69 6977.134 7941.35 8408.02 7571.177 7516.96 8217.858 8890.012 10942.76 11383.95 14017.13 14478.9 21380.93 15603.37 14668.04 12465.74 11281.04 12576.38 24982.3 78213.91 116478.6 3017105 154429417 215187704 NA NA NA
1018.514 995.9098 969.8645 958.7324 969.2362 984.9513 968.5034 968.4648 987.5925 1006.161 1005.601 996.8974 998.8153 968.852 963.5181 896.3081 900.7599 880.8948 865.8797 880.855 889.4834 866.4476 852.2584 827.732 824.566 812.7276 825.946 762.5375 717.5367 683.0615 687.8163 686.0679 609.1313 577.2183 527.8055 561.1996 444.0991 315.3876 292.9383 279.1058 253.9679 198.3024 195.848 155.2327 139.76 169.8316 134.881 110.3088 NA NA
1781.046 1978.156 2119.78 2254.876 2281.304 2224.831 2301.321 2302.744 2307.402 2499.166 2549.989 2466.844 2690.877 2595.424 2615.051 2597.604 2485.151 2452.845 2698.65 2638.574 2626.742 2697.215 2595.515 2579.988 2567.846 2570.061 2585.475 2829.235 2903.437 2636.365 2782.005 2839.895 2800.042 2301.246 2059.473 1861.823 1744.388 1835.396 1655.201 1386.583 1435.487 1349.734 1270.431 9278.373 6684.385 4916.306 90574.95 114874.8 NA NA
4097.166 4824.844 4937.675 5443.156 5974.514 5748.371 5800.416 6003.366 5771.23 5852.636 5878.769 6502.19 6023.76 6616.842 6117.561 6022.661 5388.454 6079.395 5644.341 4928.036 4598.352 5644.222 4898.388 5246.661 6433.839 6203.354 6615.79 7294.201 11927.22 9989.697 8120.598 7018.246 6306.805 5318.684 5195.945 4826.809 6392.785 4704.58 3601.882 3347.116 2503.766 1991.448 1786.174 1214.992 689.4947 456.6386 583.2172 2042.692 NA NA
2631.592 2541.237 2417.966 2384.598 2315.618 2358.171 2450.013 2490.511 2541.96 2418.665 2317.533 2302.45 2284.02 2318.779 2333.604 2234.431 2338.255 2213.552 2067.64 1972.622 1918.95 1792.365 1767.225 1621.796 1460.439 1500.745 1433.054 1349.145 1226.612 1074.123 951.2414 1014.817 924.0422 974.8344 926.3066 959.882 836.4929 763.3308 901.6698 740.7336 625.7566 483.1043 343.0946 243.1419 207.342 179.4429 124.3796 84.4141 NA NA
19418.17 23481.75 31409.75 32493.97 34891.86 34550.87 38048.84 38994.75 38207.23 38158.83 35499.69 38513.88 42808.79 48019.76 50570.14 53890.75 66371.72 70245.9 84430.79 102531 88654.14 110006.8 111835.2 106125.9 92072.45 73725.43 84105.47 97970.04 113272.4 141509.2 172467.4 180103.4 278087.4 177508.8 179376.3 245489 366256 221003.5 347927.5 783722.1 5480609 44484981 19956534 74856852 38683218 290840509 1881167 NA NA NA
6140.271 7103.671 8098.888 8720.694 9846.837 11353.63 12891.59 14218.03 14422.75 16309.06 17598.94 18728.9 16575.71 17717.77 15219.46 16583.15 17456.96 18166.94 21881.9 24547.12 27466.93 26660.36 29476.68 23257.23 29292.38 36500.12 51771.4 77775.78 114790.4 152574.2 210656.1 219626.9 318053.4 396647.4 243960.5 385295.4 965503.7 961600.2 751419.6 775333.6 773887.8 1046976 991728.3 590277.4 418968.2 35004.55 116243.4 484923.5 NA NA
286030.6 622418.8 954608.1 1404348 1682728 2417508 3217338 3940146 5572642 5889300 6383081 5837999 7969128 9800141 8989222 9978330 12848120 16956202 16968351 18021227 17335569 23566537 24270162 31770847 46373453 46931337 70136205 117248616 75056366 116132741 105106056 132945490 165361277 216410611 299239141 294997404 282344463 691233260 690235980 2502677037 1005593110 585220490 217834684 258456343 938738323 9.528855e+12 1265224 NA NA NA
642.658 650.2033 621.3301 619.9262 611.7211 614.204 612.9478 588.8454 590.3159 574.1835 575.8961 556.5073 536.1978 520.9459 507.5617 500.9938 490.6703 476.548 445.7439 442.4479 436.0573 434.2329 427.4577 439.4155 428.8154 419.382 398.5407 365.8014 361.3543 352.9014 340.1602 339.9092 300.9409 294.5201 284.1665 248.1258 245.21 206.2178 188.0922 157.4231 135.4959 122.7298 110.951 93.5905 82.69568 63.57911 49.81825 NA NA NA
4488.669 4843.679 5215.883 5286.838 5445.778 5663.872 5961.553 5956.83 5881.409 6279.87 6595.564 6297.337 6182.296 6145.472 6178.73 6574.869 6823.976 6841.601 6757.881 6625.912 7012.023 7534.288 8173.73 7894.49 7965.548 8641.552 7998.685 8250.046 8410.96 7737.388 8826.082 10287.02 11036.21 10740.92 10112.06 9510.594 7262.787 8785.32 10674.32 6557.138 7472.319 5811.809 8340.2 11789.34 6900.445 17361.49 191031.7 1564373 NA NA
4485.635 4809.364 5528.464 6006.244 7243.04 7229.843 8021.935 8467.074 9036.949 9896.63 10496.9 11529.23 11157.61 11791.45 13127.13 14479.81 14445.32 14247.55 12852.24 12893.8 15215.29 15088.71 16393.42 14081.62 13898.28 13997.88 13063.27 10738.35 11200.83 12699.76 11799.85 11718.56 9836.284 8153.711 7903.365 7281.424 5803.588 4810.987 3285.452 3246.875 2797.98 2026.339 1690.118 1647.736 1487.515 1957.118 1037.582 65370351 NA NA
250834.4 472366.8 681323.7 737792.7 1034384 1184450 1567307 2022821 2837713 3578526 4636398 5707279 5873711 7214166 7115620 7472049 10381855 14115779 10583032 10693050 9626565 13638352 14595641 17871629 23976405 38685651 63940189 134321728 247672851 501341936 1269859801 4470074343 7972126169 17143721279 31985270056 36504498179 173465685232 229349172154 357860188899 7.421288e+12 4.727948e+13 1.855265e+14 2.533062e+14 4.479574e+13 2.900438e+13 2.40812e+13 8.937474e+14 NA NA NA
4256.297 4562.732 4726.581 5272.778 5369.872 5573.835 6222.206 6589.207 6733.138 6567.375 6695.598 7473.408 7525.686 7653.814 7279.019 6964.985 7180.541 6921.92 6269.903 5939.388 5558.062 5601.639 4819.295 4514.482 4442.566 4510.849 4020.463 3863.425 3523.877 3109.013 2817.474 2659.519 2423.047 2327.312 2293.495 2384.618 2575.315 2348.678 2255.367 2325.761 1928.685 1617.528 11757.78 93475.86 91509.21 4751707 329493.7 NA NA NA
4600.157 6026.145 6346.056 6447.795 6540.726 6440.463 6945.608 7529.444 8714.56 9768.745 10565.86 11556.96 11568.07 12755.58 12925.18 13890.47 14006.68 14878.55 15340.33 16988.74 18817.51 20301.11 18003.48 20628.77 20963.09 20204.17 16886.46 18309.64 22122.19 20760.45 19827.71 21651.5 18816.17 21671.06 26815.86 28822.59 23335.46 23909.31 34181.02 34817.74 85822.56 269747.2 1476963 6656347 12069612 3896314 677820 1380261 NA NA
1040.41 1028.611 1013.547 1016.74 1008.707 976.6679 952.798 935.5904 909.2563 884.0305 850.1322 818.2038 774.9141 772.2587 766.953 716.6602 717.8413 679.0613 647.0068 619.1321 602.2397 608.83 568.5852 565.1722 546.2063 548.2044 522.4588 486.7253 494.6796 469.7909 446.278 437.1938 403.3771 382.2174 353.6578 332.7684 294.1933 283.4482 251.8087 215.1633 187.4825 161.3932 150.2037 117.3458 123.9524 102.1061 97.28037 292.9538 NA NA
142405.9 169169.8 215404.2 256709 323424 371147.5 415229.1 542910.8 623856.4 744257.7 744517.6 860331.8 959026.4 1125442 1270344 1550897 1881270 1974779 2097491 2411326 2558890 2972580 3641282 3825245 4392434 7127023 7725307 6291101 8729516 11332312 8128841 6721082 7347111 10715654 10540547 10659686 7932195 3773451 6785536 3011667 1782725 820429.6 527072.7 230970.1 197062.2 303957.6 274822.9 17187164 NA NA
3890.5 3446.758 3389.734 3253.466 3172.03 3068.1 2940.555 2846.603 2809.798 2821.585 2746.916 2796.1 2654.059 2589.411 2696.658 2599.6 2646.33 2601.736 2642.506 2412.259 2371.073 2200.839 2197.523 1941.795 1887.026 1870.329 1763.816 1613.07 1385.742 1303.971 1222.621 1151.703 1037.518 931.156 941.2841 781.1567 669.5851 626.1928 637.5724 620.6043 619.9622 572.2787 573.2382 679.5894 2342.53 1467.519 954.4189 550.7078 NA NA
910.5675 886.4757 901.7884 920.9899 931.8002 962.3036 960.3882 941.1683 942.2562 923.3301 903.1226 872.3362 858.9763 849.3454 852.7603 780.5815 771.6265 768.5363 773.9283 751.6476 737.658 742.5859 710.6591 669.1659 640.3733 627.2879 621.9271 607.3855 552.2786 545.7329 519.2494 510.3668 473.836 428.8116 370.1878 362.8132 333.2218 317.2451 270.5617 261.2599 228.973 196.8764 188.7987 198.9262 161.678 171.2391 93.31772 546.7313 NA NA
645.8994 593.5421 576.1652 563.9694 551.2278 532.6792 517.523 494.666 480.5532 470.804 456.3905 444.4408 408.029 400.3378 393.4341 380.1288 375.0492 363.0541 352.8817 349.0805 337.483 323.2807 313.2019 302.6844 294.4999 280.5653 264.6884 255.8203 245.3903 237.8676 228.4181 215.625 205.1586 194.1022 173.6496 164.8847 155.6625 145.4972 124.0618 114.4297 105.5445 90.64024 77.85201 64.37642 61.58857 46.71823 35.52027 24.45556 NA NA
2480.962 2997.509 3236.543 3366.496 3397.38 3395.334 3481.231 3639.506 3776.579 3919.651 4014.643 4065.728 4148.665 4204.168 4227.051 4242.932 4619.094 4756.703 4706.782 4949.792 4915.919 4755.057 4626.436 4487.58 4426.11 4553.56 4705.477 4610.113 4603.662 4384.943 4402.219 4815.879 4965.407 4641.081 5542.532 5821.239 6128.64 4914.802 8035.705 8487.066 8982.165 4748.313 7546.394 8601.442 10312.22 14888.06 6283.788 180768 NA NA
3243.45 4731.578 5475.007 6097.54 6750.87 6850.602 6933.526 7490.001 7896.768 8302.879 8718.773 8912.562 9503.657 9549.6 10882.9 11574.08 13339.35 13758.98 15826.42 16254.66 16491.55 17308.23 18697.59 19171.4 20275.36 18942.66 18569.08 17695.23 17592.79 16494.38 15733.46 14282.98 14470 12433.06 10624.8 10924.24 10692.54 12236.7 12663.71 14336.51 16117.19 41940.8 424232.9 647311.2 114053485 268197268 845166041 364059118 NA NA
3796.341 3986.265 4128.903 4141.62 4190.24 4202.408 4198.154 4235.565 4260.559 4223.313 4243.017 4219.452 4252.524 4290.347 4228.741 4231.495 4179.863 4045.011 3941.652 3883.026 3752.753 3628.899 3502.693 3421.09 3374.553 3091.191 2972.229 2807.94 2810.026 2625.189 2449.577 2302.528 2327.481 2248.225 1951.592 1797.408 1557.924 1445.772 1269.218 1090.746 939.8211 773.7177 567.6169 476.1908 404.5113 298.7454 2387.819 1044.489 NA NA
3224.552 3132.581 2918.605 3049.371 3050.835 2857.26 2770.749 2673.347 2667.703 2706.01 2523.184 2386.84 2535.317 2350.824 2401.465 2231.427 2180.515 2191.514 2222.189 2176.489 1991.017 2189.453 2003.041 1845.214 1680.633 1650.855 1591.21 1559.234 1538.338 1416.239 1331.453 1254.659 1236.353 1061.051 1986.802 1519.208 1525.657 1430.91 1169.949 871.8031 734.4039 1295.249 875.2597 643.0123 480.7947 300.0293 529.6915 495.1906 NA NA
717.892 679.9487 656.4345 634.2163 613.061 591.3196 577.3372 558.664 548.7882 536.6424 521.8133 510.8824 502.9269 491.7736 479.0214 465.7436 449.4504 425.3906 415.8347 396.798 385.9746 370.5519 357.7366 351.2268 341.0976 325.7514 301.1959 288.7198 277.0948 266.6723 259.1534 244.2477 229.9852 217.3033 213.276 201.2195 196.9493 184.3955 169.2643 138.2992 112.0878 107.1206 97.26934 91.14577 71.35924 47.14447 39.60354 18.75649 NA NA
1316.883 1301.64 1264.253 1179.555 1180.504 1180.038 1186.149 1163.273 1141.57 1149.782 1118.982 1130.21 1075.51 1079.851 1073.27 1045.419 1023.384 945.5376 933.8913 943.0886 912.4063 855.2388 869.5751 822.2156 838.5284 817.2446 799.7799 732.151 687.1924 611.8048 611.0019 586.5697 590.9764 553.1014 503.1663 489.555 482.6743 388.3603 364.8873 347.5821 262.164 215.9488 214.3259 188.3689 171.9218 128.5711 76.2622 40.5499 NA NA
5653.313 6638.151 7627.201 8161.651 9503.708 10335.49 10389.27 10183.02 10357.81 11611.69 13214.69 12582.33 13145.1 14267.58 13696.74 16783.53 18702.05 24573.42 29302.31 35647.45 36790.77 43060.31 54604.72 55430.15 55624.37 62069.41 60916.22 66199.65 83792.27 67042.76 93600.91 125338.4 95785.65 111773.7 177649.2 170489 363733.7 593771.8 554166.8 244329 178873.1 781465 15487085 274578801 1715651759 2336565209 6503.514 243066845 NA NA
3530.531 3831.381 4241.75 4401.89 4248.944 4402.262 4314.668 4270.609 4421.194 4569.969 4724.855 4794.934 4916.091 5123.11 4990.173 5061.244 4928.254 4726.576 4477.899 4327.657 4211.244 4406.581 4499.066 4582.682 4730.421 4659.716 5176.38 5456.679 5685.59 5384 5861.236 6239.799 6993.061 6009.528 6382.024 5190.222 4591.346 3863.507 3022.681 2068.321 1937.19 1820.996 1195.804 1048.342 662.0198 492.3801 265.7601 10892.06 NA NA
1287.868 1276.044 1262.308 1240.862 1262.747 1260.415 1254.75 1213.155 1194.257 1181.44 1177.963 1165.773 1150.229 1098.919 1091.884 1098.322 1113.603 1081.324 1026.271 1011.351 998.668 991.7282 936.5248 911.1358 903.1673 902.7139 867.3876 858.9326 839.4429 825.1126 728.3522 703.6342 640.9244 625.0426 594.6044 578.3571 548.3157 506.67 489.3833 440.8769 431.275 523.8898 547.157 413.8747 222.5508 172.8259 197.7841 230.7107 NA NA
1657.832 1744.985 1854.387 1879.8 1898.905 1968.983 2047.993 2038.424 2002.088 2062.474 2001.38 2008.756 2004.032 2033.312 1991.466 1927.246 1882.001 1816.57 1744.533 1752.465 1740.852 1645.605 1617.965 1533.376 1493.18 1427.266 1568.907 1508.013 1511.718 1458.317 1444.211 1459.536 1437.489 1412.421 1278.754 1231.38 1115.154 960.2277 962.4344 938.8479 795.3205 734.5089 576.5502 480.2545 812.4598 725.1017 616.0955 462.5191 NA NA
1000.48 1022.35 951.6336 968.0242 957.7131 971.485 959.2173 933.6392 919.6702 900.2234 900.418 892.026 882.3113 875.2691 834.239 814.8352 825.9505 830.515 801.5384 771.5949 773.5999 776.3277 740.2163 729.7358 741.7016 737.4272 694.8492 623.5781 629.4022 625.9369 553.0313 507.7265 469.5906 458.8999 399.3863 365.4775 346.8222 333.1834 323.4441 278.5611 242.2024 211.795 175.7463 154.4327 119.6845 87.93323 71.79248 34.54221 NA NA
2449.937 2849.438 2957.461 3222.793 3431.382 3432.129 3176.179 3141.873 3032.774 2943.897 3076.527 2999.895 3086.452 3263.747 3274.852 2921.452 2891.027 3104.553 2868.622 3024.11 2903.508 2867.656 2896.862 2568.154 2561.712 2510.474 2444.05 2635.287 2865.924 2827.395 2717.075 2380.866 2503.149 2929.985 3074.14 3202.497 3500.423 6448.894 6519.45 8171.481 23894.72 19484.53 9207.327 8793.053 4872.523 6152.476 5107.694 NA NA NA
3517.538 4589.426 4690.298 5469.909 6299.124 7320.818 7752.293 8698.765 8989.809 8676.309 8659.698 10236.05 12575.17 13571.87 13887.94 15523.57 18387.21 21493.03 25003.17 29464.25 29929.17 28163.13 31902.59 40543.71 36461.5 48895.53 69885.51 117937.7 149706.3 125056.5 131939.1 127247.7 157178.5 235068.1 324094 458508 433670.6 490820.9 837629.2 2117146 4333512 2304311 3217761 6672959 3410441 4484861 1225500 95545.77 NA NA
1747.293 2079.063 2159.617 2343.877 2327.163 2454.418 2666.482 2739.278 2767.334 2828.175 2816.808 3045.172 3310.864 3392.94 3327.983 3400.481 3327.305 3428.222 3632.663 3949.243 4400.866 4812.137 5513.023 5529.51 6114.959 5733.069 6047.751 7255.224 7953.107 8227.96 7116.083 6106.521 6932.634 8579.841 6536.506 5326.07 6344.881 4826.188 4131.206 5799.615 7101.282 5062.062 5302.776 7280.53 14641.09 29698.61 7035.749 85544.53 NA NA
1624.175 1718.677 1749.345 1647.468 1573.792 1490.753 1447.303 1382.736 1382.794 1311.894 1242.56 1180.59 1131.327 1060.113 992.3572 933.5704 901.1082 934.569 943.5963 881.4103 828.9908 783.5719 742.1064 693.2454 658.3129 604.2919 585.8036 596.5198 566.4487 538.6825 510.3413 485.4021 474.4944 437.6688 409.1798 405.3432 396.4508 333.6006 305.695 290.7046 307.1521 342.5002 256.5854 280.8317 231.2966 979.9159 3201.181 1907.979 NA NA
729.0805 736.077 737.8751 737.0682 723.4902 695.0799 685.4326 662.4128 646.9689 645.9395 628.0915 622.0755 620.1179 622.4209 586.0814 552.2949 554.1785 548.0226 540.7633 532.8228 521.4495 514.9697 514.0305 499.7586 496.1982 493.8361 443.6185 413.6133 367.3993 359.8774 354.4641 336.9881 283.8753 269.3313 262.5053 249.8376 244.2814 229.4585 206.2725 199.3167 161.1231 153.9154 139.5903 108.5077 107.4166 74.18043 67.17726 24.56792 NA NA
2239.501 2155.727 2336.976 2559.313 2516.294 2712.141 2924.044 3125.452 3394.505 3503.442 3772.232 3671.966 3508.04 3588.728 3677.031 3834.831 3939.394 3881.362 4094.449 3933.783 3588.271 3856.239 3932.167 4048.075 4299.058 3906.776 3540.806 3685.547 3834.604 3530.911 3046.595 3638.107 4879.325 5100.524 5550.943 6059.746 4514.411 4625.53 3844.915 4038.916 3075.977 4942.362 7595.491 15292.44 17759.65 6474.748 1599.495 1563.324 NA NA
696.8704 716.7199 721.9918 718.6167 722.4515 724.8132 710.4074 701.1071 685.1765 663.7822 632.3806 627.5378 632.4534 637.4492 624.6392 607.0016 605.0815 606.4889 586.252 560.3994 553.7707 524.1193 507.6925 496.4678 474.5634 450.5103 433.0348 410.1851 389.6187 372.2149 364.0292 359.6086 319.2993 291.676 250.909 226.4018 189.4348 178.9523 163.9364 140.6695 122.1227 109.9358 103.8629 89.95717 61.61101 67.04148 81.26214 14.23799 NA NA
2510.408 2614.463 2648.694 2667.735 2676.46 2787.716 2744.263 2766.801 2720.579 2710.531 2660.945 2824.808 2790.435 2861.603 2845.651 2730.438 2745.416 2650.323 2445.297 2358.913 2293.768 2308.221 2220.827 2124.011 2251.983 2096.891 2074.652 2048.889 2222.966 2080.118 1991.554 1822.651 1635.652 1491.519 1518.537 1539.655 1436.447 1514.069 1231.178 1098.503 1005.023 781.4482 830.4918 511.3825 419.3081 354.5037 535.1878 171.5305 NA NA
1639.729 2041.401 2158.513 2206.662 2324.86 2495.119 2697.929 2790.17 2759.538 2887.835 2977.159 3118.386 3172.744 3349.626 3405.488 3169.85 3245.311 3160.526 3147.29 3016.594 3096.341 2995.619 2941.798 2967.005 2817.824 2535.553 2233.736 2267.808 2364.685 2424.706 2404.248 2349.634 2315.835 2255.353 1623.554 1632.521 1704.156 1859.021 2347.612 2689.48 2323.198 3867.994 4985.076 9156.581 14406.75 35346.45 91482.94 NA NA NA
164207.1 228234.5 263707.6 329144 416921.4 538880 661583.4 840184.9 976512.2 1202524 1399167 1697587 2076902 2561020 2841407 3332215 3656043 4064743 4340097 4484155 4598588 4530107 4594601 3960709 5571735 6179367 6396109 6126228 5133466 3736589 4874294 6137832 5077512 6614484 7508263 7739248 8696595 10668290 8626646 16270118 11428365 15509058 28798330 33648808 40123262 429097109 6278219297 1998017323 NA NA
85334.42 223508.9 287640.1 341273.9 475647.9 530464.1 593312.9 744365.6 814924.6 1028290 1020427 943707.9 1005887 1078278 1471602 1551344 1863322 2163650 2546808 2828788 2618608 2949709 3245241 4335790 6373202 7849166 11658380 10353113 11408528 19935889 23521664 18473079 24197152 41652693 127895764 448688400 6761869489 36902489705 1.098397e+12 2.352354e+13 1.612316e+14 6.473561e+15 1.045046e+16 2.626854e+17 3.243836e+14 75605276 1101042 2830275165 NA NA
5330.684 5948.154 6119.699 6771.723 6892.194 7424.791 10355.01 10500.86 10321.26 9850.43 9731.697 10077.04 9674.133 9375.217 8876.577 9826.159 12337.54 11780.83 12541.53 12080.27 10916.55 10198.98 14918.72 14905.06 13329.49 12018.53 12014.55 12377.64 11634.88 15434.68 13981.55 12643.6 10882.21 9256.235 9583.593 7211.868 6042.394 6853.539 14024.44 9012.679 12359.57 7186.043 7241.627 4190.177 2021.726 1275.978 444.1954 254.5939 NA NA
1035.186 1019.639 972.8667 957.1087 956.9058 925.8264 895.8833 878.4207 853.0462 844.1832 783.6921 763.6073 692.7639 652.1121 618.4266 595.3766 595.4888 570.9151 566.8107 558.8333 549.6459 523.5513 513.2966 485.5584 473.0906 460.5924 425.9961 401.7756 390.8349 354.811 352.7383 333.5264 328.5305 276.5141 245.9021 218.0864 204.198 192.0894 182.9766 157.5717 151.6016 147.5039 137.2052 120.82 100.1775 73.37196 66.39165 32.31779 NA NA
1434.717 1373.061 1336.496 1339.351 1297.088 1239.224 1191.344 1177.746 1139.374 1122.402 1083.163 1059.094 1036.867 1027.166 1045.498 1070.598 1018.534 997.3529 985.3708 936.3531 883.0673 825.3783 791.1304 754.0972 707.6982 689.3862 657.2306 603.3427 597.7253 547.3445 515.3814 479.8402 456.0037 454.3376 406.261 389.0511 350.6171 331.1302 352.5642 292.891 269.8771 271.5229 258.2344 335.7406 477.0973 278.4009 599.6519 564.4783 NA NA
37061.95 40306.38 52602.23 74333.47 77295.99 85292.43 87904.7 125679.2 167023.5 197132.8 261618.7 305452.9 321370.4 411185.4 623000 786959.1 1062909 1219863 1111660 1153030 1257302 1206308 1429171 1689421 1891615 2708627 2469623 2673102 1917572 2656688 3625831 2492820 5253676 8434442 18822022 20872332 9771405 9852540 8444436 7427056 9727197 5721897 3897643 15330076 3709475 1011416 103902.7 8068.55 NA NA
9698.413 9533.787 10139.97 10684.68 10775.98 11854.61 12000.28 13351.58 13022.55 14786.66 15826.03 17031.02 18026.53 18870.98 15480.85 15241.17 16485.18 15790.03 14828.7 14561.98 13667.92 13279.44 11272.63 11313.01 10506.62 12086.66 12628.5 14101.34 11333.71 11060.92 11697.44 11425.02 9645.085 8264.933 9440.989 9901.066 10940.08 7345.871 5874.735 6092.458 5285.066 3936.447 3132.514 2749.595 6328.385 3851.13 2002.874 42755.34 NA NA
616.8266 580.6299 563.0079 529.5263 507.682 491.9166 472.5289 452.5046 440.6499 432.0883 410.7736 401.012 390.7282 377.805 369.0247 362.7909 354.9622 349.3102 339.7566 323.6635 311.0441 292.2653 276.9897 269.0342 261.104 257.2986 250.8869 246.2769 238.1093 229.659 225.9557 200.0268 188.5979 182.8814 178.3257 170.521 151.0533 140.1365 123.6239 117.6513 86.04804 83.64425 73.88712 56.34697 49.5607 26.4772 20.79765 12.94053 NA NA
4309.714 4910.166 5120.189 5602.557 5669.185 6156.494 6446.551 6374.505 6803.443 6849.811 6950.541 6939.25 7093.128 7291.126 7312.399 6973.304 6827.676 6505.754 6475.502 6070.311 5659.182 5443.958 5015.259 4558.659 4338.114 3954.662 4413.583 4222.667 3684.026 3184.024 2906.931 3046.501 2478.259 1986.24 2161.17 2202.333 2635.808 2892.416 2077.563 1521.922 1431.163 948.1931 838.0963 563.7767 344.2663 320.7899 410.6555 12682.19 NA NA
2187.436 2940.71 3248.071 3659.702 4079.102 4195.012 4374.975 4557.981 4672.178 4803.327 4833.695 4848.657 4950.415 4921.633 4784.094 4748.828 4845.671 4901.231 4847.986 4792.133 4837.15 4721.684 4790.11 4672.493 4528.274 4457.758 4750.24 4567.804 4580.009 4597.153 4501.417 4281.981 4315.563 3926.504 3420.467 3848.248 3174.423 3141.833 3520.395 3067.932 2094.11 1327.133 947.5604 641.6508 357.0771 248.6184 1666.476 3922.96 NA NA
52210.14 83927.73 144908.1 191526.6 307012 462144.3 653652.4 910115.2 1473349 2417418 4222928 7436853 9145101 11842741 13981251 16219051 14270330 21324654 28549843 31410156 40441820 90694459 114322636 142029606 193110541 305152854 449240529 654204374 750293858 797084023 1446031270 1517876018 3981138936 6087641414 9466519739 2836469714 8863898344 44434743339 329806586575 3.766063e+12 1.283395e+14 7.555557e+14 1.181567e+15 5.387186e+14 4.706735e+13 1.905535e+13 1.167269e+14 3.037581e+13 NA NA
3707.96 4270.587 4317.941 4665.633 5088.133 5670.24 5476.478 5794.584 5850.328 5375.225 5105.478 5233.745 5510.535 6065.863 6656.646 6842.099 7004.983 7497.186 8090.196 8108.572 8631.113 8789.228 9240.443 8730.349 9079.953 7760.199 7525.321 7387.101 8039.642 6485.873 6229.527 6641.207 7431.4 7725.428 5874.174 5618.387 4941.303 4166.836 4453.465 9874.015 7572.049 6273.162 9210.993 8152.118 15320.5 38623.97 87018.07 1190.138 NA NA
1478.841 1441.264 1445.598 1505.724 1524.752 1485.14 1501.159 1503.082 1496.781 1430.98 1396.918 1331.896 1364.259 1278.802 1266.011 1290.872 1288.513 1234.387 1180.302 1164.547 1096.618 1040.012 991.723 985.5285 944.8945 888.3015 826.6802 807.7715 786.6819 773.0185 741.8619 692.1695 720.6937 639.1682 609.1095 592.0987 558.4891 478.2552 486.3177 392.9363 390.414 290.3734 250.1857 179.0939 139.7851 120.4133 90.48523 59.23662 NA NA
1602.101 1700.851 1782.459 1747.879 1647.837 1590.886 1595.342 1589.954 1570.531 1581.911 1514.724 1558.5 1612.909 1574.891 1600.758 1592.667 1656.669 1686.137 1710.369 1801.144 1859.732 1936.268 1927.795 1909.93 1865.282 1889.483 1757.149 1700.946 1658.173 1563.169 1377.979 1322.992 1250.884 1380.194 1547.441 1190.834 1310.804 1101.447 1207.312 1889.281 2358.608 3289.624 2798.949 4498.436 3761.712 1601.943 669.9801 1588.656 NA NA
2415.753 3227.443 3448.306 3819.546 3858.184 4195.484 4640.605 4480.815 4205.395 4437.338 4767.78 5392.574 5688.553 5079.742 5839.196 6299.712 6903.395 7952.701 9376.583 9955.997 10864.27 13310.53 11586.31 10688.39 9383.124 9074.163 10709.02 13185.79 12144.91 14237.43 14705.26 18898.1 12367.87 11137.7 14793.68 20324.61 11628.66 7999.934 6710.12 8343.592 9464.014 7165.663 6716.088 9066.783 10464.8 8238776 14240093667 501.4085 NA NA
2305.368 2598.773 2565.566 2587.936 2514.856 2471.631 2406.674 2321.969 2215.614 2138.252 2285.113 2205.887 2200.178 2101.334 2038.463 2013.433 2036.396 1901.841 1819.813 1800.331 1675.56 1589.069 1523.714 1472.597 1589.136 1461.328 1569.95 1579.449 1440.933 1490.949 1765.214 1699.894 1478.578 1463.079 1293.817 1047.882 866.4167 690.8599 837.6847 1101.002 1526.386 1597.977 1144.105 772.1531 626.5561 359.7164 229.6128 617.2125 NA NA
2295.584 2467.655 2604.645 2763.727 2800.304 2870.25 2917.918 2940.063 2962.53 2975.803 3114.725 3128.674 3130.596 3276.808 3370.538 3498.851 3344.714 3535.233 3462.812 3497.219 3212.897 3173.814 3191.767 3073.412 2816.557 3041.846 2993.324 2829.955 2681.374 2679.277 2466.907 2499.352 2317.651 2192.453 1837.713 1840.735 1759.669 1681.162 1657.748 1622.26 1140.02 823.6605 759.2292 707.6378 1388.035 1831.252 29652.2 NA NA NA
2375.904 2663.077 2817.409 2898.311 2854.152 2978.768 2895.342 2999.038 3082.857 3069.677 3148.068 3061.813 3107.971 3039.493 3218.99 3186.29 3338.641 3347.935 3441.568 3428.654 3397.906 3408.086 3562.959 3029.864 2922.332 2930.533 3042.384 3110.917 3007.704 3180.344 3573.456 3479.161 3596.338 3271.401 3246.848 4077.254 3694.993 4429.716 4402.758 4442.098 3676.388 3287.538 2181.7 4104.298 2848.409 2663.538 806.383 518.0108 NA NA
406.7395 387.5476 379.493 376.3071 373.5574 364.121 363.2466 358.4968 348.9304 343.1849 333.822 327.2438 325.0343 318.1931 310.0285 305.4965 293.0821 289.0874 285.5946 270.6687 266.2328 260.8183 249.7789 240.9031 238.6056 235.3267 227.4287 204.4076 197.5817 189.0971 187.7411 175.2639 168.0147 161.9345 153.2298 140.5381 134.8408 125.7743 119.902 103.9083 91.98186 80.6219 71.03208 54.48834 47.0652 35.59316 20.54887 10.48825 NA NA
3151.206 2871.008 2705.543 2516.22 2350.939 2234.084 2136.018 2122.382 2008.221 1922.013 1860.563 1808.529 1707.894 1591.819 1469.889 1413.303 1300.321 1274.74 1262.391 1205.182 1206.438 1238.914 1184.014 1152.7 1054.985 974.5734 926.7947 873.6309 849.0486 806.4859 731.1111 709.7745 629.2561 560.7483 550.8225 548.3756 509.0155 444.9979 373.3321 350.7224 298.5861 296.6173 262.8889 237.2337 304.3713 205.2617 172.7957 452.3088 NA NA
2633.706 2949.055 3067.609 3214.664 3027.159 2904.944 2710.621 2728.521 2657.879 2636.339 2585.783 2464.571 2390.222 2104.073 2180.151 2260.267 2266.303 2328.18 2182.902 2141.884 2051.87 2060.277 2020.28 2086.653 2168.111 2078.024 1945.324 1874.054 1791.157 1693.314 1728.519 1772.136 1663.272 1698.119 2132.587 2361.657 3090.75 3501.851 2886.607 2745.785 2856.784 2368.737 1428.051 1190.299 1634.438 6050.493 9786.628 NA NA NA
23088.73 31318.02 32149.12 41107.3 59099.17 75811.53 85690.73 105794.4 126759.1 143288.2 179411.4 163417.5 159573.9 224868.8 336027 350642.6 333459.4 329063.5 397889.4 551940.2 692134.9 541673.5 580827.2 563346.5 411195.1 524701.1 737588.3 888542.9 992040.8 1133743 1374935 1391798 1603039 1888494 2350901 2878221 2858931 11431473 141907267 151566148 56703990 41708349 104818029 29595363 18139478 1324598094 220063819 59519899 NA NA
79976.8 88561.01 105758.7 103090.4 120339.5 168956.1 168825.1 142623.7 175884.9 192807 238453.1 302075.7 270667.3 321406.8 248002.9 309290.6 357763 432449.9 414388.7 447236.3 623054.1 491870.2 559862 818468.8 1379251 1818619 2456133 2439846 1446804 2063009 1874629 2112436 3605939 3817342 2090334 2096619 2820585 10057376 12811029 12275751 81651810 17990010 15562729 21496764 81055492 3.367639e+12 134637.9 NA NA NA
446.1517 424.5495 420.8955 418.6539 413.0078 396.5556 384.6409 373.6326 369.1246 361.8206 354.8063 337.4939 329.1599 299.035 292.3288 280.7987 269.2788 246.6987 232.1689 226.8033 220.9987 214.6729 209.6713 205.0014 191.7724 176.3781 171.7368 167.1409 153.4329 147.3224 141.1983 135.3276 132.3086 119.6096 112.2696 106.7091 95.0368 88.84426 85.24981 79.93301 72.87059 57.32544 51.52066 46.47132 38.3417 28.28303 27.05812 19.22256 NA NA
2087.68 2551.331 2680.188 2898.734 3128.888 3192.234 3451.165 3483.257 3774.555 4006.48 4460.676 4851.215 4591.789 4620.898 4359.373 4587.162 4792.601 4848.226 4636.472 4197.731 4028.345 3835.435 3846.21 3673.874 3735.838 3797.316 3956.059 4222.281 4074.663 4099 4549.269 4375.701 4727.301 4578.095 4609.79 5320.553 8233.113 7198.366 7650.093 8865.316 8381.604 15979.96 7102.848 27420.47 48990.36 9900.871 4029.005 33517.72 NA NA
1124.9 1133.958 1133.73 1126.229 1115.781 1106.54 1093.287 1073.401 1055.42 1028.883 1011.252 991.3592 969.0445 970.6775 942.6396 913.9936 900.1722 872.6791 839.2839 810.9272 784.3652 752.1764 714.0245 684.4776 661.0022 639.6222 603.5365 568.275 540.6309 515.0811 494.131 472.5063 445.7805 423.2774 410.3837 385.0603 353.3919 314.3078 340.7706 327.1458 298.4176 249.1209 204.2166 164.4349 136.9747 99.76212 75.17025 51.7697 NA NA
483.5313 479.2249 474.2125 460.034 460.3005 440.4813 438.1992 430.304 425.7379 422.229 418.6913 415.6236 404.2673 395.7419 391.1719 383.1593 370.5562 365.9124 355.9668 343.5948 336.9529 331.0516 322.1655 321.1005 306.5951 286.8361 267.1696 243.2225 233.9693 227.0089 214.7867 207.5205 197.3453 191.4074 171.1297 151.6508 136.7555 127.632 111.9105 99.4844 91.7859 83.83336 74.19973 61.52988 54.45673 163.8008 151.1345 120.9134 NA NA
7242.469 10077.3 12662.03 15267.83 15827.69 16923.89 17738.68 20204.94 20586.92 23340.08 26521.69 28590.06 30941 34173.55 39999.03 39367.13 41372.39 46926.31 47621.59 53499.03 53299.8 51790.2 59659.68 65709.8 67129.66 65558.48 68446.85 59637.14 70126.09 89547.48 87380.6 90326.73 112093.7 100275.4 131161.6 134325.4 311922.6 614131.9 1095795 576564.4 47549454 18486255 54394627 584823949 99449030 675411009 27356676122 1781795821 NA NA
182716.6 460212.7 638921.4 725246.8 824659.1 890059.9 870209.2 966402.9 1016109 1025818 1207249 995797 1035300 927558.9 961282 893265.1 901393.9 757125.6 616176.4 545180.6 696234 619427.1 640533.7 776540.5 688750.1 718342.6 696807.3 576075 478532.5 414424.3 242547.8 211342.3 199837.3 162354.1 161390.1 106767.7 112748.2 111869.9 79301.62 76013.37 36857.73 34720.27 20278.97 11095.03 4064371947 2868639298 135931108 56459194 NA NA
3679.025 3819.465 3898.216 4082.487 4402.628 4655.787 4737.373 5003.337 5024.563 5377.942 5231.443 5720.409 5857.029 5623.881 6018.906 5583.921 5789.272 5603.86 5515.593 5234.104 5300.291 4899.262 4514.259 4539.838 4564.042 4925.582 5105.211 5261.811 5728.898 6494.331 5575.147 7134.492 7590.852 7810.232 7393.888 6509.103 6970.959 5726.425 7197.001 6647.311 6714.862 7526.417 6135.22 9744.592 11130.43 8411.985 12036.69 8121.169 NA NA
12893.47 13713.52 16647.59 20503.98 18061.54 18298.52 23320.03 29635.55 28456.93 30760.03 28965.84 34732.03 43279.17 36672.4 50136.08 56705.9 54903.39 54332.04 47979.1 52414.35 52278.61 68510.35 63564.24 55428.77 69816.7 90343.81 116373.1 138003.5 127423.6 105298.9 78664.74 59969.96 68339.91 90331.78 123249.6 153521.9 131497.7 113493 61207.88 104763.6 290299.1 1423350 3951251 5435718 845733421 3486791422 642434276 3888863458 NA NA
72133.04 79459.95 78886.73 98922.19 140236.9 191560.1 199304.2 240842.7 319659.9 276578.1 343098.7 410634.5 424379.7 426792.8 473434.8 449182.6 399502.6 334899.4 407373.6 341000.8 389847.4 372028.7 317165.3 273793.3 236226.1 240098.6 239432.7 228197.9 217125.3 232915.1 300178.8 270351 371697.2 349424.1 237786.6 230781.6 213649.4 219662.7 126270.2 170219.6 250218.2 198505.9 417601.9 975424.5 439060.4 103566.4 327834.2 2563699 NA NA
57254.84 106909.1 155393.1 237410.5 284451.3 355737.2 325172.4 332217.6 368200.3 420461.5 526005 541748.8 568278.7 545845 691276.5 1016535 1064216 1399318 1300978 2135320 3073642 5117479 6285191 7607295 15353587 12947395 21934400 34382391 60354006 82309729 101285232 406814755 308519624 957813088 4226618996 18917311301 12433380069 129830882936 131038270267 98786747167 404662932487 4.222733e+12 3.651699e+14 1.293691e+14 2.904069e+16 NA NA NA NA NA
27374.46 41769.69 52681 69149.26 68595.81 83903.07 87979.24 90223.02 92246.43 110262.8 130247.8 145832.7 143383.5 172267.9 213559.3 255909.1 259856.8 260719.4 213091 247664.6 257941.4 209485.2 240426.1 242798.3 228322.1 282097.2 319230.7 395811.5 554533.5 825460.9 1287471 2454404 1188750 678798.5 1075957 1904921 2991161 4699827 13003749 5405717 5556730 25942370 55499286 849215601 77687344447 5.832579e+12 5.422947e+12 7.664617e+12 NA NA
1938.681 2193.899 2270.783 2328.585 2389.41 2441.631 2531.82 2504.178 2460.848 2474.83 2457.381 2441.938 2391.135 2443.346 2371.812 2323.136 2249.476 2197.13 2117.602 2552.484 2579.158 2522.621 2519.423 2578.518 2578.869 2669.411 2644.056 2656.102 2643.853 2662.6 2570.04 2366.912 2322.818 2170.575 2446.51 2222.295 2118.261 1854.57 1575.389 1359.305 1113.548 953.9653 737.1876 700.9142 852.6025 1273.635 3539.26 1437.848 NA NA
33434.33 34268.23 32382.79 30733.95 31725.55 31239.25 29100.31 27849.56 28597.79 26419.39 25102.03 21786.7 19388.01 21377.83 18498 17070.15 24098.68 31874.86 32212.06 32604.22 26214.6 22982.86 28619.42 24633.15 29191.27 24589.28 18828.52 20299.49 26736.62 38536.09 32387.61 35000.23 54309.17 42312.15 29213.87 19832.2 32339.74 176289 106681.1 67937.14 194231.8 109491 82423.2 38491.66 22608.72 45471026 36976794 1179686155 NA NA
8167.998 10434.05 12116.56 13688.02 14356.56 14601.41 15701.86 16110.96 17981.19 20573.06 22272.58 25220.95 30137.82 29426.48 36145.28 34795.89 43898.13 48338.85 43062.14 48599.01 56489.96 57689.48 53430.2 59811.37 65354.22 58814.1 68217.08 79530.79 100755.1 93324.3 129019.5 131820.9 158917.7 193593.9 182583 195030.9 175917.2 121168.2 84893.44 78485.04 50683.43 35554.5 15449.04 19821.38 197243.4 98551.08 200954.7 673734.5 NA NA
1252.463 1417.746 1427.169 1513.052 1513.003 1521.481 1532.698 1523.215 1563.175 1647.661 1695.937 1727.469 1632.997 1720.708 1769.165 1866.293 1687.498 1698.859 1596.981 1632.455 1609.465 1548.936 1548.52 1377.983 1325.58 1302.893 1263.223 1176.4 1153.462 1169.623 1200.625 1240.968 1209.504 1276.504 1295.493 1303.402 1143.025 1099.764 1021.789 885.4183 949.0167 1228.609 1645.533 1633.03 5581.803 8618.606 3524.397 2063.389 NA NA
6378.713 7788.519 8134.909 8893.916 9881.1 9998.043 10849.91 12237.8 12835.9 14636.3 16036.13 15326.4 17728.24 21009.22 22596.06 25929.44 27960.57 26606.21 26220.54 23463.36 25118.77 27344.52 29577.62 30033.16 30139.61 25397.85 20032.67 18637.76 15938.56 15624.98 15856.91 14507.52 13848.79 14620.23 15353.22 13172.57 17224.13 14231.08 13785.08 17903.23 16150.02 23081.62 21636.45 33981.62 34112.21 66357.5 94229.66 2566.726 NA NA
149678.8 264447.7 421878.1 399975.6 569607.1 774274.9 810948 783017.6 1039924 836540.3 779047.5 816390.3 1033567 1414773 1383771 2435156 3190321 5304643 8778307 9118618 8804957 10614926 11491745 10378901 23599363 22517770 19455354 14769740 12382148 14275652 11762063 5927473 5891315 6733548 6706337 18098441 12034072 12777777 9804963 7897423 13628491 21251856 14525645 71475876 642392839 846199141 141014709784 363601487735 NA NA
532.418 524.3957 515.8998 493.498 489.8928 475.4421 466.3044 451.6452 436.9288 424.1516 413.3708 407.5504 388.702 383.5338 377.1945 368.3367 363.2985 353.3616 346.9269 335.6828 321.2166 314.2649 312.3981 296.5645 292.0264 288.2124 278.68 265.3283 260.5615 252.3722 240.607 222.2534 206.8643 192.281 171.1461 166.1749 159.7323 139.9344 128.5354 117.2119 104.7772 93.52252 82.60035 66.62256 53.2768 43.30339 43.51109 19.15683 NA NA
2632.196 2605.033 2725.129 2605.784 2570.749 2569.896 2672.638 2601.49 2663.477 2725.371 2806.291 2899.312 2754.606 2793.804 2601.164 2491.506 2548.025 2352.217 2422.802 2424.324 2380.722 2370.673 2214.772 2732.583 2487.924 2482.245 2745.612 2540.231 2847.236 2786.496 2683.847 2452.725 2445.023 2089.318 2282.085 2101.99 1903.921 2271.016 2095.719 2355.58 2222.132 2860.169 6442.487 7987.804 289716.5 532803.9 118161.4 10398.42 NA NA
914.9474 1028.59 1083.93 1110.611 1143.527 1200.611 1214.569 1212.998 1168.034 1202.68 1156.144 1103.099 1137.08 1185.736 1126.403 1154.635 1138.951 1059.929 1040.681 1043.339 1095.263 978.621 1007.176 967.0997 985.25 924.7794 889.5286 911.7945 975.4839 969.523 990.0412 913.3107 912.4363 973.8604 943.161 925.4147 787.8603 715.7387 625.6231 535.2729 581.255 583.895 671.5879 712.4349 617.993 522.7012 626.6706 176.0322 NA NA
794.4932 743.3602 696.5945 668.463 644.2446 617.8602 589.4311 566.7425 526.9556 506.9424 486.3369 467.9995 439.0271 420.1681 404.2404 393.473 380.1275 365.2976 348.2644 330.1915 312.917 301.3243 283.1608 271.2115 260.7222 249.7127 240.1306 229.9281 219.7595 209.8142 200.9664 192.2439 182.4143 177.9173 160.9455 153.5304 145.8141 131.2951 125.2358 114.8113 108.7671 98.21873 83.66076 78.11433 67.89468 57.43966 42.82062 38.94661 NA NA
885.6101 849.8695 829.7607 821.4592 809.3735 790.4641 773.7923 758.4609 733.5841 719.8643 691.5139 677.3647 651.607 635.0754 613.067 593.5215 584.6552 570.2563 542.7399 529.2593 517.327 490.053 475.6614 463.6819 454.5259 436.7848 423.7794 415.8039 359.6842 324.3897 309.1323 285.6039 276.0532 266.3345 254.7186 226.8879 211.368 189.2869 182.7313 172.0541 160.5822 148.0463 132.0876 114.1922 91.67417 74.50054 61.42787 46.76866 NA NA
2130.022 2240.552 2408.629 2523.672 2414.283 2436.622 2533.843 2712.5 2887.372 2827.455 2692.443 2799.438 2891.849 2845.566 2912.239 2988.216 2997.659 3054.494 3165.961 3111.113 2911.624 2773.897 2808.737 2582.971 2386.572 2454.723 2305.047 2341.225 2423.925 2272.306 2312.415 2190.629 2087.117 2193.608 1852.253 1571.585 1494.992 1556.156 1222.792 1016.674 870.4581 646.2207 461.3925 257.5121 166.1417 155265272 323.0135 19742.95 NA NA
1482.011 1579.738 1545.623 1499.58 1531.498 1467.533 1453.194 1453.69 1460.318 1476.093 1402.048 1393.639 1259.151 1276.136 1249.599 1243.352 1177.289 1166.925 1164.651 1162.978 1132.136 1140.335 1052.741 1043.648 1085.713 973.4932 975.9033 921.5566 812.8885 810.5901 743.7417 745.7672 752.9949 757.3814 720.4548 796.7067 806.3171 727.2645 697.7754 749.88 607.7169 626.774 646.5348 706.4187 472.9503 413.2456 368.186 54.68673 NA NA
4865.551 6105.059 7278.433 7802.804 8400.698 8231.158 8530.824 9010.401 8965.101 9240.973 9997.974 9761.076 10603.51 10762.51 10864.42 10264.07 10450.9 9858.807 9275.124 8663.85 8636.104 9598.547 10383.19 10624.72 11343.35 10223.13 11269.19 11985.02 12838.26 13307.64 18818.3 15652.7 18212.12 17502.83 21759.32 14399.71 19362.89 20129.26 45606.17 74845.38 130856.6 133142.6 267557.4 6892737 48811437 9109779 829890 8914692 NA NA
2435.68 2461.45 2553.38 2637.434 2669.219 2614.152 2616.174 2598.559 2605.937 2567.336 2555.463 2475.992 2488.565 2462.987 2380.133 2370.297 2347.625 2286.607 2201.685 2126.866 2075.226 2059.055 2025.805 1976.046 1971.036 1958.526 1912.879 1901.79 1869.21 1868.093 1834.313 1777.988 1785.265 1769.186 1560.583 1456.124 1229.776 1119.854 1065.3 928.7097 821.1192 718.2935 584.4067 469.8476 370.5555 454.5513 236.3864 130.7774 NA NA
3090.882 3665.789 4026.939 4440.984 4673.235 4882.398 5102.1 5246.903 5609.849 5499.725 5203.523 5191.512 5232.761 5124.15 5228.037 5147.415 5760.126 6256.207 6161.702 5985.253 5875.717 5477.457 5457.513 5464.883 5163.681 5192.634 5962.994 5096.648 5206.113 5590.786 5211.597 7826.108 10178.93 8719.544 8131.762 5966.686 6162.397 5718.367 8726.533 7650.325 8436.367 5252.86 3404.424 4082.201 3640.498 4337.24 10938.4 NA NA NA
4737.66 5839.301 6661.064 7297.207 8014.105 7731.774 8197.706 9098.406 10417.86 11147.94 11750.8 12233.95 13499.8 13882.72 13347.44 14069.12 16163.07 17036.07 17388.5 18700.76 17579.91 16671.75 16130.86 14581.81 13856.38 14313.66 15975.34 17290.9 19777.47 19747.63 18565.61 23264.14 20687.86 18716.92 22655.35 24268.19 31114.79 40917.06 23032.83 20741.01 24213.01 20500.37 65577.4 30692.73 81436.65 54290.22 619110.5 50475165 NA NA
559.5735 570.123 580.5608 583.2001 578.9835 585.1542 591.1208 596.4847 596.2359 594.7284 607.2255 619.174 611.3879 609.4108 610.8519 606.5584 619.3995 617.07 612.3221 580.3043 534.4707 527.5295 526.9616 536.3418 509.3422 506.5304 508.9487 492.1709 479.8939 435.6189 418.4231 411.4956 400.8167 377.4526 314.3357 299.7748 268.6928 231.6503 183.9486 163.7872 152.5423 104.1346 82.71548 76.29171 73.09666 77.99362 172.332 NA NA NA
2723.735 3009.597 3186.016 3225.429 3303.911 3323.899 3571.182 3702.551 3995.645 4172.073 4158.902 4172.253 4367.799 3975.906 4184.569 4436.722 4717.533 4883.969 5137.036 5492.333 5234.541 5579.772 5687.699 5351.535 5139.073 5562.159 5190.262 5519.231 5185.041 5076.497 5135.101 5379.328 4811.643 5427.399 6203.268 8038.288 9479.858 9219.09 14090.88 12092.18 25805.22 36331.11 47538.96 84961 129155.4 107189.3 281813.8 1537289 NA NA
1214.458 1263.88 1219.145 1182.113 1260.054 1243.082 1336.079 1284.492 1308.549 1213.019 1166.071 1175.654 1112.051 1052.152 1063.035 1103.779 1036.973 979.5567 997.3832 991.1308 916.2487 839.1926 801.8642 839.1691 754.4985 699.75 662.9277 639.8972 891.0536 1064.07 889.073 941.2188 1021.745 1084.442 1122.169 940.0323 745.4716 592.8973 548.5678 456.5381 344.8996 291.9824 351.1433 310.6807 461.2994 317.0447 188.1763 1273.915 NA NA
1398.474 1501.686 1594.957 1616.227 1667.224 1687.252 1727.021 1674.882 1727.872 1721.839 1670.524 1648.395 1653.64 1666.403 1648.996 1704.515 1640.004 1695.689 1753.659 1686.122 1578.13 1553.745 1458.605 1395.227 1431.617 1467.394 1407.678 1379.605 1332.062 1276.343 1291.969 1157.172 1199.221 1236.542 1083.883 1051.527 861.4045 798.8293 662.0441 625.2596 535.6078 511.9943 522.7687 540.9487 283.9586 330.3837 318.1718 167.4945 NA NA
1502.606 1766.527 1720.704 1832.411 1932.31 2019.446 2054.866 2103.281 2098.394 2126.048 1929.25 1722.444 1813.26 1767.685 1686.311 1674.805 1566.942 1476.912 1445.958 1472.417 1507.005 1487.132 1457.559 1450.995 1312.794 1316.038 1369.074 1286.027 1164.716 1122.739 1086.242 960.7067 913.4862 847.7249 760.7586 763.8161 785.9061 662.5184 537.207 530.2994 574.008 700.7274 835.5484 730.2159 301.78 408.4391 3668.221 887.4648 NA NA
8242.61 10334.95 10907.68 10872.3 11778.86 12962.64 14024.99 14633.9 15682.85 15908.39 17292.19 16674.37 18802.85 21250.24 22912.8 23216.19 23425.82 25886.76 28306.96 26556.3 25279.74 24849.37 28359.7 30361.01 37295.46 35725.59 38298 43917.68 58861.48 63128.51 62161.86 45240.97 37320.17 35645.1 32995.27 37260.05 29583.07 32550.91 73494.89 76727.72 96663.76 113598.3 303926.2 3578246 1539083316 9.945744e+12 8.730982e+12 NA NA NA
1470.776 1568.589 1576.774 1543.724 1478.617 1519.475 1596.682 1627.801 1611.359 1676.702 1728.489 1674.656 1679.267 1682.253 1683.397 1567.987 1564.234 1485.451 1361.233 1274.332 1278.032 1288.853 1211.851 1111.686 1110.846 1027.501 920.884 937.9527 918.3273 828.3326 720.412 640.497 614.8808 605.8918 563.7548 556.0297 513.8327 487.6889 523.3154 516.3315 481.6561 460.5425 439.8349 370.3812 339.1552 230.9591 174.8357 112.6105 NA NA
1302.905 1299.079 1307.697 1306.781 1321.333 1309.255 1321.166 1337.117 1279.924 1269.759 1245.557 1214.76 1265.164 1261.384 1248.225 1234.769 1104.853 1088.7 1109.049 1124.849 1041.49 1055.96 1053.673 1021.117 1019.103 996.5493 1000.344 1009.718 911.3842 827.6942 792.5802 680.1729 670.6083 616.195 605.0002 626.5236 669.5641 655.9468 604.7386 455.5852 448.2968 434.234 511.1388 381.4391 223.6881 132.0862 81.57732 80.80843 NA NA
2407.821 2527.301 2566.241 2525.402 2510.837 2481.539 2453.634 2450.543 2396.311 2364.508 2345.942 2327.534 2471.961 2427.928 2367.863 2322.309 2254.147 2233.499 2165.257 2151.388 2215.997 2217.72 2218.943 2263.716 2228.968 2259.297 2166.747 2072.402 1974.041 1965.563 2011.126 1988.409 1900.885 1866.395 1750.787 1596.563 1469.502 1319.882 1276.759 1079.406 944.4871 776.2086 613.9626 520.1345 345.0661 233.7763 185.5848 84.59114 NA NA
6242.478 7243.868 7381.769 8219.185 9127.599 9401.126 9091.029 8999.728 9181.731 10446.04 10072.19 10895.6 11299.95 10884.95 11276.48 12676.33 11770.88 13240.05 13917.54 14531.02 15365.77 16829.14 16494.02 16025.41 13720.38 16285.12 13689.96 16251.28 16705.11 13656.34 14628.5 14849.66 18064.72 18550.27 19850.56 17980.3 14731.94 14733.14 14356.4 20360.3 19839.88 22872.02 23000.29 65108.02 428200.3 12296395 11814433416 NA NA NA
15359.82 20623.29 22699.39 24756.25 28538.55 31629.74 35235.39 34269.97 38849.66 49361.81 61858.46 77877.06 88369.12 110720.6 138273.5 120515.8 147491.8 192984.8 213614.4 214129.5 230209.2 229029.3 228942.9 295472.5 271050.1 299517.7 247603.5 294687.7 397119.2 384733 462275.4 680509.7 701913 816137.1 1109516 896374.3 882657.5 429632.1 705382.6 1275913 1538094 3463859 1799894 2619636 4915570 2714205017 146868410483 4108346725 NA NA
848.2885 818.1816 788.559 775.7823 762.4661 749.9933 733.56 719.7001 699.5796 675.2416 658.0349 636.0032 623.485 602.6632 575.0643 565.7743 531.6525 520.1078 490.8299 477.2412 460.8168 440.411 429.9112 407.4595 400.7857 387.9671 363.1513 342.2178 325.6724 308.546 292.8117 271.5264 244.9933 236.1067 222.176 212.1792 191.1233 182.7543 173.1776 157.366 147.1403 135.6367 129.0427 107.6478 75.21331 64.20181 44.22354 34.27531 NA NA
1783.793 1817.978 1919.473 1897.572 1937.6 2068.325 2116.593 2069.274 2036.071 2150.934 2338.892 2263.663 2295.694 2544.418 2541.848 2620.794 2464.129 2315.653 2466.567 2277.251 2269.015 2066.75 1920.99 2022.497 1832.222 1808.617 1637.128 1664.487 1647.343 1429.785 1272.39 1259.157 1256.012 1383.541 1416.756 1335.249 1090.759 859.4368 875.9405 643.1853 543.9302 586.8196 419.8639 285.8942 460.4866 322.0563 344.0837 127.0913 NA NA
73432.77 142342.3 192074.6 220566.8 258161 318072.5 406979 534794.4 544856.3 703140.9 686873.9 809143.4 964878.6 1174833 1187976 1193215 1518113 1725645 2159747 3023746 3619276 5147455 7018068 5533278 4230829 6122451 7904900 7967467 7551425 8061674 7399642 13292304 16879206 23047596 18462192 25731850 52274051 310481186 221694121 62612243 96965744 207499958 405810671 1078008363 1910744458 1786982355 2610786758 90366718984 NA NA
5353.262 5970.187 6119.982 5901.106 6124.289 6409.584 6496.054 6838.535 6492.914 6063.041 5810.995 5603.511 5675.065 5515.109 5572.04 5322.04 4841.871 4694.625 4264.299 4049.009 4267.765 3894.143 3527.616 3289.444 3015.521 2699.956 2375.543 2112.406 1975.583 1771.073 1609.839 1448.006 1852.999 1591.326 1466.87 1396.403 1169.904 1141.688 883.6033 788.8555 595.5651 413.5592 422.684 372.4108 601.8793 346.1404 181.0066 291.7679 NA NA
626.6252 612.8633 598.0729 581.3983 572.1813 562.2035 553.1312 540.8627 531.8589 512.6654 504.6862 497.8729 473.27 458.1058 442.9341 433.0187 418.0645 403.8385 388.4635 375.3343 360.6124 348.2733 334.702 323.4709 311.9291 294.7085 278.9801 271.1467 258.4557 240.2378 229.0995 207.1742 197.8037 185.4707 176.7006 165.6978 156.0516 147.1004 128.0712 97.77226 87.12014 79.93423 66.40276 60.18752 53.86183 49.42575 25.86008 22.89649 13.21369 NA
36676.79 61444.39 86169.4 121532.6 149015.7 222141.6 265656.2 372495.2 384299 458432.7 483708.9 480670.4 485072.6 489531.4 503809.8 558073.4 578619.5 715143.6 902280.4 1013243 1047926 1016625 1187391 1782315 2020506 2306777 2388449 3234289 3248092 2532465 2810841 2608689 2510916 3763151 6679164 6964989 10644970 9889765 12107320 9833077 9174624 14314588 33532878 18442543 104035110 165987683 1.383022e+13 384570755640 NA NA
651.7218 620.4666 603.4004 581.62 561.1129 533.4342 514.2193 503.9236 478.7329 464.5515 447.0632 425.0457 410.3037 401.3464 396.3936 383.4589 374.8929 365.1118 350.3494 341.3052 326.1777 321.662 304.2629 298.3304 289.6285 274.9184 266.9029 258.7341 252.3342 243.9904 238.2268 205.5348 198.1645 179.2865 163.4032 150.6906 137.4279 133.2134 125.7124 115.9476 94.87407 92.96366 81.99833 76.50108 67.85692 45.04839 39.8461 31.46055 NA NA
3362.324 3813.241 3873.773 4142.111 4366.533 4565.728 4431.834 4563.378 4924.727 5178.554 5532.049 5520.121 5593.421 5555.864 5518.698 5693.614 6036.162 6153.11 5559.28 5648.355 5202.889 5123.791 4756.394 4700.767 4699.004 4632.732 4513.008 4462.648 4484.579 4053.791 4088.223 3748.776 3923.862 4122.401 4042.431 3616.579 3721.583 3432.57 3053.578 3438.536 2890.12 2410.368 2075.85 2485.689 1958.817 3432.602 3614.329 NA NA NA
6529.078 8316.908 9356.55 9495.971 9947.81 10835.03 12058.42 11891.18 11347.29 11721.92 12357.18 13264.47 11918.53 12746.75 12820.43 12464.23 13756.4 14136.52 14145.73 16898.17 15810.18 16437.78 18332.74 18792.22 16124.88 16058.07 13695.92 15389.23 15252.46 20630.24 24665.93 24665.91 29923.45 20391.93 19335.23 18613.09 20070.55 14119.73 12423.02 9222.267 5942.832 5431.495 4633.995 3612.785 2700.43 2302.848 7208.56 2898.205 NA NA
851.1097 801.5465 767.7093 747.6 716.1643 699.1208 674.5338 650.0908 626.0444 609.6035 584.3486 577.4242 558.6975 539.3133 516.926 505.454 491.3451 475.876 465.8005 449.8795 441.2728 421.3485 402.6906 392.2945 378.3375 357.0484 341.8162 330.0872 314.8214 303.7578 284.6315 274.7891 263.0207 243.6834 231.381 210.3926 195.5955 182.9747 171.4584 154.1951 134.3039 124.3857 108.6146 97.22558 78.14201 66.03391 53.85308 39.8533 NA NA
724.5765 694.0407 678.0615 658.0565 637.7336 620.2881 601.0481 587.9649 572.5978 551.7372 534.2019 515.9465 500.3924 487.5218 475.1628 458.9403 440.6833 426.0288 408.4062 397.0663 384.4228 367.763 353.8272 339.3628 327.041 317.1799 302.6858 289.0332 274.3916 259.1175 244.899 233.949 218.2033 200.9119 186.9852 179.9101 170.0424 159.0863 146.0445 133.5767 119.5002 114.1169 97.6021 88.33247 76.01427 60.27428 45.11611 27.03884 NA NA
2249.878 2313.961 2368.818 2541.62 2635.904 2792.476 2989.954 2861.109 2798.068 2960.042 2947.139 3038.694 2918.313 3014.095 2825.126 2640.301 2818.758 2914.553 2918.054 2762.378 2662.397 2662.268 2442.845 2702.847 2502.173 2250.456 2034.721 1841.182 1688.545 1780.998 1685.844 1675.709 1571.053 1814.475 1682.626 1651.9 1534.049 1274.893 1203.352 1130.769 867.774 703.2219 582.9229 406.0651 291.4144 212.8154 172.9615 586.1533 NA NA
2143.972 2280.251 2360.613 2555.411 2726.045 2631.131 2666.308 2791.229 2935.302 3163.711 3155.859 3264.402 3579.242 3644.346 3822.533 3808.256 3804.735 3262.905 3116.637 3080.644 3183.495 3367.491 3366.518 3609.835 4028.222 4528.741 3749.865 3862.797 4240.794 5289.018 6498.879 6009.836 6456.188 5753.698 5597.168 4376.997 4166.359 3713.54 3081.244 3183.196 4413.903 15460.19 57591.3 60524.38 669735.9 4311274 4311817 NA NA NA
150609.2 215852.4 293183.3 415951.4 575689.8 723109.2 897895.9 1283630 1587124 1835136 2234265 2211263 3079710 3698718 5119522 7606615 11858519 15002178 14793889 12398087 12421045 13431631 16476113 25979274 25650778 21350938 27610236 17782116 21020728 21293469 13150304 18655175 33736839 19746497 9774574 10690698 4712720 3787306 2007584 2494315 6968930 18229664579 46046602304 247853306357 234858155415 3.675267e+15 NA NA NA NA
372.7028 362.6009 359.0031 352.8821 345.4174 336.5805 329.3356 316.487 304.8239 298.682 288.3406 281.7042 270.5127 262.9106 254.1636 249.1101 241.7296 232.2037 224.9977 216.9794 207.0403 199.2458 192.5736 180.0741 175.0088 165.2205 158.6669 151.6125 144.9319 135.7266 127.1639 120.6704 115.5983 107.7794 96.58118 90.14625 83.89789 77.38989 70.85217 64.657 57.74686 50.21721 41.48956 36.14555 30.40874 23.80869 17.85088 9.755506 NA NA
7510.879 11563.63 13968.64 15654.47 17263.64 18783.02 22736.19 26797.85 34002.87 33448.13 34062.83 37370.03 43014.65 47859.85 47242.09 61122.47 67616.44 83628.33 104148.9 135520.2 130216.1 145130.7 135543.3 155566 143307.5 128903.2 150365.6 133938.9 127623.7 102389.5 85129.9 95043.43 130860.8 212275.1 169873.8 227951.7 271579.7 451202.8 385572.9 303740 581963.7 347240.1 1838821 13763075 2903234044 339904718 10100658107 NA NA NA
1006.762 1230.97 1341.899 1558.755 1695.366 1800.448 1817.872 1821.602 1954.903 2013.864 2238.431 2407.22 2633.237 2720.95 3030.989 3418.373 3394.975 3793.792 4457.381 4955.924 5073.141 5923.379 5531.179 5677.868 6527.977 6758.239 7602.171 7236.854 5667.098 5378.004 4538.017 4905.445 4638.465 4219.227 3127.94 2758.155 2479.007 2650.31 2291.877 2148.343 2296.82 3129.199 6367.203 6176.631 17503.25 18955.11 110031.5 228260.1 NA NA
5843.775 6435.261 7277.113 7910.969 8894.408 8824.844 9816.699 10299.47 10519.03 11275.2 11757.68 12610.59 13552.7 15521.03 17211.08 18711.33 21269.49 24238.58 26635.34 26323.04 27411.23 26327.09 28513.02 30883.38 29226.32 26072.18 23886.56 22074.53 21356.83 22792.72 23278.61 22617 25090.19 30639.63 27813.92 26989.75 30416.68 27061.3 48154.34 36944.46 31528.09 15040.99 21007.63 67062.25 88224.32 27314.84 27000.72 75254.31 NA NA
591.0045 582.3359 579.8064 578.0107 561.6568 564.3066 535.9334 509.5107 490.3142 496.6663 498.3638 484.0207 490.4249 477.4915 440.1605 427.9204 409.7661 401.0121 391.7799 385.6745 362.5748 341.3333 327.8164 319.5625 314.2046 297.3721 296.2179 270.2355 255.9564 249.0707 235.0931 230.874 218.5455 215.3064 202.5054 188.5845 174.6085 170.4088 150.5765 156.7355 130.8378 136.6949 100.9794 70.8578 55.99594 44.096 25.13129 15.35135 NA NA
2208.436 2366.752 2577.16 2733.339 2894.465 3215.376 3224.745 3525.656 3705 3896.997 4104.431 4203.519 4412.342 4056.755 4216.799 4288.155 4642.583 4967.161 5517.745 5283.775 5897.775 4774.142 4960.427 5280.873 5387.353 5065.91 5309.907 5718.892 5119.386 6090.699 6424.665 6310.217 6941.648 7129.128 7116.159 7852.955 8663.205 8685.168 8388.238 10469.49 8597.328 11586.51 5075.797 3622.413 6104.568 13756.29 3365250 NA NA NA
898.9329 874.3148 864.2215 844.6962 818.4898 796.5377 786.4572 771.499 740.094 727.6308 704.8409 681.5281 657.6699 637.075 639.95 627.8692 612.0227 574.2944 557.0951 520.5499 483.3676 467.3296 450.0065 428.899 404.124 388.0757 371.9982 347.5555 323.5719 314.189 293.5561 266.7689 258.3358 242.7005 227.7765 212.819 200.4499 184.5877 170.7503 153.2528 133.7206 128.6279 122.7343 98.67044 83.23965 71.29064 68.92115 70.54107 NA NA
636.0425 624.6881 614.8869 592.8442 580.5208 569.7018 560.5713 554.3301 545.9384 514.6178 496.6276 478.0678 464.3652 455.7427 439.5997 427.3862 408.6274 400.9764 391.0223 380.9333 370.3444 357.8635 339.7529 317.7139 308.492 295.3824 284.8988 264.9195 256.3416 246.9489 237.74 220.4303 204.4142 191.1176 178.067 161.5643 152.362 136.2259 123.0968 114.2717 103.5089 95.24966 73.26503 69.11172 55.85557 47.89488 34.26118 19.95766 NA NA
1608.895 1853.687 2006.394 2044.866 2185.309 2375.96 2571.067 2752.148 2896.365 3087.794 3288.333 3465.704 3454.931 3391.13 3668.155 3439.392 3305.222 3245.786 2871.617 2612.153 2768.008 2975.968 2649.645 2357.214 2308.411 2352.288 2344.057 2277.663 2006.119 1904.475 1559.261 1365.315 1269.499 1138.716 907.3798 840.3565 785.4006 725.7714 649.2045 568.1443 516.1774 515.9135 563.3614 413.9332 317.2139 281.3486 263.0676 1213.08 NA NA
7338.843 9146.916 10389.43 11603.3 11889.85 12755.05 13508.17 12421.46 12109.57 12606.65 13370.95 14514.63 15557.04 16563.65 16195.35 15820.24 15574.35 14561.55 15839.72 17406.73 18378.31 17851.88 18495.44 17529.67 19398.3 20523.39 22819.21 24861.33 24285.71 25863.11 20341.18 25440.88 30069.5 25018.92 22082.5 23470.37 100241.4 62651.48 60066.48 41120.66 31207.43 41046.73 61724.46 130421.3 185167.3 89707.37 34431.99 2415443 NA NA
2985.767 3057.093 3142.454 3386.694 3432.073 3362.906 3470.241 3487.871 3827.952 4335.189 4454.803 5037.953 5372.938 5466.906 6202.642 6206.353 6953.718 6683.073 6698.211 6359.514 6654.629 6336.331 6129.778 6004.634 6740.367 7292.257 6770.966 7446.98 7720.906 7184.692 5887.722 5809.968 6144.888 6474.847 7754.5 5777.304 5470.009 6210.076 5366.059 6774.969 4518.933 5597.607 6274.15 14782.65 45153.52 37715.38 3754259 NA NA NA
1569.993 1624.147 1642.279 1650.387 1670.541 1688.449 1710.063 1695.163 1599.649 1552.073 1567.196 1600.666 1561.992 1502.331 1516.562 1477.053 1494.403 1455.92 1440.824 1380.926 1423.263 1424.004 1380.04 1360.848 1261.654 1105.226 1041.422 1035.485 1077.442 951.6749 938.3225 945.0136 884.0766 790.4564 744.5196 733.1156 735.6201 703.3623 688.4628 541.4494 518.1805 506.4147 452.1921 387.4822 303.7197 237.4802 1090.035 274.8667 NA NA
40645.36 78014.36 89496.66 94496.72 106107.8 115067 143685.3 153127.2 169994 168663.9 164399.7 149440.2 176620.1 166545 175289.4 172810.2 139319.6 148596.9 157510 171619.6 171806.5 239658.5 304006.9 310199 234114.5 181775.1 176512.9 179612.3 180531.2 271828.1 306060 291622.4 299523.2 277713.2 171437.2 148012 129129.5 97327.39 67761.34 76119.85 88831.42 79630.19 80110.29 130027.2 78794.26 248790.3 168874.2 7954124 NA NA
1118.575 1145.497 1179.487 1212.892 1180.584 1206.246 1232.613 1239.057 1194.86 1191.598 1188.494 1179.132 1164.918 1169.262 1137.525 1088.557 1092.406 1059.512 1038.559 986.7783 857.9236 850.6909 771.3346 755.4023 702.7654 703.3909 669.7309 649.0499 610.5311 581.2585 543.203 542.1021 487.0677 473.0916 445.4777 441.1137 420.6734 423.2914 349.8302 327.63 289.712 300.6105 294.9137 222.1748 264.1415 194.5839 238.1409 54.59701 NA NA
2773.365 3386.056 3604.178 3856.882 4179.458 4967.097 5389.753 5469.115 5825.69 6159.551 6337.743 6960.714 6721.947 7081.439 6955.823 6857.958 6295.694 6563.569 6497.598 6818.887 6542.524 6946.257 7185.088 7011.403 7895.41 8885.857 8187.517 8053.921 7265.713 8245.864 10537.57 11988.48 10630.93 12517.13 12219.09 12306.92 14495.53 15014.84 11636.81 13777.48 23713.13 25740.59 14426.93 7020.304 4258.584 3104.056 1678.978 5044.309 NA NA
3545.278 3770.882 4141.733 4220.253 4434.529 4549.267 4765.21 4948.392 4959.658 4850.612 4851.432 4868.944 4959.747 4869.814 4798.85 4702.743 4654.039 4465.514 4500.382 4471.253 4612.915 4368.473 4096.64 3983.773 3530.819 3427.257 3275.105 3325.767 2918.485 2773.391 2686.264 2438.949 2260.387 2033.14 1840.315 1550.71 1417.541 1296.491 1253.715 1176.181 1256.526 1031.692 945.8838 836.4277 646.4657 563.1488 318.8937 19030.31 NA NA
548.754 530.5229 518.5745 505.9014 496.4986 488.8855 479.4962 457.7369 443.8744 435.1416 426.1958 410.7259 408.002 387.2087 377.1772 362.1423 354.1055 339.875 327.8222 318.6015 309.1348 301.5558 287.7155 276.1008 261.0906 251.1143 238.7682 229.9835 219.4523 210.7349 199.264 188.2591 177.1244 163.47 149.7058 134.932 125.5792 114.7648 108.0848 99.7225 92.09868 82.21068 71.86244 60.8753 51.75656 42.42737 31.30385 19.21461 NA NA
901.5388 964.5036 977.5774 984.1311 978.9392 953.806 959.0717 953.9567 972.9955 979.1664 1004.041 1026.584 1036.497 1025.12 1004.961 971.4395 960.7135 938.4402 943.9938 919.6071 932.5263 893.3989 887.0493 843.8506 806.9932 794.6201 771.9674 781.7886 762.7586 736.6557 662.7727 653.6038 617.1332 575.9446 508.9116 471.8074 449.4575 439.1568 383.6143 346.6966 283.8214 249.47 224.5431 179.4111 163.8717 191.8204 267.3204 162.517 NA NA
2733.875 2675.855 2637.308 2546.138 2421.084 2349.317 2281.294 2373.569 2273.696 2159.47 2253.269 2128.022 2173.952 2106.394 2139.274 2226.091 2236.139 2045.529 1954.765 1851.501 1729.619 1676.902 1699.335 1618.53 1498.207 1358.754 1247.313 1231.476 1241.412 1161.172 1075.951 1076.019 981.4602 892.9207 821.7587 721.5519 683.9516 621.7116 566.6592 515.5527 419.6873 325.5548 292.7578 420.5238 355.812 308.3715 841.78 783.2145 NA NA
32763.42 47758.04 60569.67 63243.54 68776.46 82983.28 93233.54 107188.3 127733.4 134921.8 157465.9 181445.4 211401.8 207683 225918.5 237172.4 245678.6 242485.9 307165.7 304817.4 332115.4 289868 367962.7 516156.9 660387 829814.3 1166859 1406113 1459769 1349580 1113793 1432872 1413597 2344323 2547552 5098606 10130432 50349530 139344810 284192687 1753636798 1177382166 2492556500 185218363 709401214 617938765 992499552503 228003372797 NA NA
1951.854 2294.4 2439.476 2451.209 2466.607 2551.436 2596.421 2691.087 2732.777 2736.171 2765.372 2790.392 2821.833 2842.081 2903.018 2884.826 2935.662 2935.028 2944.938 2843.342 2925.972 3090.766 3085.252 3042.785 3212.517 3040.249 3170.679 3313.1 3345.936 3357.168 3343.26 3097.148 3133.501 2864.565 2797.353 2466.7 2534.282 2241.41 1994.087 1997.592 1624.316 2140.744 3228.343 5315.716 5716.329 10590.24 5637.367 136238.9 NA NA
1663.384 1896.993 1979.682 1961.29 2027.994 1951.55 1823.688 1711.488 1596.808 1580.078 1504.171 1467.145 1501.398 1430.068 1399.302 1317.242 1232.073 1141.975 1149.162 1210.298 1094.564 1207.003 1119.082 1113.538 1116.381 1004.282 951.5741 911.1441 809.9917 790.23 681.3391 720.1944 646.9828 660.5685 616.1923 551.1149 458.447 471.1584 383.7999 378.4288 332.9375 350.4219 267.3392 189.6857 129.4614 105.2064 77.06572 42.32456 NA NA
3676.114 5309.546 5969.148 5628.493 6216.31 6341.683 6911.434 7949.615 8856.227 9197.995 9868.247 11053.82 9449.615 11986.86 11142.05 11679.65 14997.58 14563.62 16009.07 18601.94 18705.89 19100.89 17537.98 14101.99 17333.28 19236.58 19729.11 23348.2 21094.53 17572.35 16097.6 15567.61 15180.5 19139.01 22987 15827.95 17142.19 19089.46 29101.29 41741.25 77470.82 49944.92 59471.88 108365.6 5474654 59402562 2566793 21861341 NA NA
3257.696 3819.543 3949.287 4155.577 4329.114 4495.57 4689.224 4767.516 4803.928 4812.865 4748.858 4776.281 4719.983 4838.997 5834.684 5654.866 6297.884 6540.639 6409.816 7151.011 6985.059 6792.876 6376.727 5951.765 6088.25 5496.213 5572.217 5096.803 4774.596 4601.1 6169.01 5750.176 5206.992 4550.9 4088.365 3619.195 3179.778 3210.529 2985.811 2804.611 2615.694 2195.136 2177.513 1901.559 2026.834 1341.718 1446.312 436.4723 NA NA
5094.077 5954.361 6449.381 7432.448 8230.041 9370.516 10331.9 11826.72 13025.4 14226.23 12709.81 13265.9 14269.71 13675.75 14335.57 13873.33 13086.68 13670.21 14574.01 13000.28 12507.94 12291.43 12241.24 12950.46 12103.29 11576.65 12356.47 12222.63 12086.61 12652 9746.118 10958.72 12983.37 11061.99 9729.956 12841.2 15499.85 21985.28 14412.52 20586.15 18403.21 15897.46 19995.71 47032.85 715813.3 24364246 3102053 NA NA NA
547.8233 520.6244 511.0342 489.986 465.8875 452.1734 432.1613 424.4121 410.9948 390.5398 381.4855 369.2822 353.3749 348.3399 338.5474 331.3199 319.448 312.2491 311.1109 297.1609 290.1566 280.1041 279.4189 277.1081 260.6273 251.2833 241.5595 234.1871 228.9824 211.1335 197.6145 187.7648 175.5857 162.2892 142.4255 131.9525 128.3662 120.4537 112.3528 106.0277 95.756 79.6539 61.96652 55.79675 44.5467 40.08566 31.90305 15.78982 NA NA
916.6975 821.9043 776.6147 762.6028 736.8378 724.3319 718.4179 685.7355 656.17 642.1 614.7861 604.4603 597.1073 585.7786 580.4792 566.7022 519.3358 521.4192 512.205 489.3992 474.2219 447.5388 438.3283 431.713 393.543 371.2255 361.2798 350.1127 339.7678 324.982 309.5133 291.1218 271.705 251.8528 249.9502 235.2607 220.5773 208.7259 182.2468 169.818 141.2345 124.8526 101.1826 95.57693 81.27498 60.88686 60.74118 40.2069 NA NA
1740.137 1717.367 1753.142 1838.744 1880.977 1917.771 1901.196 1924.316 1879.829 1882.252 1835.483 1857.52 1828.011 1772.156 1734.956 1731.073 1725.584 1846.526 1843.398 1862.346 1846.243 1816.64 1861.515 1793.441 1866.901 1839.382 1911.088 1906.049 1787.425 1558.922 1411.193 1499.578 1607.251 1799.964 1921.177 1662.697 1345.03 1130.058 963.3274 982.8001 975.1192 726.381 743.6751 663.6866 774.182 881.2759 20471.77 2791.022 NA NA
7390.313 9134.829 10525.89 11858.11 12559.59 14605.92 16065.24 17070.53 20033.27 22962.74 25083.9 29745.18 38151.53 39571.86 43195.44 43589.5 43475.24 50560.1 52629.02 65073.35 61104.39 67752.18 68213.23 67127.69 71183.72 74075.96 68927.61 60029.49 55511.67 52017.38 55349.62 47348.93 40495.58 47943.97 52083.82 75435.71 120549.6 103696.9 118098.8 141231.9 94793.49 74500.89 144288.4 154656.1 805775.2 11363885 11246515 61373740 NA NA
709.5816 661.9481 632.3742 613.1773 588.5997 568.9447 560.3567 546.3515 535.656 519.388 506.7565 484.0525 466.452 453.9611 446.2683 430.8085 410.7047 399.2742 392.9438 362.216 353.286 341.6796 317.4089 296.9338 278.3177 266.4031 255.8542 240.7197 225.8733 213.0626 204.8401 193.2321 180.7739 170.7271 164.7859 161.1393 150.7922 127.4995 117.8928 108.8008 97.95175 91.77742 77.06954 71.21172 64.22192 50.55333 42.62743 22.80583 NA NA
1163.244 1246.324 1269.144 1267.555 1308.104 1366 1397.152 1310.801 1308.072 1317.84 1242.204 1187.484 1177.931 1204.663 1164.342 1193.072 1171.959 1168.795 1194.211 1138.392 1193.365 1205.098 1250.714 1231.221 1219.994 1243.741 1178.695 1097.085 1026.929 1045.109 904.0929 821.3667 684.4495 685.1605 697.1611 613.2437 620.2777 641.541 734.5458 976.3335 1167.921 810.2695 957.2863 831.6635 497.1734 269.2636 186.295 5862194 NA NA
25424.8 40035.92 52089.72 65337.57 82261.2 99010.5 124521.4 148615.6 185437.5 252798.8 308210 450209.5 664902.5 963482.5 978303.1 1332657 1966952 3095470 3589267 5733521 8706433 13130432 17009741 24199603 24719484 30864074 35318597 31182793 30213386 22949846 17841441 14123950 13550302 10038000 6929780 6765119 3694222 2004471 1796348 2735536 5104733 18370235 9659126 30501579 69134166 17759138 81664282 162285107 NA NA
566.3644 557.2426 553.7074 547.8652 540.3315 530.2069 516.2724 510.907 480.9463 471.8745 449.2415 447.2596 433.1384 420.0372 417.7178 396.7818 383.0725 372.2671 360.9925 350.0054 343.9001 342.7211 337.0684 338.283 328.0489 305.4457 282.9421 274.3464 264.6945 245.4549 245.2997 242.0363 231.4975 210.0095 197.2562 182.3788 162.1109 153.7354 143.3029 131.1321 114.7972 110.9911 95.37641 86.63826 70.6099 62.7135 41.56279 31.71786 NA NA
444065 615444.8 657153.6 739833.1 791361 909960.3 945877.5 849446.4 827181.5 714033.4 628929.6 497890.5 396187.6 448581.3 395326.1 485325.7 526699.4 587126.7 598141.4 519637 658138.6 474459.8 502990.3 566204.5 532864.4 366540.1 267394 287408.4 260746 221615.6 300996.6 209430.5 132172.5 167832.6 149590.7 157284.3 162646.2 558882.9 283865.5 120935.9 202780.5 173287.5 56761.68 19650.14 10479.58 3314.804 27853.24 34368467 NA NA
1248.921 1231.8 1225.571 1221.263 1169.84 1212.113 1206.467 1230.27 1219.74 1165.809 1174.954 1127.179 1103.278 1129.447 1144.44 1176.235 1161.182 1128.753 1145.806 1161.273 1112.254 1071.764 994.7582 1041.233 981.4545 985.6648 917.9011 922.5236 853.5673 801.8549 802.5139 762.3392 673.1747 641.3791 542.7699 496.6462 466.8168 418.4616 399.8424 344.0788 309.9647 308.4755 295.5669 203.1629 245.7109 331.7229 236.3943 402.8466 NA NA
1294.846 1426.94 1338.92 1380.838 1367.957 1448.196 1533.276 1519.552 1533.548 1633.469 1626.833 1608.908 1575.328 1579.664 1700.935 1725.79 1646.343 1618.979 1483.465 1449.674 1323.723 1216.904 1253.797 1300.412 1318.346 1319.165 1256.465 1223.215 1298.841 1299.043 1685.214 1663.919 1409.666 1139.198 913.2443 890.3457 828.2034 869.5779 617.7199 612.0382 553.5623 493.0266 535.7921 426.5981 825.8119 10999.75 52879.55 40453.82 NA NA
701.2699 701.6487 708.1438 704.479 686.0939 685.7213 671.3201 669.4841 661.3233 659.4771 646.7186 635.6578 622.9803 608.8944 622.7766 611.6929 586.967 563.9762 540.7716 529.11 523.0596 505.118 490.1455 465.7783 440.8514 433.0595 413.9978 397.2815 384.7104 363.8883 338.2107 320.3026 310.0407 292.8824 267.0888 250.2412 230.8516 208.2086 199.0643 179.7877 162.7012 145.3816 128.2894 116.3162 106.4768 76.37534 58.47356 39.07537 NA NA
15528.02 19669.02 19028.37 19583.32 22630.76 26688.3 30629.54 33829.23 39545.73 48424.83 53412.08 64819.14 77849.81 76141.82 94173.69 108036.4 114726.8 109894 109598 108534.3 110771.2 98289.2 102808.2 93087.44 100065.9 95241.92 103304.1 90079.55 111957.9 129076.3 145879.4 201276.3 232057.6 278425.3 266280 465159.3 442508.9 978078.7 2085964 3348037 13205661 14543377 6154651 33299042 61109430 311263992 5555880 55177340 NA NA
1534.971 1465.608 1404.831 1388.48 1426.875 1381.966 1325.071 1362.146 1305.564 1342.88 1276.995 1282.328 1469.488 1489.464 1409.487 1357.268 1277.722 1205.119 1236.183 1161.119 1143.208 1113.394 1046.541 966.378 894.9347 844.5328 786.0937 740.3017 686.9703 626.7474 599.7074 549.0329 520.3025 480.1462 459.8793 406.5704 367.6886 341.2985 292.5503 269.0456 244.6079 213.6933 179.2165 154.376 127.6211 132.7791 182.304 730.3932 NA NA
33493.79 40121.75 48789.23 57714.57 74190.34 85190.66 101437.1 124849.2 153357.7 159492.6 157503 200201.6 259820.9 322159.4 364909.7 361952.9 373763.4 468912.7 568365.9 660804.4 949191.4 1082628 1939153 2229992 1829231 1643140 1623672 1762455 2508018 4585881 7285890 6922289 11200752 14660471 23505999 22449366 15798968 34409939 61371998 55765673 341373088 320577066 181174698 438737330 658029663 2733164540 50001173569 269579442094 NA NA
5462.321 6697.672 7432.914 8125.757 8888.878 9521.783 9891.044 10094.7 10761.11 11577.42 12524.7 13359.62 14118.21 15290.93 15793.61 16642.56 18172.18 19432.14 18757.92 20353.5 19776.26 24442.29 24770.84 25632.95 25531.98 26263.04 23571.16 22352.05 20671.04 20261.2 21097.93 21085.34 17289.53 18206.24 14655.66 13836.85 15398.25 12151.99 7253.711 5900.198 4906.009 4889.781 4460.89 14471.38 214541.4 3164660 259474.3 121109.8 NA NA
6037.455 7219.117 8051.715 8956.609 8991.597 9583.468 10529.74 11565.62 12586.98 12471.62 12653.49 13295.35 15400.24 16344.02 18618.2 22170.08 23827.22 22722.17 30226.6 29804.56 31844.77 34416.52 34322.6 38829.29 43544.48 50351.98 58260.43 70998.1 82965.46 105336.8 162141.9 200188.6 310781.8 408443.6 456005 415465.8 367789.9 438579.3 449759.6 617285.3 258112.4 198398.6 251493.6 539837.2 1978265 71775306 64073679 1344703109 NA NA
9755.721 12804.83 13932.41 15302.11 18746.04 22370.54 24493.6 28390.77 32169.77 35680.79 42623.12 52636.13 65515.92 69505.95 69448.71 70020.28 88830.08 102522.5 114300.3 114074.8 116523.7 112253.4 134982.3 172504 196144.8 196457.6 281899.9 454574.7 647013.7 529718 556166 434580 429030.9 519501.4 393515.5 532172.8 670638.8 1160477 922764.8 1780639 1962700 1157838 3530906 2441824 4952975 15295458 1612538 14685667 NA NA
8015.867 11687.8 10941.67 12640.49 14609.01 16643.1 18558.53 21573.03 22135.96 24564.54 27495.27 30083.92 34318.7 33770.2 34119.87 38314.28 47656.71 51413.17 58318.06 70245.97 89087.25 113549.5 110207 98044.12 94344.17 109739 140948.2 207322.6 227990.9 203646 303789.3 296180.7 287571 384813.7 338472.3 269947.3 339149.7 439045.8 252673.1 346442.8 442932 848081.2 9787688 18038167 80227581 7880361 50809338 356054 NA NA
2883.809 2889.04 2743.789 2601.657 2480.061 2558.932 2623.974 2567.882 2510.753 2541.304 2647.232 2561.75 2692.986 2785.673 2921.164 3077.154 3331.745 3591.715 3505.631 3386.434 3341.513 3623.068 3954.802 3991.369 3850.365 4147.906 3922.354 4795.215 3939.265 3210.868 2656.011 2799.388 2544.716 2650.736 2164.288 2488.376 3170.78 4013.623 4183.718 3550.594 2859.43 2597.383 1829.125 1566.721 895.7257 1882.955 3089.429 1460.528 NA NA
2336.749 2712.963 2831.685 2993.783 3040.413 3197.916 3394.289 3493.559 3644.236 3749.161 3835.02 3941.457 4223.953 4599.81 4687.598 5060.598 4943.127 4897.6 4709.04 4825.262 4733.404 4521.622 4664.496 4801.904 4811.432 4804.846 4677.822 4221.736 4687.189 4969.141 5418.582 5234.704 5828.129 4880.308 4097.487 3962.296 5434.812 4271.694 6229.053 9094.362 9210.691 10298.16 24077.38 59676.69 24479.08 34292.95 111893 244210.5 NA NA
2582.48 2875.42 2980.785 3144.191 3528.172 3580.298 3481.006 3137.743 3121.206 3202.948 3252.333 3184.909 3311.868 3285.182 3461.259 3349.41 3430.942 3768.767 3392.427 3879.487 3729.886 3586.592 3674.676 4261.719 3799.151 4071.095 4370.581 3989.328 3507.19 3812.284 4496.316 4513.989 3978.056 3610.056 3510.451 3924.485 3163.09 5013.874 3294.926 3227.145 3647.877 2164.67 2972.74 2685.085 2279.443 1284.756 1343.973 430.3249 NA NA
4502.791 5105.142 5199.773 5753.764 6314.15 6261.46 6731.166 7248.502 8046.757 9262.022 9269.045 9502.731 10081 10180.04 10875.58 12197.73 13385.1 13497.86 13577.79 15565.75 16195.99 18387.02 20430.13 24559.18 26694.46 31481.49 45509.45 49502.18 39785.95 40031.26 51836.31 75108.63 77754.94 91798.16 67933.04 55453.45 52364.85 72655.92 104504.4 122472.8 316948 100286.6 250036.7 627030.5 187402.3 177895.6 1799462 655915.8 NA NA
817.9654 818.5949 831.1945 805.6474 809.5409 793.4955 776.5129 784.2141 766.4306 762.8551 747.8235 750.526 730.29 705.8161 699.8402 696.3053 685.4745 643.4038 635.2857 594.1517 557.0048 544.0602 518.8115 493.4982 473.6712 445.6299 424.4048 411.8323 387.1409 370.3924 340.745 326.2328 307.9863 293.8837 273.4506 257.4473 241.1346 235.099 218.7019 196.843 174.9333 153.0247 130.5643 100.5816 77.71754 60.17534 53.98165 1404.771 NA NA
2614.34 2689.294 2777.335 2768.775 2787.241 2988.104 3006.069 3058.469 3303.611 3292.227 3386.333 3238.829 3346.395 3384.046 3271.438 3299.666 3258.925 3464.978 3550.418 3493.588 3214.733 3033.266 3121.809 2854.692 2561.153 2266.261 1994.296 1760.497 1538.691 1459.547 1269.756 1178.688 1205.567 1584.387 1674.733 1467.364 1138.703 991.826 857.9553 775.1896 743.6212 738.3714 635.0577 425.9402 285.779 211.764 345.8376 346.4958 NA NA
3410.307 3578.466 3901.781 4200.112 4311.63 4734.404 4363.639 4912.248 4855.927 5149.05 5787.171 6021.117 6495.806 7296.611 8138.98 7700.249 8760.188 9951.614 11034.62 11598.93 12235.08 11979.43 11625.76 10636.19 11650.4 12394.91 14415.59 10748.35 11000.99 9726.287 8423.762 9125.072 9365.994 9566.216 11240.92 9465.645 10151.77 14286.42 11809 17266.43 8950.169 6127.072 9141.37 11071.71 10683.26 8295.081 12202.45 100215.1 NA NA
542.301 542.6983 535.741 532.5453 510.9685 492.7761 482.806 470.0969 457.0945 453.027 441.1149 433.2388 425.6251 412.4268 398.0034 367.9242 359 348.409 332.2031 317.5582 304.8428 295.8051 287.7165 276.0767 264.9139 256.3099 244.0996 234.2891 229.4429 218.3998 210.5316 193.3609 189.2453 183.0117 178.2077 165.7969 158.4034 152.9816 131.9465 119.6804 104.6522 103.8674 110.3039 82.7895 98.19605 69.11036 46.57747 NA NA NA
933.6554 913.9851 911.0959 914.273 884.6762 869.7791 859.6078 841.9985 830.754 824.2448 806.3019 783.3323 782.0185 779.6052 782.1322 783.2259 751.3772 745.5428 719.2073 688.7139 683.4062 671.9264 661.357 635.6366 625.8594 599.5974 611.9333 603.2284 577.288 578.2769 532.9673 483.0435 489.6753 448.6062 405.0452 421.6004 381.7847 334.9259 300.9099 273.3931 246.4641 243.3749 219.2266 238.6056 198.7954 158.1345 127.367 1357.743 NA NA
1964.329 2123.906 2301.42 2371.338 2479.262 2565.356 2781.355 3003.428 3045.579 3227.203 3162.141 3433.483 3250.762 3353.232 3248.945 3241.635 3662.138 3675.076 3953.985 4335.643 5068.607 6083.564 6412.75 6018.249 7095.027 5784.023 4792.912 4599.638 5026.602 7762.044 7318.129 6511.131 6594.667 6850.198 7262.79 6190.876 6421.089 7009.988 7435.763 11547.56 27342.18 21868.42 89556.59 47556.82 504314.9 16877782 5080895 25646868 NA NA
1138.706 1057.14 1049.72 1003.726 979.4217 966.7621 934.9757 925.6238 897.378 888.274 877.0678 851.2077 832.382 816.085 781.2788 765.4048 745.2145 706.3202 651.6987 638.2676 593.8759 564.5761 541.0098 506.8544 489.4254 475.779 470.0609 438.978 439.0753 428.7305 404.4094 394.235 368.7787 357.3661 351.096 328.561 311.0294 280.0743 272.3254 219.7009 198.5161 163.7737 126.0262 108.2099 90.22067 59.56458 53.32743 26.87859 NA NA
726.3339 764.9341 771.492 775.4933 773.3982 772.7316 773.602 779.0535 788.8128 769.9793 774.1363 752.7824 728.343 689.8559 673.7042 654.0743 645.3651 629.836 617.3578 610.7423 608.3916 605.9368 603.6531 584.5157 579.6282 571.9986 573.1108 574.1875 527.4106 526.3465 520.5561 528.1721 486.0074 429.706 438.2376 452.0044 416.7568 341.3771 294.2768 300.5059 277.7739 356.6152 572.9671 497.7227 420.7937 408.8093 305.8782 1564.012 NA NA
1945.498 2103.57 2010.478 2176.902 2438.559 2406.113 2443.151 2708.517 2636.831 2613.039 2864.47 2940.492 3261.416 3337.353 3742.91 3448.153 3915.871 3581.86 3781.337 3797.045 3852.898 4265.133 3666.747 3889.968 3775.891 4105.008 4486.182 4798.617 4562.209 4362.904 3420.998 2771.911 2350.951 2341.669 2791.41 2721.812 2790.803 2859.741 6018.855 7860.646 6019.695 28891.83 149741.4 111887.4 67058.72 58890.38 210479.5 NA NA NA
657.6595 609.4868 588.2495 560.0792 526.0492 502.7905 486.6009 462.373 444.7213 430.3976 402.6232 385.1963 368.6584 356.7606 336.3482 324.2639 307.9558 297.1557 275.728 268.5418 259.0235 252.0783 247.0235 238.0188 227.7008 222.4768 214.8813 207.0474 198.6848 189.8038 182.1091 171.6077 162.8469 152.3368 142.9261 136.4903 127.1477 122.1936 119.011 116.4376 96.24298 84.38646 77.26136 61.28749 54.97186 36.74293 33.07657 23.15276 NA NA
1974.014 2049.783 2174.86 2342.03 2511.349 2459.572 2492.701 2640.586 2455.977 2498.643 2519.414 2618.523 2758.034 2674.347 2596.356 2728.656 2854.254 2991.075 3163.76 3068.768 2968.276 2604.591 2658.666 2487.962 2446.023 2412.385 2511.407 2429.668 2305.483 2091.378 1925.728 2004.256 1869.362 2251.653 1979.774 1738.756 1585.228 1640.559 1701.659 2010.928 2060.676 2613.048 1973.704 1460.571 1167.753 820.9059 914.7213 684.5895 NA NA
3834.51 4254.826 4783.086 5042.487 5236.154 5526.396 5977.264 6347.701 6790.179 7168.209 8326.416 9099.441 11208.48 9548.437 9504.499 8446.111 8921.163 9228.217 9123.189 8705.099 9615.568 9429.759 10539.53 12405.99 15039.39 17837.3 17519.37 16664.77 17324.85 16925.47 15864.04 16530.85 67950.93 66400.1 53321.53 51126.83 77783.31 65062.14 57910.6 79629.11 71106.9 61156.27 65493.2 15175.01 36073.41 1166019 5252462 162974.6 NA NA
1360.688 1402.611 1415.674 1419.915 1446.748 1432.345 1414.869 1388.793 1356.75 1324.698 1304.505 1321.561 1281.811 1255.268 1236.825 1186.82 1165.843 1125.355 1090.243 1094.236 1054.887 1025.663 995.0119 995.4371 955.512 918.2908 935.0677 922.4715 878.7079 861.2885 813.2676 817.2688 789.4453 767.5759 749.802 715.086 685.9536 599.0072 527.1314 450.0027 388.7722 376.6561 327.5715 277.9944 245.3943 214.4315 171.7793 79.29584 NA NA
971.8858 1027.468 1107.432 1204.01 1181.833 1177.649 1190.894 1213.229 1240.738 1371.308 1345.093 1305.505 1290.177 1342.5 1326.674 1264.519 1237.66 1252.451 1302.054 1416.039 1316.934 1151.51 1126.732 1049.931 982.0043 1128.668 1029.69 980.6856 852.8458 915.3504 999.694 945.1924 1004.292 1076.047 1393.99 1306.331 1388.579 1132.326 1569.936 2062.383 1621.448 3074.598 23723.98 13529.43 5703.22 26776.15 190231.1 NA NA NA
759.6392 770.3114 782.4134 747.1577 754.2286 735.8816 716.3948 713.3639 665.5436 648.8823 645.6161 641.669 642.0271 626.9767 619.6928 617.3174 614.4281 598.342 592.5468 591.8098 581.6532 547.2674 547.3852 508.362 486.2314 463.2006 421.8353 392.4944 367.0533 340.4208 331.7807 319.427 306.0766 300.7049 280.5648 274.0167 240.5316 202.7167 192.7687 187.8584 187.2908 175.9714 174.9799 167.0009 112.5576 154.3686 88.81317 43.4937 NA NA
2414.591 2343.689 2449.768 2603.325 2723.19 2779.413 2635.568 2627.752 2638.392 2732.022 2755.996 2579.734 2681.07 2785.861 2820.387 2837.937 2914.423 2778.796 2759.597 2812.258 2845.742 2997.284 2846.433 2891.757 3032.416 3042.408 3055.057 3064.042 3067.848 2778.816 2860.633 3000.035 2931.176 2673.54 2372.229 2179.096 1937.321 1895.114 1861.283 1149.803 1077.701 1043.246 812.5201 589.6841 529.1518 378.6515 749.8967 591.6742 NA NA
2185.064 2163.07 2113.215 2046.083 2096.849 2034.345 2091.266 1953.005 1942.249 2012.945 2045.875 2187.021 2206.889 2026.018 1977.291 2021.105 1928.534 1773.728 1662.541 1616.627 1631.787 1688.248 1783.406 1676.303 1548.809 1367.509 1525.42 1479.991 1442.179 1355.442 1189.024 1168.544 985.9032 845.9271 808.6835 753.712 704.3651 656.1656 625.2161 544.2344 442.8171 357.3935 256.0142 227.4177 164.6822 108.618 59.42145 NA NA NA
57282.45 88483.47 119944.3 178203.5 246494.2 288095.7 400918.3 475832 497363.5 552815.4 670000.7 650312.3 818181.9 942728.2 964438.3 1329079 1706612 2111441 2763446 2847784 3259940 3140758 3580160 3223649 4051634 5404051 4970603 6139790 7531852 9109586 9202641 15776353 21492144 29551927 59768644 141576884 651899014 1174987612 935512195 653295400 960289738 3242674764 71413211851 46321473184 43455645026 2950812872 4002683785 40830012060 NA NA
