2244.722 2117.68 2143.634 2178.397 2343.081 2528.655 2673.515 2724.46 2683.086 2690.54 2694.625 2712.647 2721.638 2465.504 2279.891 2160.534 2098.811 1893.208 1787.693 1654.41 1585.778 1442.403 1403.987 1237.799 1046.866 962.3263 877.4152 841.7272 729.1522 661.4654 622.6869 566.5249 556.76 538.2311 480.2254 425.2823 359.8104 341.1603 318.8336 280.3815 253.5816 251.5527 206.5465 313.9106 224.8837 167.3494 98.11053 321.1542 NA NA
3375.12 3470.759 3348.804 3553.374 3468.021 3734.371 3584.177 3784.523 3736.028 3950.917 4017.27 3866.747 3969.703 3638.936 3628.192 3516.632 3684.718 3440.687 3445.4 3356.232 3224.155 3385.374 2862.925 2388.894 2414.041 2457.767 2660.532 2335.206 2293.559 2090.798 2140.634 1902.959 1862.081 1803.634 1597.265 1501.488 1316.903 1000.385 768.0693 688.0225 677.4915 633.8836 693.6194 1873.39 9402.585 979665.2 5772336 2330694 NA NA
2594.945 2857.396 3279.79 3429.135 3655.335 3806.89 4137.257 4080.94 4525.671 4881.326 5333.188 6306.243 6417.888 6769.249 6727.124 6089.937 5670.836 5112.842 5215.962 4830.443 4478.08 4739.591 4407.489 3801.504 3782.83 3406.817 3430.328 3490.543 3673.234 3282.215 3027.028 3056.279 2712.394 3050.571 3644.602 2878.882 2473.881 2860.073 6183.254 15003.19 61981.3 388276 94308.84 33875.25 35324.41 107595.4 136933.6 125274 NA NA
1048.707 1248.251 1519.758 1547.56 1567.395 1743.507 1897.368 2135.174 2190.292 2312.184 2574.075 2581.295 2448.971 2644.499 2742.043 2556.86 2646.974 2553.791 2330.857 2064.583 1919.985 1791.886 1588.861 1600.081 1583.862 1548.571 1441.327 1344.791 1177.383 971.0546 935.2256 926.7172 809.271 712.5121 606.7483 617.9338 551.3402 457.2114 293.8943 246.5948 194.8796 164.1922 119.1158 96.06157 65.15704 42.77069 30.73931 63.49981 NA NA
2965.397 4178.173 4081.103 4247.311 4426.548 4582.443 4772.432 4943.289 4821.928 5281.282 5428.121 5325.706 5779.41 6068.951 6561.873 7146.499 7012.946 6251.548 6623.322 8354.398 10921.52 10974.21 14400.25 13054.83 13319.19 20516.79 20280.04 21417.88 30203.03 25891.35 32514.63 26444.85 34145.99 35942.6 68487.65 200676.3 435102.4 874087.8 722944 459648.4 271755 361451.6 685412.8 1352628 3907286 157992710 493806633649 115293023 NA NA
2666.705 4674.847 6069.693 6488.043 7668.204 8211.458 9754.765 12301.67 14274.6 15196.38 19737.92 26840.6 29132.13 34841.52 45622.42 65385.14 56852.43 63636.72 71966.01 80587.57 84129.02 86047.35 126958.5 179399 120697.3 168615.4 177824 210348.8 194677.2 120629.5 144247.4 105431.9 103305.8 83543.18 67296.22 83253.41 91918.53 126327.2 119862.8 243986 415924.9 1470468 8796663 1199080 307316.6 142804 1837642238 619415227438 NA NA
11652.63 12975.12 13656.51 14836.91 15763.1 15934.03 16652.61 16847.5 15865.85 17237.24 16820.47 16933.01 17171.65 17181.14 18135.21 18283.6 17915.81 18459.43 16605.96 17082.44 17707.5 20081.43 19085.28 19820.26 16353.08 17557.17 16154.03 16285.35 14864.05 15131.13 16096.66 11908.41 12047.88 9150.012 8665.186 9428.04 10616.59 10768.61 8400.918 13842.09 24106.57 30855.39 132609.1 130047.8 26539.64 56364.89 18733.21 10653520 NA NA
6256.385 6978.475 7364.543 8235.444 8878.761 8309.796 7680.669 8541.603 9137.395 8720.591 8455.281 8317.759 7987.565 7752.779 7403.57 6374 5619.863 5497.177 5415.251 5266.321 5009.8 4519.705 4502.166 4142.419 3739.437 3255.441 3201.064 2765.627 2160.069 1885.208 1428.939 1398.732 1278.526 1236.333 1233.344 1044.586 866.9175 667.3929 580.5212 560.0874 602.6139 347.8458 260.4421 199.9878 130.7572 103.9843 87.81503 456.1809 NA NA
2486.985 2763.769 2971.523 3498.979 4110.549 4416.267 4680.267 4858.402 5104.951 5438.892 5562.549 5793.603 5803.951 6135.197 6326.504 6158.915 6328.986 5934.259 5263.555 5352.713 5665.243 5286.532 5064.491 4745.469 4104.242 3484.18 3470.304 3233.702 3251.619 3495.43 3786.486 4367.002 4010.61 3664.491 2624.16 2179.955 1931.507 1777.402 1388.93 1154.619 985.5455 768.0636 723.4115 397.814 244.3665 183.6898 242.4865 283.4835 NA NA
2572.895 3318.457 3828.613 4289.145 4807.818 4716.386 5102.184 4979.108 4975.388 4951.415 4873.333 5001.267 5248.585 5528.823 5306.756 5608.144 5452.836 5921.695 5567.316 5232.709 4869.396 4180.172 4216.228 3882.269 4142.013 4178.315 4427.427 4309.985 4543.719 5031.571 5470.266 5454.983 6463.174 6857.422 6599.014 10218.43 19894.81 13061.43 8476.025 11862.69 34198.35 166884.2 243850.8 412876.5 532458 13884438 220507.4 22249.53 NA NA
6968.534 14027.69 19294.79 27291.78 30714.38 46770.55 61658.63 78376.92 67595.49 92817.1 140805.2 147289.9 152106.5 165834.8 199715.6 194118.1 176638.2 234653.1 298991.4 344934.4 459611.2 637354 723211.8 689674.6 902473.5 1235002 1189225 1708307 2800203 3793539 3477891 2745194 4511468 5991606 6392100 8781299 10642574 20600919 13989434 39016178 460171347 847502701 1598629322 4856525923 437722547028 67408.61 NA NA NA NA
2845.144 3379.013 3876.448 4767.169 5636.134 6196.385 7668.073 8641.66 9765.195 9783.68 10541.45 10753.95 10246.53 8558.854 8930.736 9677.95 10477.29 10446.48 9201.65 8649.391 8457.844 8357.435 7420.377 6392.244 6376.578 6288.981 4916.116 4921.27 4637.903 4570.951 4970.094 5186.034 4364.897 4941.615 4131.324 4952.487 5195.624 4042.229 3004.166 2120.141 1482.555 1207.091 1517.387 2909.029 13253.77 6123851 2306163 535.228 NA NA
1538.49 1595.66 1557.802 1643.84 1640.118 1625.068 1585.489 1630.712 1638.39 1561.984 1563.33 1501.996 1371.465 1371.354 1394.173 1317.69 1308.448 1319.902 1340.516 1361.39 1130.762 1083.193 1069.708 1080.279 983.5802 922.9659 968.4024 895.5327 847.7903 794.4033 780.3121 793.942 736.4502 654.5239 663.7783 618.3979 543.2526 523.6519 617.9235 429.2697 513.7643 494.1683 1313.004 1084.482 561.2208 1485.3 13268.31 5782.377 NA NA
1392.623 2007.899 2355.052 2757.775 3118.715 3885.838 4203.016 4851.734 4689.222 4882.616 5977.722 5863.932 6648.328 6507.882 6350.714 6224.737 6041.334 5207.595 4972.535 4557.955 3992.502 3992.901 4131.939 4029.04 4056.677 3405.264 3131.524 3212.97 3665.568 3634.565 4705.583 3520.251 4775.757 4863.178 4773.916 4932.22 4202.784 4058.707 3239.22 2146.503 2566.747 3521.589 2359.017 33054.13 8412.849 9556.961 3147.997 7144.471 NA NA
8716.632 13367.79 15349.97 20107.17 27597.21 28808.62 33899.26 39921.43 48266.53 49861.36 57055.33 61828.12 81093.09 109224.2 113825.9 124501.2 115222.9 149860.1 206084.4 310852.4 339458.1 309735.7 523189 701338.5 1025664 939372.1 893951.6 908395.6 1488974 1114127 1384171 3938154 2968535 3487563 3769421 2173164 1822134 1108839 812067.3 1956121 1408002 1573783 2272726 596069.8 320225.8 181496.8 22975298 776590208907 NA NA
1513.633 1809.776 1995.078 2203.682 2390.498 2704.653 3015.466 2873.026 2713.117 2771.734 2435.8 2597.259 2534.272 2409.74 2601.438 2427.227 2369.507 2522.22 2639.148 2422.395 2508.883 2528.624 2290.26 2159.67 1916.947 1972.672 2049.743 2074.804 2237.467 2428.279 2315.867 2548.522 2261.551 2735.944 3545.285 2338.235 2250.233 1945.072 2332.764 2405.87 2019.961 1382.696 898.7997 862.3445 1417.774 1481.944 495.6175 2563.404 NA NA
3680.005 4716.864 4994.923 5609.623 6273.476 7092.225 8249.098 9418.56 9931.383 9563.539 9282.802 9132.132 8696.231 8309.138 8182.844 7895.402 7929.867 7383.253 6670.368 6650.427 7003.946 7026.274 6565.435 6569.909 6031.016 7141.586 6469.07 7314.551 7148.468 7688.422 5997.083 5497.348 6916.41 8211.471 12079.87 10066.34 11548.99 15308.25 8558.528 7695.184 9651.914 7562.282 4653.988 3632.62 2130.236 1243.927 5281.615 1151.432 NA NA
8683.661 13348.64 16245.17 18160.55 24662.48 32337.09 32403.4 36190.78 35316.29 37942.46 40712.25 44050.33 53589.69 69540.71 90245.55 105792.4 144209.4 208175.3 226879.7 241920.8 285279.2 276875.2 328386.2 320498 223247 316399.9 460170.3 481958.5 648574.7 401065.4 474369.4 449013.3 549992.1 540700.1 483252.2 296845.3 293522.2 188151.7 104383.4 96893.09 133911.3 173645.8 105406.7 35834.74 36707.62 17750.25 12948.4 4719638541 NA NA
4479.749 6598.149 8224.909 9724.106 10062.86 10921.42 12374.63 13522.85 13877.75 16364.19 18925.66 17910.26 18803.02 18534.23 20625.83 23626.72 27042.85 25729.89 31582.92 25924.3 26396.41 23908.49 26959.46 25977.81 29650.64 26139.85 23178.23 22804.12 18775.31 14389.28 12121.16 10907.19 9914.243 8743.728 7228.641 7417.279 7042.127 5521.704 5464.958 5896 8238.54 19590.62 26982.25 12470.62 12914.22 7720.475 22447.61 NA NA NA
4708.248 5577.384 5385.739 5835.201 6106.562 5982.725 6541.643 5879.652 6274.434 6188.388 6141.109 6419.336 5907.508 5764.291 5634.82 5966.181 5899.567 5766.972 5963.558 5994.027 6584.645 6125.538 5931.212 6336.756 7633.365 8911.252 8504.157 7491.934 7656.698 8565.513 10690.78 16270.27 15855.56 18150.45 16075.44 21299.55 11957.53 10221.05 8018.683 12585.98 7787.797 9074.901 19866.36 16794.07 232448.2 27886918 7560318219 NA NA NA
4208.863 4747.108 4909.226 5278.698 5913.106 6792.929 6838.084 7165.493 8067.402 8867.221 9265.395 9371.466 9659.988 9123.288 9190.953 8576.772 8982.853 8653.399 8429.364 9138.401 9766.228 9556.536 10089.19 9387.921 9757.307 9852.435 10658.72 9840.673 8483.198 7426.974 8750.195 9464.951 7361.704 6894.996 6329.544 8528.427 6973.932 3831.213 3773.61 3187.086 1886.73 1112.035 893.61 793.6965 750.9039 641.8855 240.1713 1437.769 NA NA
1011.271 1192.947 1264.223 1378.18 1423.429 1388.918 1465.017 1491.896 1530.716 1636.659 1689.021 1645.27 1654.806 1558.968 1619.829 1578.755 1529.208 1462.761 1548.813 1500.307 1505.431 1513.685 1508.431 1570.931 1431.298 1555.871 1466.262 1483.425 1238.318 1116.543 1187.824 1244.205 1307.77 1040.732 926.7029 917.885 957.1998 932.4461 837.3123 686.4702 559.6731 487.098 567.8496 6638.279 4716.907 3494.737 400285.1 64099.94 NA NA
5405.561 6966.827 9060.647 9947.426 10668.97 12152.59 13395.07 15766.2 18186.09 21281 26587.99 25228.81 28314.94 27391.95 30646.52 32981.21 36191.08 33014.89 37432.9 37418.96 39979.7 31842.65 30698.45 26922.21 23302.82 21344.37 20658.89 16239.27 17908.3 13836.64 10861 10270.32 10374.74 7549.528 7154.366 7888.841 4802.783 3811.29 3346.629 2785.587 2166.156 1382.399 909.3206 572.5006 345.4708 538.7472 1409.034 1180.64 NA NA
5805.737 6997.573 7975.302 7893.413 8692.123 8536.668 8464.59 9098.592 9552.913 10450.4 10521.6 10909.8 11535.86 10988.26 11773.68 13265.92 13548.77 13819.8 14189.32 12942.09 13919.65 13586.02 10724.57 11284.17 11282.2 9354.988 10196.25 9533.879 10498.28 10553.29 12851.55 11896.43 10459.55 9418.338 7162.506 5111.743 4494.056 3384.876 2131.247 1711.586 1336.867 966.3998 767.5248 672.6254 425.6238 181.9834 127.0452 80.24564 NA NA
10144.88 13107.68 16411.95 17175.84 18828.07 17726.95 17676.56 17301.43 17090.87 17362.27 16414.19 16244.66 16834.6 17234.64 17698.22 18731.66 21760.47 23166.81 27280.1 32192.32 28455.61 34416.08 32556.7 28794.66 25270.59 18183.51 18692.11 20614.94 22415.67 25712.83 30784.32 28857.42 36579.67 25690.42 23009.33 27220.01 41375.51 25392.86 38441.26 89716.32 491891.8 6002493 4024913 29174948 23397821 89404930 6190034700 NA NA NA
4613.865 5716.367 6391.858 7630.747 9335.567 11591.4 12434.91 13846.85 13212.18 15995.75 17790.93 20437.85 18134.69 19312.85 16430.6 17854.4 19826.72 20816.19 25568.67 28499.57 33232.59 34547.92 42426.79 32989.77 42461.35 49930.27 75320.65 143416.4 294758.6 464881.1 710109.5 722199.1 1382526 14739772 8790999 26736391 265144894 428752353 595937608 540304823 637176102 753526724 164838959 27674528 7279494 296452.2 105250.1 529274 NA NA
16653.97 29968.89 42367.32 57829.25 63869.84 83331.15 101709.9 114365 154629.9 145033.8 146162.3 128582.3 160789.3 183501.6 162356.2 165733.1 192633.4 231307.5 210603.2 207934.8 186142.1 227851.9 228389.3 254541.8 332941.1 357553.1 453025.1 645792.9 479106.7 649889.1 597884.8 688702.3 777547.2 1115076 1805316 1930763 1363967 2799205 4061942 13202178 4593523 16948578 5676297 2992414 13032869 87153769423 3068573384 NA NA NA
1500.256 2163.97 2251.1 2606.542 2654.052 2921.898 3091.516 2915.177 3067.065 2940.696 3104.629 2945.702 2701.613 2599.971 2450.449 2489.195 2405.149 2272.792 1968.043 1975.644 2003.039 2070.392 2050.993 2208.733 2180.679 2148.856 1885.002 1541.692 1562.422 1543.394 1388.985 1458.732 1048.548 1054.944 1026.563 759.2434 718.475 507.5268 429.4558 395.1768 300.7669 262.5167 218.8385 164.6829 143.3479 109.8445 161.9005 NA NA NA
5367.317 6222.799 7104.036 7229.183 7449.978 8095.8 7711.398 7991.434 8317.455 8917.043 9140.263 8996.25 8451.883 9169.953 9467.883 9903.472 11225.03 12218.59 12711.79 13929.8 12057 10928.49 12335.82 13225.26 13675.8 14694.63 13314.09 12856.15 14495.43 15665.82 20100.5 19910.5 19879.01 26042.89 20846.6 20270.91 18043.92 22751.77 14579.34 15454.95 18977.21 50575.32 26363.52 33301 55230.33 33358.71 33959.79 241941283 NA NA
3278.631 4842.515 6860.213 8592.575 9192.911 10801.96 12815.38 15263.81 15584.15 17947.05 19052.18 20201.81 17130.56 18839.29 17605.7 17673.65 16514.71 15366.64 14789.02 16135.3 15463.74 16675.04 16522.36 13698.01 12769.23 11738.61 10495.39 8572.801 8122.682 7234.784 6861.575 6048.451 4784.509 4407.475 4741.687 4284.248 3426.529 2579.831 1955.666 1318.158 1081.64 845.6251 575.9628 518.2051 490.7595 764.3275 541.2351 207607742 NA NA
18183.35 27042.4 36019.52 37372.89 47592.43 51130.16 63566.13 78698.86 102787.2 121197.6 150834.9 180571 201076.1 210118.6 199897.8 175495.6 223875.3 281391.5 207902.8 181925.8 152316.7 189948.8 200290.7 230803.7 260989.6 385198.4 559728 982123.2 1632667 2766835 6154533 16274822 27877663 64444968 129216423 152929567 1175061088 1721802422 2496206236 104228949983 617855586403 5.447764e+13 6.000581e+13 8.17444e+13 1.454674e+14 7.94276e+14 2.490698e+16 NA NA NA
3011.512 3362.994 3513.635 3939.896 4140.271 3928.078 4368.481 4609.256 4766.437 4654.433 4793.347 5192.479 5198.576 5277.926 5007.752 4798.236 4860.739 4400.945 4087.457 3750.323 3236.366 3146.637 2670.281 2431.438 2279.693 2211.672 1962.671 1873.107 1590.55 1371.992 1229.442 1089.804 1001.277 935.689 931.0247 834.8503 858.0297 811.2024 769.6827 698.1957 820.0258 536.2087 5120.426 30974.25 28273.76 9678311 352681.8 NA NA NA
4667.254 6909.961 7443.29 7481.743 7440.367 7431.746 8356.043 9348.384 11315.13 13318.62 14788.17 15969.38 15507.38 16995.26 16714.32 17822.02 18040.84 19494.91 20083.97 23112.24 26237.05 27141.23 23665.39 28318.16 28684.27 27019.23 21756.81 22768.24 28286.84 25146.11 23036.7 25670.13 19963.55 22536.82 29038.85 26999.84 19519.12 18395.23 25915.58 26248.69 70847.15 308185.3 4460836 160585070 2559882396 341262488 131832423 39545635 NA NA
4627.791 6265.166 7184.84 8220.623 10674.99 12570.94 15207.48 16254.21 18196.79 21572.49 24228.62 25510.52 22168.36 19614.22 21176.2 21111.6 23090.15 25947.13 29687.16 27057.78 31470.87 29252.29 26475.64 22513.15 21970.67 20137.79 18353.93 15503.67 14333.98 11332.38 9732.2 7467.767 6588.363 5780.209 5829.235 5268.036 3147.336 3166.75 3028.721 1932.179 1410.515 1165.389 866.8897 678.0327 584.5866 398.1408 139.2958 201.049 NA NA
59944.16 65739.44 90691.35 105659.7 138410.1 169023.1 173590.8 250304.5 325161.2 430669.1 456351 577181.3 533601.6 574121.8 668508.5 879249.9 918474.8 890860.3 1067532 1451155 2105812 2703004 2434858 3130683 5587932 8533571 11176060 9412255 10076855 13436800 13843646 14131839 11749632 9682238 9380767 10499025 8952720 6188627 5110684 1589660 745091 377516.5 168952.6 90375.16 41120.02 44079.92 104753.1 1484229 NA NA
10815.21 13897.08 14378.22 16631.95 18179.56 18114.33 20708.7 24363.1 26041.84 28904.66 26678.97 25155.25 27240.8 31106.23 30362.2 34003.47 35880.8 41425.06 45910.08 41894.51 43486.45 46087.56 44715.94 40984.19 44349.35 36067.52 29703.57 26003.06 21864.05 16929.49 16488.93 12765.12 11313.27 12627.81 12057.92 12717.4 11179.68 12407.98 8594.594 10000.8 5575.99 5517.919 4770.075 5020.262 15797.24 9509.901 3173.567 1096.803 NA NA
6986.696 7120.03 8359.178 9829.467 11325.99 13672.52 14127.12 14462.61 15719.84 15233.35 14552.11 13522.87 13940.53 13835.06 14701.76 11433.36 11236.81 11926.73 12486.51 11694.8 12000.63 13426.82 12199.14 10430.1 9123.89 8918.179 8716.71 8338.032 6165.376 6226.263 5299.848 5123.141 4326.362 3555.664 2496.59 2442.462 2012.346 1853.572 1173.583 1132.514 828.5444 550.6293 483.7434 590.379 348.3311 332.0332 93.26185 1611.308 NA NA
1322.215 1284.244 1458.199 1598.525 1839.138 1934.659 2011.405 1924.598 1944.233 2049.516 2089.01 2017.641 1714.925 1790.602 1874.692 1777.299 1814.656 1748.959 1629.209 1643.635 1554.707 1418.463 1304.226 1211.871 1151.823 1110.47 946.4338 917.5379 887.977 788.6684 743.5409 669.5815 551.4844 457.5408 374.5732 330.4676 307.4118 276.9844 229.0732 186.7955 166.4216 143.538 128.4553 85.46195 69.89504 57.75988 42.80735 26.23337 NA NA
1687.84 2307.073 2435.237 2601.869 2632.966 2687.007 2787.883 2890.261 3077.235 2911.094 3172.593 3090.311 3136.175 3341.878 3358.314 2867.214 2494.554 2472.795 2400.135 2212.662 2005.393 1876.076 1964.846 2049.233 2024.798 1834.367 1611.566 1731.552 1759.589 1931.254 2062.069 1884.365 2565.764 4170.673 3114.047 4394.034 5690.64 8532.869 9741.092 10336.34 7872.052 15815.43 9360.806 20826.37 11435.69 11504.99 6219.795 124749.3 NA NA
2651.328 4289.197 5167.319 5771.479 6704.835 6311.735 6061.555 6772.914 7118.028 7841.52 7825.688 8201.287 9158.485 8846.236 10299.74 9964.052 11458.19 10769.22 12776.23 12494.09 11601.62 11352.59 12658.41 12471.5 13219.4 11334.54 10809.45 9871.491 9733.961 8211.586 7752.211 6314.636 6952.886 5452.143 4205.961 4250.872 2889.268 3053.959 2874.458 2962.121 3284.088 6716.889 38769.4 54198.52 24989012 99195552 3520242393 278585194 NA NA
5488.688 7097 6329.693 6778.356 7040.928 7157.28 7231.087 7390.559 6546.336 7031.824 7489.247 7508.342 7397.621 6921.754 7476.537 7048.443 7397.455 7289.255 7075.37 7019.724 7118.274 6956.77 6068.464 5774.588 5990.41 5668.548 4871.096 4794.608 4284.392 3214.619 2645.525 2545.703 2207.11 2020.972 1775.107 1437.669 1350.29 1137.424 963.8353 753.3555 571.7315 491.1012 391.3363 406.9525 252.6006 243.4654 2537.062 959.9136 NA NA
5492.51 10508.15 13850.14 16301.36 21403.01 27023.24 33383.66 41623.2 46750.83 55751.34 52451.85 55805.32 45115.31 49896.16 51272.66 62158.06 67946.03 60777.2 53473.62 51336.79 53604.64 44168.98 42366.79 37420.95 37032.52 32961.52 31230.82 27619.97 24406.74 24412.81 24812.66 20014.81 18756.11 16671.69 46115.58 32242.75 26002.93 19883.7 11242.14 7843.762 6961.109 3510.707 1945.076 1421.172 1659.838 628.028 727.1693 319.5045 NA NA
4076.029 4851.919 5456.84 5838.221 6237.638 6118.359 6448.547 6581.501 6926.606 7282.303 7429.214 7872.059 8406.227 9072.378 9643.758 10665.32 11416.72 9423.353 10286.66 9392.585 10427.25 9535.961 9367.042 10241.67 9963.877 9535.382 8165.661 8510.472 9147.901 9462.89 10342.41 8564.846 6945.439 5546.688 5336.965 5041.959 5109.726 4890.549 4550.836 4042.152 3693.192 3609.374 2475.732 1642.403 994.9229 287.0737 131.9825 34.28728 NA NA
6281.203 8698.978 9955.785 9293.071 12068.31 15589.04 19099.39 21343.33 24350.57 31974.8 34683.77 46437.84 42878.69 53752.73 64793.2 67720.28 71871.81 58881.85 68293.19 93011.32 98800.33 84656.1 117219 108308.2 143748.9 149340.3 167633.7 151229 129289.5 116630.7 132838.7 127461 158637.7 124347.3 88606.87 88793.88 102517.5 62589.18 48743.31 37340.66 29470.7 15023.34 14692.12 8854.024 5525.394 2599.983 563.2711 101.2246 NA NA
3236.079 3856.081 4488.753 4822.014 5343.566 5539.902 5477.673 5177.009 4862.671 5118.123 5504.311 5183.452 5477.486 5360.337 5278.97 6318.715 6791.114 8720.563 9735.901 11940.45 11418.11 12307.96 15000.99 13753.21 13202.02 13865.92 14285.87 13988.35 16668.22 13713.58 18989.08 26053.79 22992.54 23891.3 38276.73 35000.64 73204.23 92780.42 79206.26 33164.32 26459.47 101159.2 3405288 69215504 491952576 26372221966 4423215 297026884403 NA NA
7571.718 9983.533 13592.13 12920.57 14582.41 13301.52 12549.51 13381.33 13281.74 12210.36 11910.94 11601.02 12226.4 11057.98 11238.4 11411.31 11846.73 12094.35 11395.97 9899.075 10377.99 9027.533 9250.93 9609.895 11105.72 12771.33 13506.16 16175.12 18844.92 17208.53 19564.03 19451.49 23396.37 23001.24 24647.8 21810.97 16991.39 12736.07 11517.71 11289.84 11256.57 12671.25 4280.344 2521.843 1529.05 503.734 535.6064 8418.166 NA NA
4024.313 3760.567 3653.174 3715.818 4147.185 4424.098 4460.028 4389.809 4172.326 4122.135 4088.218 4115.653 4284.507 4065.477 4245.216 4342.551 4684.932 4452.534 4220.179 4089.441 3765.494 3806.105 3443.55 3127.628 3240.412 3287.271 3365.113 3306.775 3524.337 3429.516 3531.652 2853.903 2437.224 2062.174 1875.753 1846.235 1580.034 1027.224 1020.147 772.4093 817.2245 950.957 1058.918 690.5811 295.1574 198.4681 176.0785 235.4033 NA NA
2258.94 2744.569 3162.837 3375.802 3576.361 3976.205 4447.552 4303.471 4156.828 4570.017 4387.91 4596.792 4648.882 4974.808 4891.612 4470.025 4230.903 4062.241 3869.746 3883.429 3905.02 3422.222 3177.284 2805.757 2501.335 2271.666 2718.06 2528.191 2440.842 2341.461 2346.886 2439.788 2476.666 2410.515 1958.411 1805.926 1525.644 1285.626 1402.267 1419.347 1194.227 1016.797 757.2718 1432.58 1132.746 769.4807 304.101 229.2185 NA NA
1694.396 2157.924 2052.409 2343.676 2315.114 2527.753 2539.321 2568.642 2643.783 2670.11 2815.521 2848.491 2862.172 2703.204 2539.306 2521.572 2643.741 2741.144 2469.378 2380.572 2492.792 2551.088 2225.736 2096.672 1990.937 1975.94 1770.657 1431.116 1449.109 1439.309 1137.479 975.13 872.9774 803.757 585.035 479.1362 435.7678 404.9843 324.433 260.3085 179.6911 139.974 101.0482 86.76584 67.90877 46.31881 39.45812 25.23822 NA NA
5972.068 9397.904 10754.37 12058.48 14772.32 14292.22 14065.98 15314.32 16289.88 16857.42 17173.51 17320.91 18707.85 21353.05 22614.47 20403.94 22965.58 26798.48 26362.41 29004.73 25364.09 23362.57 25478.66 21334.97 22762.91 20675.8 17428.84 16764.79 16432.98 14992.35 12821.13 11587.28 10260.24 12962.59 14379.7 16857.24 22412.13 59130.01 64240.68 102600.3 717983.8 777295.8 240374.3 269554.2 107270.5 176238.6 121755.3 NA NA NA
1929.889 2471.108 2604.147 2955.22 3471.197 3920.498 4181.419 4593.828 4888.976 4887.05 4731.712 5638.46 7116.926 7468.965 8263.312 9155.892 10658.03 12756.59 15140.44 18818.88 18648.56 17307.13 18365.78 20039.06 19716.33 21432.52 30828 43946.65 53836.71 45283.67 43931.03 36602.13 51671.31 79385.4 121641.9 203312.4 161479.6 175518.9 357236.7 1292742 1622159 617411.5 1095020 3203956 1678737 9377136 705031.2 4460013 NA NA
1736.702 2547.555 3087.436 3589.449 3928.041 3918.532 4351.553 4586.749 4619.291 5151.538 5662.056 6815.815 7127.895 7328.208 7939.126 8326.487 8121.879 8670.641 9308.351 9373.998 10754.92 10467.05 11990.28 11471.34 13244.28 12611.94 11597.7 14492.28 15648.92 16631.79 15137.86 13025.79 13636.84 14709.53 10758.54 7128.713 8326.211 7507.91 5779.699 7735.008 10117.38 7384.064 8668.124 7637.234 22351.43 66620.55 9418.406 45517.61 NA NA
3270.948 4394.211 5578.081 5798.679 6990.207 8240.885 9684.574 10595.44 11845.04 12061.07 11535.37 13491.69 14550.98 16764.88 18702.85 19713.09 20786.03 19010.27 19028.2 20679.66 22586.85 24536.96 26659 32067.98 45580.6 59577.79 58586.14 41954.87 34472.79 37446.48 37773.16 51949.48 38645.29 26831.14 27656.8 20521.12 13760.03 12500.52 9807.147 10884.11 5209.826 3059.493 1423.077 970.3333 836.0605 3895.355 8763.681 1535.148 NA NA
2222.577 3091.213 3675.432 4342.229 4415.539 4391.978 4584.838 4241.387 4222.116 4587.99 4642.913 5170.543 5871.493 6586.426 6030.516 5178.942 5612.132 5661.937 5894.072 6124.091 5787.169 6101.173 6733.475 6372.53 6552.805 7384.141 7582.319 6411.728 5667.825 5849.045 6154.571 5328.244 4612.384 4156.544 3960.032 3799.986 3758.414 3606.437 3009.366 3107.126 1986.355 2000.348 1406.613 639.628 665.0532 383.7664 599.3367 84.97097 NA NA
5118.317 5606.665 7266.313 9006.351 9104.81 11401.45 12732.2 15621.62 17420.78 18980.67 21730.49 20938.49 19460.22 20863.28 22309.57 23067.28 24856.24 23475.15 24748.81 22675.89 20445.28 21559.91 22616.93 22028.19 23209.85 20122.38 16614.21 17236.11 16590.89 14643.05 10832.78 16010.45 20884.13 20615.99 22374.43 25321.87 16720.98 16307.23 12461.3 13051 8947.341 18040.55 41722.11 129419.2 125373.3 28496.36 5036.522 3218.035 NA NA
4378.206 5091.814 5670.588 6200.212 6903.274 7478.544 7792.144 8266 8192.309 8070.171 7872.013 8117.585 8086.499 8224.218 7898.393 7541.621 7504.713 7265.114 7243.093 6410.987 6481.93 5584.926 5248.71 5319.313 5095.718 4753.281 4150.353 3317.802 2735.199 2578.504 2539.654 2569.787 1866.132 1640.8 1243.955 967.7554 648.5578 564.8974 444.7025 367.4572 290.212 223.1756 190.1795 166.3656 96.65307 56.4697 50.08509 14.15603 NA NA
3308.269 4718.229 5297.98 6566.353 7627.544 8526.1 9819.605 12243.32 14595.34 18178.35 22556.69 22418.8 23982.42 29883.51 30974.28 25039.87 23504.3 28316.11 26788.16 26121.61 26128.04 27302.11 32411.86 32174.68 39888.1 39237.18 38984.18 33443.75 25131.98 25848.38 21622.08 21952.81 26352.11 23385.51 16961.56 15279.03 16298.38 12051.37 9499.345 7011.636 4959.307 4245.407 4098.21 1731.796 2084.252 644.8597 350.892 190.1646 NA NA
2755.722 4293.903 4922.494 5280.468 6134.133 7059.764 8200.617 8939.724 9556.007 10643.43 11316.21 11865 11883.28 12409.6 12307.79 11102.53 11579.06 11398.43 11286.55 11334.25 11916.42 10302.04 9661.466 9987.992 9494.226 7986.249 6567.842 6400.072 6360.952 7237.55 7547.974 6526.534 5977.789 5096.103 3175.791 2880.365 2707.648 3209.367 5002.333 5324.592 2965.413 4640.654 5049.273 9931.07 16726.46 71600.07 132188.8 NA NA NA
30841.73 39088.57 51705.64 70741.33 86580 111558.4 125155.6 196833.6 256786.8 251360.6 351837 360236.7 481771.4 618173.7 637413.4 779706.7 786768 753809.4 871496.8 858814.6 935088.6 786495.2 730772.3 707200.3 742355.4 639794.7 764187.8 878137.5 1021483 1227224 866869.1 703611.1 665207.8 445800.7 376271 484867.1 466030.7 725910.8 959719.9 933123.4 480639.9 972500.4 1054172 4148151 1351677 12712443 693780643 235892325 NA NA
10656.79 22218.69 25345.67 26270.18 32638.2 33637.13 34354.14 40590.49 42039.75 49157.95 46261.15 41104.95 40543.69 41011.64 51985.27 50094.49 55067.73 56975 60711.71 60928.49 52763.87 52495.77 51577.7 62391.79 80042.03 87686.97 110523.7 87951.71 91668.66 125402 130158.3 110610.1 113295 152985.3 264122.5 691369.3 5622270 30909080 853396523 13657865739 270830837908 7.098825e+13 1.429621e+15 2.054466e+19 3.080115e+21 3.917627e+14 37313802343 5.206301e+13 NA NA
2395.218 2843.41 3696.642 4463.474 6404.151 9081.403 8657.797 8992.693 10054.94 11539.65 13028.76 13171.5 15063.73 17255.65 20934.89 22046.31 23470.78 26053.2 22716.75 23813.04 29620.59 29705.69 29955.02 33588.2 33988.56 38705.69 44919.44 61747 67141.89 64827.93 63713.27 61931 48772.79 38158.74 23455.57 22762.65 20652.08 13112.51 7198.838 6572.493 3867.803 3268.664 2308.738 1673.558 1205.857 534.1776 252.5165 183.8644 NA NA
7639.332 11270.28 12129.37 14372.47 17926.56 19555.59 18491.11 20693.52 21450 26687.87 21704.87 23288.61 18663.98 16550.06 15347.64 14942.56 16042.66 15911 18186.8 19644.12 21563.12 21484.9 23228.37 21538.09 22648.79 26824.27 23497.29 23736.45 22451.51 19253.07 21144.46 20586.58 23221.98 13790.69 12381.65 9549.392 8463.224 7504.393 5486.781 3736.635 3840.487 5083.526 5902.739 3023.176 1623.627 650.4131 415.3582 83.30471 NA NA
3347.133 5143.807 5918.123 6227.549 7319.388 8784.669 10251.25 10733.84 11895.25 12768.66 14184.94 13181.21 12605.66 11509.77 9317.83 9361.118 9530.318 8852.718 7656.895 7635.724 7991.018 8464.476 7807.469 7113.838 7478.436 5882.816 5614.997 5624.576 4633.337 4490.804 3784.521 3573.147 3092.364 4299.557 4058.125 3137.682 2573.911 2091.436 1389.481 1125.467 758.5176 605.3231 460.743 380.2816 394.4015 205.1573 675.744 817.8584 NA NA
7043.076 9490.561 10222.42 11662.36 13159.96 16197.2 17703.78 21516.64 31127.61 40863.83 49238.9 63373.81 72255.49 88177.25 139962.5 174456 267370.1 327802.6 294285.8 318751.1 375561 389505.6 529462.5 568979.3 731240.5 1275146 1262185 1455516 1027189 1379452 2389202 1994927 3318769 7436100 19413029 26566966 9914528 10923875 8911204 9146296 10757850 5617957 4193885 26167347 3695911 1432257 88227.76 4980.81 NA NA
7771.095 9368.871 10752.05 14095.74 16945.48 21883.27 24485.6 28302.07 27821.04 34001.82 46633.31 58193.4 56596.16 65734.48 61969.71 64286.44 70551.53 66926.61 59438.26 66817 58561.02 64358.46 69509.7 74635.8 108058 142344.3 128641.5 129000.8 599769.3 1295922 2999915 2643365 1668383 1345735 783482.2 423836.4 329323.3 148991 164297.4 148605.6 149705.9 178926.1 219051.2 53598.36 22357.1 6651.783 3308.952 16053.39 NA NA
3962.871 7619.784 11607.47 14573.07 21221.7 32126.13 38491.12 36902.98 35650.41 37575.43 33927.85 35288.15 35757.47 34031.05 33149.53 33383.42 34384.63 34401.89 34509.67 30247.55 28852.99 25517.1 21593.74 21660.97 20517.06 21944.7 18466.88 18666.45 16733.22 14610.59 15181.53 11944.61 9618.173 8686.515 7214.673 5775.303 3487.591 2459.874 1543.688 1194.095 720.5712 548.6817 326.0151 157.1714 113.9898 34.70111 22.36933 9.894821 NA NA
14321.36 26456.72 31595.39 37933.71 40150.89 58032.77 78243.98 67654 92090.21 113449.4 141252.7 129219.4 136104.3 119126 106064.6 86366.07 88364.5 80896.43 62481.74 61497.89 55140.55 52877.76 50037.33 51389.81 46239.37 48371.86 37081.9 31412.49 29924.15 28009.04 23390.1 17286.67 16994.22 17228.34 11039.6 8289.453 5619.006 4051.421 3252.158 2420.711 1529.003 1156.956 634.9273 462.2935 343.9515 209.54 218.4315 8034.92 NA NA
765.5172 1033.835 1154.995 1247.692 1341.299 1401.132 1483.809 1548.198 1585.042 1495.319 1529.433 1583.705 1491.59 1427.499 1407.725 1386.511 1217.615 1262.865 1289.576 1251.575 1267.621 1251.002 1157.784 1180.083 1222.269 1191.68 1022.966 972.7374 866.1075 737.5933 646.1104 666.1227 578.4815 569.5242 604.5396 476.9686 432.2616 347.939 280.2819 269.4736 274.0114 230.2943 187.8909 142.3106 118.5884 93.59727 1086.799 3856.034 NA NA
4998.726 7091.114 11043.07 14277.59 20457.23 28705.26 37081.44 51232.86 77384.85 120566.9 208133.3 333272.3 380991.8 482389 577091.4 645274 574221.6 815191.5 1044932 1068330 1348719 3186772 3426606 4158158 5697047 8515631 12771082 16786092 18785230 17895195 32428736 32228000 93789055 116017441 163629281 66713573 167770591 809170522 8602732783 193457504222 1.511859e+13 3.424133e+14 2.288707e+15 4.724352e+14 5.122416e+13 5.799378e+12 8.202167e+14 7.324283e+13 NA NA
7378.772 9720.465 12260.47 13471.52 15253.49 19736.79 19261.79 20446.33 22702.4 22741.73 23174.21 23759.07 26597.39 29131.83 35190.52 44198.28 51516.36 54875.08 59249.4 63476.56 70414.74 82950.33 92074.85 86278.62 87175.47 79351.81 73736.31 57770.29 71592.04 52817.67 49694.31 58835.86 55459.06 55666.93 43858.01 44077.9 29323.79 20808.7 17349.04 57199.97 44049.98 44963.92 85898.99 91334.12 232550.4 741749 2406576 8037.967 NA NA
1708.553 1814.245 1954.931 2057.21 2256.508 2322.882 2232.816 2317.968 2405.794 2035.909 2104.11 1980.28 2075.847 1891.034 1926.705 1949.935 2015.943 1910.08 1744.914 1740.687 1654.752 1610.284 1322.498 1225.56 1093.747 1001.639 918.9302 813.6707 694.3168 643.6803 615.3499 565.3678 517.3736 456.8695 450.7231 402.7021 363.4959 307.2597 259.8561 207.2126 177.6616 132.023 90.47471 67.59056 53.34393 44.84705 119.8071 72.11832 NA NA
4086.415 5083.221 5893.423 5812.803 5327.435 5062.356 5281.54 5311.335 5268.88 5534.868 5252.014 5771.459 6513.942 6254.488 6700.993 6714.44 7330.696 7971.92 8678.817 10023.12 11507.01 12673.71 12959.47 12373.99 12094.22 12429.75 10692.3 9497.218 8861.689 7593.354 6284.026 5854.893 5059.008 6026.241 7546.457 4921.605 6003.295 4344.861 4894.86 11083.59 17105.11 28297.59 20609.11 42723.19 29606.41 7315.312 1713.542 3803.142 NA NA
6414.413 9047.682 10250.11 11100.3 11356.9 13483.81 14586.51 13631.32 13029.93 14655.59 15374.83 17909.2 18669.23 16261.73 20230.81 19596.55 19266.6 22191.32 25086.28 26351.22 29776.55 35649.13 31438.5 29170.59 25828.96 27152.27 28015.44 32246.48 29970.03 31361.68 27855.55 26927.29 16655.25 13789.14 17455.84 19795.52 11421.61 7549.682 5955.854 6146.949 5980.981 3951.715 3617.222 2846.539 2657.15 590071.1 137918714101 2910.376 NA NA
5478.441 4799.34 5219.478 5659.992 6301.385 6673.183 6886.887 7343.815 7771.865 7902.741 7174.585 7485.051 7380.982 7680.809 7760.978 8187.396 7336.76 7355.305 7080.518 6535.146 6781.222 6888.733 6736.539 6216.292 5137.36 5277.69 4124.944 3498.847 3435.863 2900.072 2328.808 2159.885 2022.643 1748.799 1563.723 1495.231 1547.777 1633.721 1066.855 699.1281 603.7711 649.771 404.1871 472.1715 261.7714 178.1998 170.743 344.275 NA NA
2698.08 3000.974 3462.984 4038.959 3999.755 3910.512 4199.309 4480.155 4348.31 4775.925 5350.968 5332.818 5140.647 6121.943 5736.638 6694.356 7169.819 6505.941 6109.86 6341.509 6116.93 6205.258 6224.536 6438.099 5821.374 5580.968 4752.714 4203.732 4193.918 4335.258 4392.278 3679.138 3663.105 3179.59 2435.102 2376.227 3963.023 2738.561 2313.009 2120.822 1619.813 1656.728 1339.539 1161.886 564.9758 1069.814 9547.067 NA NA NA
5316.33 9016.809 10416.73 12655.5 11945.45 13482.19 13230.81 14964.56 16806.35 16862.92 18790.02 18716.46 20061.75 20064.17 24243.74 25950.04 28855.88 30436.08 36080.03 36954.3 35369.97 38276.73 41812.81 28762.18 29486.1 31671.68 34406.16 32528.38 24206.6 25827.86 30832.7 33520.58 39866.27 41280.25 40230.09 59841.36 58263.44 109721.6 111155.9 117976.3 78672.55 45593.03 35260.77 123275.4 48841.4 35341.41 4770.582 1720.779 NA NA
991.5099 985.1905 985.9536 992.647 1012.116 1001.359 1028.174 1008.952 1000.868 987.3225 978.8193 945.4711 964.7185 914.1916 884.4274 853.2102 810.1885 801.7992 784.6693 719.337 709.1994 695.8543 631.1889 574.1278 564.0669 551.5507 502.1254 436.1949 386.9161 354.6753 332.384 281.8949 250.8334 230.309 216.5252 193.3928 187.6474 168.5409 156.6366 126.8737 98.80627 71.26864 57.01594 40.33037 32.78295 22.32032 16.16681 7.251045 NA NA
2250.373 2710.022 2990.051 3439.705 3969.131 4450.179 4956.549 5219.051 6187.128 7008.965 7424.444 8471.272 10117.71 10537.04 11401.63 11242.64 12533.9 12053.18 10257.32 10205.48 9689.622 7681.748 7411.25 6740.119 7230.891 7419.64 6729.009 5862.663 5128.715 4596.438 4470.469 3496.373 3507.543 3516.244 3615.323 2470.116 1966.381 1809.737 1851.889 1416.427 1202.104 741.6267 522.6828 336.9316 809.5724 505.2922 195.5308 268.6995 NA NA
3772.583 6170.94 7673.217 9464.793 9773.99 9318.526 9059.618 10128.47 11551.16 10932.63 12670.07 13806.21 15148.3 13821.96 14415.91 14328.41 14671.83 14489.28 15017.65 16672.05 15237.28 16109.18 17103.91 16675.7 19360.68 21535.63 20106.52 19833.15 18639.29 21188.15 27091.97 36611.98 23864.39 22496.59 31399.35 33713.36 37547.32 64948.4 61162.56 48168.69 34134.49 24053.4 24711.73 7953.939 19310.23 43196.04 141712.9 NA NA NA
2541.188 3419.095 4024.913 4684.86 4863.491 5613.029 5788.765 6423.969 7673.978 9080.36 10096.41 10428.64 11188.24 13111.5 16629.84 17174.07 19227.4 23057.42 30965.97 40883.51 46810.72 44541.85 49948.09 43208.71 38805.71 40513.02 45661.54 51381.04 55113.85 64282.64 78496.69 68775.59 84841.48 87050.8 116836.8 166369.2 152342.2 330796.6 3645325 2914246 1281723 1304745 6574529 2423888 1890347 226591989 33544151 107413783 NA NA
15788.95 23805.63 29162.72 35288.41 42204.74 47411.9 54114.48 54025.3 59738.78 68760.19 78877.19 94607.06 92165.64 110992.4 101606.1 115605 124852.1 115800.6 103378.1 108908 110531.9 104099.6 118436.6 113643.7 120634 140668.9 169383.7 180936.9 124870.4 159905.6 177867.5 218459.9 241814.5 268489.3 159111.3 206998.7 398244.6 1058444 1633531 2438437 24230782 12529465 11319786 14799799 23890962 2.263445e+12 60474224 NA NA NA
1093.077 1184.817 1287.992 1419.999 1532.685 1591.015 1659.1 1598.954 1609.279 1655.128 1641.144 1538.725 1507.314 1330.503 1329.746 1273.082 1114.062 952.6401 866.5489 865.3804 868.6178 829.9196 775.0457 694.8203 641.9697 554.5874 485.1763 443.6224 408.9693 367.0308 318.9008 295.5316 258.1438 226.0576 192.6325 182.9484 169.5352 143.2306 128.2934 108.8778 87.72236 57.82646 50.59904 42.82015 34.40747 32.48316 58.54301 55.86663 NA NA
1893.351 2797.209 3144.056 3473.909 4002.262 4240.946 4688.472 4832.982 5658.078 6034.005 7544.582 9278.102 8133.382 9075.435 8901.746 8817.422 10044.31 9023.087 8521.973 6980.214 6252.889 6094.332 6299.439 5745.291 5059.089 5103.225 5531.65 6208.012 6612.687 6873.571 6361.73 6046.986 6182.411 5358.336 4643.49 6081.54 8937.308 8053.215 8772.131 12303.61 12267.98 18573.14 9910.786 92943.9 99987.64 24079.77 8774.744 52036.5 NA NA
1433.477 1870.552 2107.821 2114.013 2244.547 2510.646 2872.33 3092.232 3178.767 3294.137 3500.369 3928.972 3975.499 3484.112 3492.607 3434.869 3268.109 2922.78 2754.357 2625.121 2330.114 1968.367 1916.749 1839.856 1634.602 1465.973 1400.048 1189.929 1070.802 926.4182 838.7718 786.5775 770.506 643.1131 593.9875 579.0422 528.5581 418.2743 1401.903 980.6881 624.5516 466.4579 340.3006 276.7272 189.7635 115.0733 80.14262 64.25472 NA NA
1850.218 2438.256 2568.708 2427.105 2646.267 2615.228 2711.665 2739.779 2910.721 2853.424 2894.342 2849.325 2835.158 2666.966 2765.117 2600.85 2572.412 2613.256 2585.597 2578.393 2617.372 2488.519 2467.184 2475.79 2186.129 1904.803 1686.186 1287.935 1209.917 1144.907 951.0647 854.129 780.3849 703.1934 528.3987 409.9908 321.1478 257.172 201.8419 154.8252 124.8403 104.4806 82.78623 62.42794 51.80448 222.5622 1254.718 404.8707 NA NA
2252.337 3158.259 3897.412 4223.283 3955.502 4255.699 4564.67 4940.914 5301.23 5264.322 5925.93 6829.63 7891.152 7458.116 9159.119 10148.28 10379.15 12865.39 12465.73 13760.17 14753.49 15745.87 16910.88 20162.11 19446.24 17079.63 19023.41 16608.44 15471.22 14226.22 13061.82 11174.67 12678.15 12617.92 20442.6 31626.08 48060.01 62276.65 250926.8 101960.2 2175105 880228.4 5455881 59317342 10270747 90138095 9059095675 55622925340 NA NA
5157.603 8443.725 12075.58 12902.31 15839.3 18935.83 19221.1 20147.14 19364.52 18959.72 17969.61 18260.42 20069.04 22546.53 23831.19 27331.73 29985.65 36427.77 43046.34 47943.88 40613.42 48152.51 48972.22 41575.57 46056.05 40587.06 41317.79 40750.38 39494.81 46433.9 54405.68 58346.6 72984.5 75361.25 48199.53 60913.56 69345.49 104356.9 91610.08 90352.43 163236 65926.98 33978.86 16963.2 643797533 302765733 40305627 71372880 NA NA
3142.652 3752.404 4001.083 4619.762 5054.278 5134.296 5282.172 5587.73 6067.574 6635.445 6700.186 6587.121 6753.968 6393.653 6835.757 6214.72 6735.636 6764.835 6591.578 5620.003 5917.033 5218.57 5129.09 5322.571 5910.945 5587.084 6751.069 5710.254 6923.579 8156.805 6751.7 7081.32 6413.866 7593.705 6729.333 5037.238 3743.055 3121.468 3056.029 3081.84 2783.402 2923.004 1814.069 3531.819 3331.046 2587.338 5089.419 10617.72 NA NA
10074.22 11664.03 15179.38 18321.03 16921.37 16974.02 20972.92 28913.95 30194.22 38406.18 38726.33 52868.04 68335.81 63325.76 91535.02 94921.18 108975.6 107971.7 102340.7 100838.8 117542.5 142214.2 153146.5 142278.1 159577.7 231309.5 250821.8 330847.5 285722.6 248451.2 186915.9 147553.4 159999.1 166062.5 146313 113792.2 110006.8 95802.92 62394.13 96629.34 429351.3 8039795 13704492 23445784 300098681121 138274072044 26735385021 41770717713 NA NA
13772.12 25018.11 33582.03 38018.96 40862.78 42787.45 53218.1 61574.33 64527.05 67047.25 73428.97 83685.98 99930.73 114921.2 133871.8 149760.3 133642.1 134750.9 131347.9 124863.3 102238.2 99821.82 92856.15 90744.97 89184.38 95066.27 107719.1 92095.56 104915.7 111763.9 129286.2 138373.6 113548.5 107094.8 87807.28 163244.4 209664.4 118441.6 123798.5 215629 240614.1 321932 375029.9 330894.9 422054 148470.5 337268.1 323860.1 NA NA
4156.137 5203.676 6903.597 9491.2 10556.99 12240.05 11965.56 12504.05 12670.34 13859 16058.73 15649.82 17421.13 16838.48 19545.94 19814.78 20796.37 25713.88 28398.33 31500.26 33198.47 46850.77 58458.18 49492.73 70700.03 63403.31 86709.54 103293.6 147367.7 178810.3 196808.5 457745.6 356220.3 765720.8 2121558 8134427 7952882 44051610 27348768 38267174 105611548 4682970085 3.854137e+12 538580620962 1.999014e+16 NA NA NA NA NA
9655.19 16032.85 21919.89 29417.67 27639.78 34849.59 37261.77 42019.29 44542.23 54028.27 64670.85 73388.79 71553.39 89151.58 119465.1 130318.2 131139.3 110909.4 94754.56 101347.8 82507.44 67351 81114.55 74885.94 66656.56 84190.17 107178.8 149521.5 237150.4 290688.9 366543.3 593560 441895.9 285675 497105.2 663625.4 864434.2 2287850 7113302 3442743 3075136 48279050 91139667 2790686907 6.133046e+14 1.167001e+15 1.256664e+14 9.291269e+12 NA NA
1454.426 2354.791 2865.453 3305.131 3668.927 3758.392 3585.45 3560.779 3838.027 3752.598 3953.298 4081.862 4138.594 3700.186 3737.892 3658.277 3690.726 3681.787 3781.164 3947.844 3925.044 4025.055 4450.086 4863.342 5464.706 4455.046 4325.225 5160.832 5242.705 6786.737 5961.804 5516.048 4717.1 3665.393 2690.538 2072.18 1597.689 1544.857 1390.17 1280.773 1063.953 629.92 533.3132 437.8053 555.1396 882.9886 7328.243 810.4304 NA NA
5274.814 9428.936 12459.1 14075.74 17387.78 24551.77 30146.89 43667.06 49534.04 52784.79 61052.6 78360.43 103841.7 84014.92 104620.9 126143.4 98084.54 96173.03 75776.79 76143.36 81780.79 95405.32 82923.13 98755.15 81029.21 72937.57 70201.88 46605.88 32319.25 29348.13 25619.45 23328.39 20358.16 15882.66 11348.77 10649.23 9491.365 7464.906 6459.288 6538.45 11227.19 5045.708 4467.861 4359.446 6255.185 7660660 874648189 827792366 NA NA
5136.491 8394.21 10993.42 12987.16 13078.51 11439.02 13147.32 13447.75 16439.19 19272.38 25006.5 32185.21 41997.56 42204.15 53433.14 61546.91 87733.11 124314.8 117804.9 165640.8 181422.6 240364.7 235756.4 255144.1 233529.2 199065.6 224939.3 260101.7 435004.9 403630.5 737534 839869 1065202 1612170 1761306 1999592 1848404 1175822 744344.7 612051.1 423636.3 317040.6 92670.47 178906.2 3039846 1527194 1896719 39157285 NA NA
2942.424 3857.929 3986.257 4560.249 4429.459 4448.047 4410.744 4416.974 4706.594 5084.616 5271.537 5468.979 5009.289 5383.205 5717.897 6288.78 5540.486 5736.366 5294.065 5526.591 5834.207 5553.286 5405.598 4440.251 3988.793 3724.24 3555.413 3084.504 2994.466 3024.197 3000.908 3195.229 3069.473 3168.601 2921.566 3022.461 2519.709 2090.273 1744.868 1380.872 1250.884 1384.137 2026.798 2540.294 12138.35 24993.83 17802.19 2928.447 NA NA
5594.583 8845.123 10468.41 13081.1 16192.12 15430.4 19129.93 22815.82 25304.62 32713.61 36338.4 31210.83 38398.57 49010 64136.64 83837.44 91567.32 93239.38 99296.02 84285 86798.19 112643.4 134162.6 130352.1 118867.4 94077.34 72556.24 68535.73 57900.26 54209.44 50009.07 39514.7 31080.08 34286.98 33486.84 35336.28 56444.57 35619.18 34480.72 58056.74 44942.34 85718.24 58706.9 117319.6 284228.1 1071553 1114156 14787.03 NA NA
12513.78 31229.8 40223.39 46339.28 62429.49 84557.58 104116 120429.6 154559.4 136493.2 153753 186496.7 210578.3 303774.9 345272.5 480416.4 706920.2 1172243 1689569 1136925 1393272 1424278 1421244 1658585 2767638 2531912 2870812 2001334 2365759 2282490 2789682 1703395 1395766 1821960 1423959 1747454 1589721 2208670 2190989 2558767 2263024 3272682 2450184 9137335 101036770 170776336 868564288727 2.087199e+14 NA NA
1283.53 1589.545 1811.391 1804.878 1951.099 1880.375 1819.663 1771.782 1718.95 1667.539 1622.76 1674.2 1589.517 1566.602 1544.061 1472.123 1499.472 1450.423 1449.654 1329.614 1206.912 1144.338 1225.808 1138.296 1178.338 1273.112 1289.976 1244.806 1293.097 1324.885 1257.981 1140.389 998.0976 896.5799 1027.143 999.9781 1269.449 1360.944 934.9646 1201.21 733.9827 471.589 416.2192 229.0258 170.2673 134.4581 73.80008 19.37448 NA NA
3849.626 4906.031 5709.95 6646.748 8052.87 9314.957 10001.63 12003.59 13970.13 16389.85 17684.74 19367.14 21758.98 18808.82 19004.17 17974.88 17776.06 16099.84 15031.62 14380.4 15417.18 15466.29 13721.21 11307.34 11574.92 10077.55 7834.592 6318.466 5189.708 5016.461 3807.426 3723.749 3181.799 3195.834 3684.265 4667.057 5406.074 6223.402 9013.026 9538.467 10730.02 11713.88 18814.04 36015.34 1390769 4266867 484486.9 54971.2 NA NA
2032.816 2765.065 3331.291 3694.263 4168.49 4880.018 5153.261 5425.452 5151.183 5696.946 5388.77 5017.062 5635.618 6430.283 5959.923 6646 6775.395 6009.428 6010.802 6533.279 7543.867 6277.58 6970.193 6431.869 6856.376 5928.082 5232.425 5801.412 7073.521 7400.363 8103.944 7155.982 7342.537 8154.895 8116.197 7557.145 5417.224 4322.564 3266.52 2469.231 2893.841 2856.803 3798.842 6258.359 5938.555 10583.23 9095.845 1539.938 NA NA
2379.716 2811.072 3287.12 4007.946 4496.864 5125.04 6046.754 6455.425 7320.543 9209.101 10138.86 12312.69 13929.29 17133.54 15218.63 15668.47 15613.56 17327.65 18518.08 24451.04 28132.5 30302.38 24063.34 26454.88 27827.57 23847.39 21959.22 16872.57 18514.49 16903.13 17157.63 13285.34 11561.03 9325.49 6730.681 5625.012 5006.067 4076.315 3315.074 2809.049 1849.927 1923.112 1320.989 969.0186 441.7917 190.365 89.16429 49.82123 NA NA
3380.126 4104.998 4002.005 4112.897 4099.717 4216.191 4330.972 4255.187 4456.346 4448.057 4232.474 4319.659 4017.221 4003.698 3838.93 3862.448 3885.181 3759.242 3478.552 3592.882 3632.453 3183.626 3110.638 2975.476 2934.884 2703.629 2614.94 2412.37 3279.256 2318.574 2163.547 2008.006 1570.76 1378.69 1156.317 832.2735 684.0639 553.345 460.4336 367.853 309.2421 231.678 189.7586 132.6208 116.751 102.1998 80.51221 56.30572 NA NA
1166.737 1178.096 1221.865 1255.604 1162.543 1139.573 1167.198 1190.389 1222.291 1168.118 1082.143 1088.575 1098.211 1061.336 1021.071 1008.857 985.3133 972.2425 964.5754 879.5608 810.4887 736.0177 718.5124 650.3265 561.9256 538.3221 476.6169 460.3783 446.8963 409.7785 379.585 345.5747 316.6571 295.1136 253.6331 218.3389 191.1617 174.353 142.4369 116.6069 95.54724 95.91784 70.77009 52.1836 39.95354 5149734129 801.9872 209506.1 NA NA
4673.012 7285.589 7542.574 7606.955 8788.003 8409.644 8967.466 9292.862 10075.66 11021.23 10038.68 10727.65 8800.456 9738.881 9510.922 10238.81 9638.361 10112.47 11390.38 12870.35 13016.48 15414.44 14760.18 15041.07 20053.14 15029.89 16593.9 15186.49 13434.52 13671.91 12367.81 12684.03 13216.15 17389.2 13550.71 22697.53 30015.08 27507.86 27791.85 33265.8 41617.46 36186.63 34151.28 44080.28 12776.92 13292.9 4857.642 194.038 NA NA
4798.108 6766.682 9086.626 10116.34 11292.38 10849.27 11274.78 12138.93 11921.07 12364.04 13765 13175.65 14776.12 15039.35 15096.06 13875.43 13969.74 12832.3 11700.67 11316.47 10946.23 12516.16 13799.36 14140.06 14810.81 13138.07 14751.88 15635.83 17055.38 17839.12 32084.25 22869.2 27699 24833.48 29960.64 17548.11 23042.26 21720.76 66398.91 114685.6 224912.5 194458.7 528472.5 229662380 115102432969 1424878958 13788068 40509012 NA NA
3554.506 4004.645 4896.066 5033.285 5564.807 5777.208 6197.745 6742.694 6143.172 6415.52 6085.175 6434.2 6330.807 6685.943 6835.805 6812.5 6000.326 6207.423 6342.064 6044.962 6462.941 7054.728 7731.221 8127.557 7713.667 7309.593 7171.598 8287.226 8895.067 10795.83 11754.86 13146.51 13758.66 13877.13 10284.79 8895.237 5324.246 4369.194 3818.454 2910.569 2130.338 1840.292 1116.12 649.5306 459.1613 578.0254 299.1127 156.3696 NA NA
2520.893 4286.512 5454.063 5274.916 5653.878 5389.168 5875.733 5735.924 5755.36 6057.846 6186.729 6369.209 6108.355 5817.073 5664.212 5699.606 4982.189 4206.531 4252.891 3908.279 3953.691 3927.277 4058.507 3787.459 3770.468 3280.018 3324.401 2935.999 3074.755 3199.102 2812.455 2665.924 3040.78 2423.464 2151.819 1639.577 1687.116 1675.586 1706.302 1448.467 1685.904 940.5628 733.8357 814.5841 837.9681 1194.207 25215.67 NA NA NA
6671.858 9680.564 11782.58 13147.08 15005.62 14366.62 15038.79 17555.91 21091.2 23854.82 26877.49 28723.34 33146.26 34286.18 30299.07 32938.34 38893.35 43686.45 46766.65 51162.42 45456.5 40676.3 37242.29 30113.11 25681.62 25021.2 26865.45 28958.53 31490.13 31034.4 26256.32 29809.95 24749.93 23522.03 27652.05 28967.23 35647.81 45232.76 26390.41 21507.27 21425.34 18838.45 59012.42 23332.69 52125.28 29258.32 326547.9 549236861 NA NA
1970.918 2345.788 2522.453 2603.529 2694.955 2874.207 3183.841 3516.357 3785.464 4066.072 4664.536 4995.979 5211.239 5558.293 6052.98 6263.383 6868.054 6987.48 6762.671 6295.338 5320.419 5138.442 5098.8 5537.276 5166.006 4957.609 5183.604 5161.858 4874.167 4099.276 3757.293 3607.05 3326.708 2919.162 1948.174 1736.227 1328.074 965.9607 722.6923 571.2254 474.9882 251.0459 114.5235 89.53753 78.0881 93.96357 682.8525 NA NA NA
3083.48 3498.24 3957.024 4314.804 4702.505 4820.234 5522.236 7150.532 8325.294 8391.964 7681.469 8819.992 8763.057 7849.817 8013.639 7979.339 8584.382 9263.206 10058.28 11199.48 12850.29 14216.39 14680.78 15321.15 14687.02 16267.86 14984.15 15241.36 15230.25 13806.14 11188.24 10224.63 10858.83 11868.13 16084.52 19101.13 35366.92 39013.5 78374.99 63215.82 203163.9 729430.5 424475.2 592601.9 487207.9 69826.86 181420.6 136550241 NA NA
4360.699 4511.462 5190.879 5678.675 5418.121 5975.796 6112.683 6411.822 7262.854 7976.617 8792.774 9820.889 10785.89 11935.39 13081.96 13338.74 13923.49 14402.19 16934.73 16420.78 16717.71 17731.61 17254.9 18759.58 17099 20642.27 16922.27 19327.88 31161.95 25914.68 22416.68 25861.32 23006.73 28744.59 34391.23 21750.51 13308.16 9059.225 6454.691 4743.129 2629.502 1788.811 1160.627 719.776 741.9568 516.5701 275.1644 2694.918 NA NA
3094.543 4017.097 5172.73 5324.752 5931.953 6573.682 6786.402 6506.302 7320.111 7738.014 7719.817 7954.041 8600.063 8684.847 9072.399 9899.932 9165.082 10616.72 11690.92 10845.32 9872.394 10253.12 9716.889 9502.768 10632.09 12290.85 11500.39 12842.13 13761.24 16424.15 19676.59 21748.11 22538.06 22216.71 20489.12 19808.63 11092.5 11401.01 7770.458 10679.32 5244.424 3792.666 4314.331 4032.49 1036.938 2021.026 2156.666 601.3618 NA NA
5466.062 9041.325 10097.45 11474.07 13899.36 16531.31 17630.68 19326.74 21681.4 24735.52 21312.2 17494.87 19819.27 19998.02 20106.49 21702.55 20406.23 16737.49 16224.35 17572.34 18535.77 18209.26 17606.12 18477.7 15974.09 15161.46 16462.92 15168.17 12767.08 10987.14 11123.34 8231.759 7070.794 6681.879 5019.79 4957.457 4695.592 3147.623 2365.407 2113.967 2439.524 2877.304 5892.497 4078.045 950.3148 1589.626 17676.88 2938.954 NA NA
3184.583 3815.512 3958.793 3850.101 4113.597 4430.695 4699.903 4808.521 5064.654 4932.019 5077.597 4611.696 5052.906 5551.223 5919.314 5781.674 5770.839 6019.849 6433.515 5845.926 5375.197 5359.694 6130.653 6876.033 8366.992 8585.293 8473.668 9812.732 15139.95 13085.65 14384.13 12660.87 9318.812 6669.229 7759.382 6675.849 8267.762 9642.374 32983.67 48382.62 53799.43 21604.65 66346.64 297585.2 9340609 139153947906 263835883689 NA NA NA
2824.816 3536.798 3970.659 4508.767 4877.104 5610.547 5865.308 6552.592 7494.611 7850.84 7638.33 6378.322 6207.956 6498.062 6583.188 6020.91 5731.685 5498.778 5092.778 5044.483 4419.878 3964.055 3759.421 3630.73 3650.985 3757.464 3492.198 3174.353 3283.107 2991.014 2519.34 1905.937 1726.994 1434.228 1391.066 1332.127 1139.509 895.2377 804.9312 598.182 584.2538 482.5666 591.8591 474.9898 314.0267 306.4699 334.6936 195.2887 NA NA
3321.245 3519.228 3916.522 4139.763 4155.335 4670.097 5004.806 5891.962 6609.689 8129.129 9167.443 11758.65 14710.66 20114.36 25471.2 28804.49 23576.21 29466.93 33717.07 51118.21 58361.89 101017.3 132111.6 98300.14 87612.48 85836.12 69615.63 77298.41 59707.74 65442.32 67050.96 64038.17 47818.57 47970.76 35159.21 35626.79 45924.63 34923.73 29837.52 32775.95 25030.19 23000.14 20595.37 10824.56 3061.106 966.785 281.3305 153.9223 NA NA
4747.672 7609.642 8163.987 9006.164 10073.56 11453.89 13318.15 14534.2 15296.5 15863.82 18030.16 18955.69 18597.7 20014.2 19683.92 20931.86 23781.79 24160.71 29684.25 39571.87 41618.07 49666.99 55153.99 49928.49 59624.05 59611.54 61290.74 70941.83 55858.05 47313.16 31215.22 24291.23 20318.99 16062.64 15349.98 14773.3 10813.61 8645.663 4376.497 4227.893 3594.738 4582.932 2095.591 1295.663 784.1736 338.4129 123.057 60.32069 NA NA
2852.151 3304.189 3466.717 3681.606 3830.88 3704.737 3675.128 3655.904 3781.101 3982.926 3965.144 4291.62 4538.408 4492.63 4462.926 4977.508 4662.518 5344.21 5054.03 4883.96 5396.485 5611.309 5466.646 4544.46 3993.208 3907.514 3406.436 3711.799 3721.48 3108.143 3125.216 2912.516 3252.513 3304.03 3506.218 3067.924 2660.273 2218.143 2160.861 2770.318 2532.939 2506.794 2502.205 19492.08 57352.65 552099.4 863965443 NA NA NA
11449.38 16271.54 17867.22 19165.6 22646.9 25566.94 27117.74 26351.39 30502.77 40241.23 52596.18 69781.3 77248.04 100493.6 128384.4 104744.7 130929.8 168516.7 188429 182285.5 198959.2 195070.3 187634.8 250943.1 225757.1 247617.4 195426.1 225117.2 293947.1 276268.6 328615.7 489717.6 500260.9 581558.4 756032.3 527077.6 513345.1 228850.7 301006.2 441404.9 493614.4 841023.8 859214.3 933780 1350209 2826367903 1.844137e+12 9206334976 NA NA
2009.47 2295.378 2291.307 2514.075 2692.984 2958.075 3198.32 3564.879 3898.907 4218.654 4493.937 4506.532 5122.753 5203.583 4762.465 5349.58 4604.701 5118.119 4446.4 4666.391 4464.212 3972.472 4248.057 3623.317 3925.322 4013.478 3286.654 2793.181 2545.592 2154.195 1800.82 1536.666 1150.292 1004.929 833.0453 687.615 513.0852 448.3672 393.8659 300.6923 261.3852 247.8429 246.1283 161.0281 82.59115 58.12561 33.99186 24.80449 NA NA
3258.336 4211.082 4179.22 4841.625 5665.894 5910.2 6170.602 6643.843 7316.58 8427.944 10600.18 12344.93 15565.02 16201.91 13377.88 13310.18 12788.71 13968.17 15441.89 16813.29 21346.29 20992.82 25733.96 18717.38 18089.83 21866.39 27610.38 27188.62 28214.38 24892.16 27846.21 33273.96 32479.67 26101.82 27517.31 16980.71 15199.11 13378.62 12163.47 11458.82 7886.669 4174.769 3001.173 2055.269 649.6548 388.7581 271.0654 84.48144 NA NA
12400.06 21119.69 24446.68 31142.04 38822.74 46703.68 54312.44 72915.53 88214.72 122833.4 108528.8 101828.6 127080.8 143307.2 165486.8 155075.9 183070.3 187276.9 240494.6 295772.4 393839.9 476121.1 694081.6 606835.3 570793.8 667348.2 940275.3 968634 1127630 1074123 1029908 1580896 1710333 2660894 1726703 3968294 27412589 151780768 46895188 15637921 31988672 58329155 24272487 94739140 124558273 860333619 229014124 8134366916 NA NA
3723.639 4452.926 4943.814 5674.973 5586.861 5097.964 5020.129 4669.057 4816.872 4626.449 4614.756 4419.358 4176.838 3871.601 3710.061 3660.965 3567.62 3362.888 3346.255 3236.174 2912.497 2825.765 2737.849 2545.219 2414.549 2261.12 2271.082 2185.485 1995.604 1972.919 1784.546 1763.557 1696.426 1603.53 1376.499 1116.508 1089.377 837.5587 783.0256 651.2378 578.0618 677.3116 371.5468 433.2559 246.8652 139.9297 97.04052 297.4125 NA NA
1876.308 2032.392 2192.206 2207.848 2396.897 2590.542 2717.765 2805.178 2957.156 2793.847 2841.609 2911.217 2605.867 2452.601 2318.17 2255.823 2098.697 2039.876 1887.437 1878.72 1792.396 1607.833 1520.285 1438.151 1419.619 1243.455 1140.631 1186.035 1177.634 1077.078 1090.639 915.6721 930.8963 866.1348 1085.196 925.5105 810.6071 826.9785 748.457 841.3289 640.9278 585.7866 371.3511 282.0273 207.5273 122.7869 37.71505 24.34265 11.56846 NA
12070.6 21668.29 30924.07 45182.04 40379.15 50400.14 69578.14 103046.8 92676.47 109911.6 125214.1 113996.4 102057.5 107433.1 126506.4 127343 146687.2 186545.4 233189.9 266832.6 255263.7 268573.1 317819 404147.5 461017.5 544857.6 589500.5 706505.7 815075.8 754652.6 652360.9 731516.8 693897.1 744684.6 1021655 974044.5 1736387 2109928 2587126 1764478 2045139 1705230 4296050 2009326 15748183 9497593 1.956359e+12 1.093306e+16 NA NA
4504.389 7545.999 10426.72 13507.94 18208.72 18286.52 20197.3 24075.62 23576.41 25657.44 25977.71 25120.88 23775.98 24867.29 26612.96 25521.32 26592.34 26485.73 24394.74 26136.45 24234.99 27677.54 24320.67 27008.45 30008.9 28380.47 28257.08 29140.89 30765.37 26812.24 27427.21 16683.01 14644.51 10930.61 7759.97 5937.858 4143.771 3314.398 2303.278 1456.949 871.564 655.7351 411.8273 270.0878 166.8074 74.14251 45.5945 27.59134 NA NA
3231.944 4041.7 4105.877 4468.843 4739.087 4657.869 4701.52 4879.039 4671.294 5181.585 5607.323 5698.866 5945.212 6327.321 6294.501 7147.339 8158.496 7887.346 6290.027 6000.608 5471.639 5902.119 5596.648 5426.378 5699.813 6095.597 5348.531 5415.91 5152.19 3842.157 3508.752 3294.719 3462.536 3542.997 3311.546 2788.587 2784.349 2165.526 1932.023 2023.443 1539.201 1117.727 1070.751 1138.813 1377.296 1856.821 2662.407 NA NA NA
5607.495 8021.398 9797.21 11860.11 14326.07 17398.26 20871.56 25001.5 30541.5 34766.79 39228.5 42871.96 42772.73 46360.07 51975.76 62838.73 65102.29 75550.67 78629.97 76637.43 87578.33 78153.67 69209.3 79571.36 70900.35 76059.37 62462.04 59674.77 50006.68 47253.04 59776.03 59457.89 49959.32 37854.67 33920.2 40496.57 34897.59 31682.67 18977.76 13553.58 10355.21 6789.678 7019.185 4410.386 3191.726 6318.516 8986.971 4032.773 NA NA
4317.396 5755.873 6156.701 6666.344 8358.28 10077.38 9413.515 10104.94 11414.85 12641.23 13769.14 11627.65 11349.17 12954.84 14808.72 13911.27 14854.37 17301.95 18421.22 22152.69 25137.29 20238.97 21388.42 25534.01 26726.79 20522.74 16096.41 17393.91 17797.9 20627.08 17396.2 16414.92 15029.56 14102.53 9414.385 8126.407 6053.341 5040.549 3997.306 3362.911 2977.041 1543.265 1236.798 553.7344 297.061 220.5581 88.93583 32.24168 NA NA
3361.568 3830.233 4405.8 4713.629 4772.972 4498.933 4370.197 4442.874 4683.708 4859.758 5111.39 5430.476 5563.907 5335.746 5436.306 5427.463 5594.036 5733.129 5288.391 5017.494 5292.166 5706.248 6311.124 6276.17 5865.577 5104.445 5319.643 5239.234 5667.713 4997.891 4722.991 3919.082 3138.722 2831.424 2321.029 2206.358 2145.44 2310.214 1742.229 1325.594 1104.906 633.9595 454.7321 305.419 168.703 101.2621 62.1541 28.99535 NA NA
2925.778 3241.183 3564.522 3945.528 4655.488 5351.965 5818.433 6331.016 6418.865 6831.115 7125.946 7442.096 7766.806 6612.34 6698.39 6554.931 6259.603 6507.254 6539.678 6621.725 6405.63 6562.345 5680.473 5272.75 4931.494 4416.446 4346.992 4307.019 3820.77 3495.259 3801.909 4492.024 5387.521 3840.35 4166.372 4605.734 4314.368 2911.85 2413.176 1588.958 1222.58 896.1622 570.9508 403.3596 242.445 171.806 154.8664 605.3633 NA NA
1801.659 1925.898 2080.947 2272.496 2489.369 2496.969 2566.975 2721.77 2783.22 2811.691 2739.239 2791.702 2968.815 3073.433 3266.512 3110.506 3162.339 2565.852 2414.504 2232.353 2060.212 2086.392 2067.314 2099.879 2136.18 2300.859 1872.834 1788.055 1955.887 2280.041 2795.736 2540.111 2692.962 2296.843 2114.763 1618.86 1309.291 1044.412 827.0667 782.1082 908.7486 2501.337 8006.106 13078.37 182514.2 1128415 789691.8 NA NA NA
6793.906 8677.71 10456.06 12098.89 15340.14 14677.84 16408.15 20074.69 23377.75 26670.49 31645.17 29725.51 38507.43 50956.29 64642.37 77365.91 87961.58 115418.5 155471.2 213923.8 303424.6 311878.5 246359.1 208939.5 275347.5 400944 438506.2 597051.5 710117.3 803355.5 925935 794785.3 485449.2 470125.2 466398.9 481469.6 487659 425188 699413.1 1589599 632644.4 275448303 398158174 298619559 1297159579 1.169265e+13 NA NA NA NA
1240.977 1342.198 1446.879 1535.132 1648.61 1684.984 1676.468 1562.06 1456.44 1542.675 1423.447 1433.176 1285.497 1299.264 1201.906 1219.066 1202.729 1079.414 1027.325 984.5357 893.9062 902.4247 918.2259 866.2232 884.618 767.048 704.5209 710.1057 659.7754 533.1287 411.2647 383.598 348.9949 303.5717 216.6698 187.799 162.4284 138.6376 120.0526 103.8519 79.45041 64.05626 45.49725 38.42672 30.45849 24.14853 15.08586 12.2046 NA NA
4035.931 6708.725 8135.402 9169.797 10235.71 10934.66 13264.42 15239.98 20081.12 21162.55 20003.77 20949.21 23043.18 25685.9 22231.7 28427.1 33981.73 38289.37 49467.14 60327.84 62261.21 73234.01 68000.17 70904.52 63603.53 54841.77 62590 61710.34 51773.67 36505.03 36440.45 36240.66 47367.42 68300.05 50197.82 51026.09 63130.26 100005 114780.6 97594.79 154002.7 55720 174853.6 585141.4 2897542652 1405681938 2.9743e+10 NA NA NA
902.7421 1193.871 1450.782 1725.307 2011.708 2382.505 2356.856 2350.256 2467.238 2881.157 3197.835 3670.932 4311.558 4982.476 5642.561 6305.364 6149.891 6591.758 8039.25 7939.701 8713.713 10416.87 9775.658 10080.4 12879.22 14490 18520.84 19193.11 14397.94 11201.87 9694.285 10475.88 10708.85 9075.251 5634.056 5634.284 3607.747 3212.241 2402.181 1583.161 1536.007 2093.247 4891.347 4265.496 17667.4 10071.95 538432.1 794216.4 NA NA
4612.812 5432.433 6784.391 7789.263 9434.355 8870.53 9718.533 10527.63 10618.05 12574.52 14402.52 16481.67 19913.54 24380.07 27725.26 33112.39 41260.69 50784.44 60590.45 57207.43 60498.9 55346.3 63165.37 73091.26 66090.48 52902.64 43746.91 38268.38 36147.48 40170.64 41700.49 39265.84 47080.96 60468.44 50077.88 47180.28 51250.54 42014.7 91458.29 60398.33 53079.59 25770.79 38288.01 91812.63 287712.3 139095.6 115624.4 64002.27 NA NA
1331.434 1583.004 1550.91 1585.172 1525.86 1674.336 1686.355 1668.821 1746.535 1870.84 2087.88 1928.251 2068.176 2063.033 1790.066 1792.34 1687.229 1700.666 1559.06 1517.979 1284.807 1216.105 1161.363 1046.055 978.0777 848.9308 747.1868 645.2743 587.568 543.574 491.4319 440.2202 378.2769 356.3976 310.7585 254.8791 214.3659 181.265 160.4356 156.0916 132.0183 125.2164 95.56239 65.52705 41.45606 29.98043 14.80259 9.271235 NA NA
2440.573 2662.589 2996.726 3303.469 3669.406 4213.211 4131.829 4687.185 5083.122 5426.026 5738.241 5986.03 6372.078 5385.72 5581.633 6002.176 6629.231 7299.222 8401.974 7869.396 9108.081 6843.115 6901.687 7139.453 7136.107 6472.848 6902.153 7112.018 5883.611 7300.712 7224.413 6607.072 6988.001 7185.526 6418.811 6696.041 7392.126 9043.015 7869.156 11003.58 6812.844 9461.843 4022.977 2456.473 2686.161 7508.118 442134387 NA NA NA
4826.582 6235.68 7500.943 9010.228 10267.85 11721.49 13347.83 14705.23 14421.35 12908.03 12490.44 11661.48 12627.71 13597.08 12375.01 13839.88 12824.19 12057.85 12105.99 9940.814 9091.961 9432.336 9403.922 10101.49 10350.68 11137.3 10890.38 10373.3 10370.39 8809.206 6973.386 6979.505 6028.635 5649.864 5748.001 6151.916 4494.237 4108.516 3808.156 2973.195 1778.171 939.3475 798.2278 659.1226 466.2736 284.2583 109.4272 157.9827 NA NA
2224.906 2410.162 3089.273 3355.665 3792.533 3839.541 4370.168 5134.31 5617.925 5610.2 5633.814 6091.701 5893.375 6693.171 6690.208 7397.591 7764.695 7659.39 8219.628 9293.677 10521.66 9233.433 8405.297 7302.87 7064.958 7389.325 7086.684 6441.344 6938.575 6907.531 7268.432 6380.156 5597.358 4725.739 4366.448 2990.704 2571.556 2496.337 1845.292 1523.576 1121.371 758.9008 423.1806 367.4435 183.6011 128.7722 84.38797 31.42425 NA NA
6320.996 10517.13 13555.91 14557.9 17785.96 23097.88 29594.88 36345.52 42959.48 52891.19 63897.23 75523.21 77629.03 78140.11 99419.6 92202.08 86990.77 85568.64 70391.79 57569.74 67045.68 79414.38 62596.59 51917.55 52172.29 54932.8 55430.53 53980.26 43012.68 39292.62 25490.44 18505.57 15550.67 12132.9 7220.735 6212.977 5135.814 4187.846 3332.297 2486.404 1988.598 1942.036 1995.072 1373.303 1024.654 646.3002 325.829 1176.361 NA NA
9599.607 14942.77 17888.07 21959.89 24353.15 26120.26 29281.3 24355.25 24126.13 26027.8 28422.42 32995.36 37416.78 38868.72 40363.35 37778.9 36665.22 35420.5 39292.65 45334.5 45514.53 45016.58 48849.28 44518.7 49848.57 58404.45 64648.33 81634.75 86540.85 90150.12 67039.05 86931.42 109228.6 71675.02 62112.29 54692.41 441048.4 255469.2 209217.4 125818.7 97267.52 111939.5 210422.7 367634.4 749960 384730.5 87924.9 2460676 NA NA
2706.969 2915.92 3344.007 3821.701 3637.908 3657.591 3972.495 3949.183 4463.703 5143.414 5717.92 6913.987 7280.922 8247.897 9450.779 8302.824 9117.721 9003.133 8416.973 7466.134 7856.474 7712.378 7692.677 7064.239 7867.331 8619.239 7037.769 7727.882 7249.078 6907.374 5551.427 5555.673 5129.561 5114.273 5206.924 4002.084 3898.206 4212.86 3579.906 3882.776 2647.948 2930.254 2281.533 8332.55 23817.89 17537.15 20673859 NA NA NA
2208.798 3203.508 3729.292 4183.952 4519.268 4968.29 5663.7 5667.07 5525.92 6186.657 6602.934 7610.569 7460.299 6721.311 6405.405 6988.859 7326.259 7859.339 7584.21 7402.065 8657.386 10727.99 10333.07 10898.16 12411.03 8852.755 8153.634 8675.214 8677.444 7402.238 7320.543 6702.188 6469.866 5510.725 5592.372 5168.778 5913.309 5291.411 4825.274 4043.185 3162.058 3227.949 3714.165 3976.214 2045.649 1364.129 1220.057 206.1093 NA NA
3851.933 6466.514 8160.361 7903.875 9172.882 9670.667 11217.3 13279.17 14943.72 14700.5 15484.72 16056.35 17872.96 21544.73 23176.27 27831.69 31297.47 39175.85 38890.59 51689.86 68183.58 70645.22 86220.79 76004.41 82148.28 94673.59 84421.69 73035.49 55263.31 36128.7 40162.83 52467.47 62143.45 47474.26 52590.06 51228.74 75965.96 99526.82 135295.4 134493 231279.8 196911.8 111389.4 56914.24 48206.81 39388.99 41682.8 2069680 NA NA
4721.299 6129.507 7778.981 9963.593 9885.106 11818.86 14015.34 15989.49 15531.61 17087.07 18294.61 19633.17 21167.01 23413.46 22083.98 19777.09 20800.31 20344.12 20335.44 18085.3 14597.55 14882.14 11651.45 11179.95 9625.542 9842.359 8703.821 8923.696 8019.499 7062.897 6247.59 6871.362 5543.738 5739.045 5033.65 5241.678 4837.965 5205.064 3048.841 2557.238 1768.37 2004.817 1960.185 1413.04 2115.831 1159.197 2099.635 162.2069 NA NA
4755.079 6881.08 9008.886 9713.588 10586.1 10711.14 11942.15 14071.22 13303.51 15017.73 16040.89 17467.01 17391.4 18708.03 19921.66 20917.4 19043.06 17016.93 18699.19 19538.97 21729.37 24195.29 28888.38 25568.13 24168.37 26441.5 22067.11 23641.23 23909.25 17452.16 21444.99 31064.24 31609.46 28126.81 16392.83 18294.64 24413.32 27601.07 18423.4 23196.68 111481.8 95189.74 40962.69 10253.67 3885.98 2718.812 1124.846 3365.149 NA NA
4799.288 5487.874 6884.352 6865.002 7409.259 7668.971 8638.397 9458.64 9509.903 8968.31 9009.433 8942.665 9171.298 8791.509 8428.712 7906.999 7373.456 6571.532 6681.285 6613.024 6969.075 6237.081 5519.975 5297.625 4248.761 4001.435 3523.3 3646.905 2876.63 2528.411 2382.438 1993.14 1701.662 1519.314 1288.142 1000.154 833.0485 682.3521 613.5874 575.3807 611.4128 399.5444 367.617 322.842 295.1183 241.52 134.2315 9754.661 NA NA
2131.241 2374.634 2513.638 2525.262 2674.843 2883.671 3036.608 2714.965 2586.806 2755.621 2943.173 2732.087 3018.507 2901.87 3115.595 2807.553 3087.513 2888.275 2805.522 2669.064 2678.067 2902.179 2639.45 2444.854 1974.85 1987.443 1947.114 1781.594 1537.279 1471.107 1444.997 1580.158 1467.192 1267.323 954.33 782.3231 648.1372 538.2744 480.8992 443.7625 430.4006 333.8887 242.9975 196.8466 142.3062 107.463 50.8465 16.58239 NA NA
2171.242 3154.065 3460.16 3845.042 4099.322 3886.466 4132.786 4350.668 5052.721 5647.938 6838.135 8214.208 9141.202 9483.565 8974.849 8064.338 7981.575 7687.968 8587.309 7871.17 9188.605 8583.477 9465.239 9536.226 8834.312 9243.815 8388.883 8856.894 8148.113 7425.093 5517.15 5426.538 4559.475 3768.941 2892.232 2445.245 2126.108 2027.036 1492.37 1230.932 785.6337 472.2611 436.9787 231.449 196.028 310.524 1108.359 487.9184 NA NA
5772.961 8609.507 10302.18 12088.04 14099.35 12922.34 15635.45 15981.25 19292.09 23945.02 23195.86 23710.42 23284.92 26070.16 28390.01 29630.81 27269.02 25159.92 26932.35 29221.84 31461.48 34994.68 31043.97 33689.09 36076.14 30252.95 31220 26530.25 20600.01 23150.12 16433.33 17013.39 15391.21 16318.89 13379.24 10416.21 9520.875 8346.513 5815.999 6082.393 6512.446 7434.645 5144.471 7208.464 3800.566 1728.989 836.8463 472.2571 NA NA
13559.76 19936.36 25717.55 25913.13 27815.04 33907.73 37616.64 43232.14 51992.62 53877.54 62080.12 71312.85 83184.24 78988.36 84296.67 86542.34 87438.36 86057.41 108756.2 108749.6 110035.7 87096.2 105282.8 145221.9 186753.1 225856.8 319834.8 371659.9 341626.2 296014.7 225311.8 285468.3 262592.3 419458.2 428739.1 893451.8 1763678 9728208 23864081 40397291 370288365 256165595 640866509 63632796 99640420 23384346 55526730903 57389429739 NA NA
3512.517 5092.586 6037.671 6020.848 5714.611 6281.128 6717.353 7403.268 7941.29 8255.486 8007.497 7376.931 7171.984 7358.863 7215.291 7169.517 7662.804 7962.605 8447.291 7230.233 7989.329 8563.188 9021.92 8286.126 8172.365 7654.793 6858.879 6202.968 6202.709 6146.816 6198.906 5587.163 5981.796 5566.111 6037.949 5581.644 4952.236 3987.349 3064.225 2861.281 1582.593 1868.915 3612.408 7036.262 3232.912 4014.906 2802.041 43900.36 NA NA
2125.079 2706.444 3380.05 3161.111 3642.61 3485.41 3531.841 3580.776 3628.502 3599.532 3287.741 2968.175 2798.739 2815.507 2885.442 2925.125 2803.62 2743.229 2771.663 2551.749 2478.308 2222.208 2081.852 2009.045 2233.306 2305.044 2513.863 2089.015 1915.666 2126.178 2051.396 1562.409 1401.36 1279.482 980.5047 870.2568 851.6927 645.9364 508.7142 401.4424 306.8198 193.704 144.1847 105.2256 81.49531 62.45888 39.78317 24.74067 NA NA
3310.715 4838.652 5620.943 5713.349 6497.885 7230.738 8740.255 10854.49 13582.34 13842.3 13375.2 13154.21 11460.94 12464.36 12229.52 13711.99 17227 18286.16 21098.29 27933.08 33411.63 33905.8 35442.18 28325.84 31470.39 39904.46 50478.65 76288.83 85736.11 78068.12 65799.86 55558.48 43105.49 54477.21 57597.06 42569.9 40473.59 42511.49 42710.67 53211.85 65024.63 47015.33 73533.82 110614.9 3162272 120433693 1727079 49983700183 NA NA
2629.289 3893.55 4228.902 4900.696 5993.914 6068.26 6296 6404.079 6938.531 7205.871 7976.173 8634.849 9914.096 10302.6 11006.52 12547.44 11249.89 10718.93 12312.39 11627.77 10627.81 11772.86 10703.92 10218.96 8970.034 9258.163 7723.773 6728.967 6058.065 5329.352 5135.957 4455.638 3866.445 3767.481 3612.953 2972.209 2762.578 2074.55 2321.333 1757.174 2267.877 2462.31 1710.268 898.3851 1897.334 569.6712 834.1444 285.9255 NA NA
4603.119 5916.628 6303.088 7446.624 7195.341 8695.627 9527.375 9526.846 10881.9 12509.44 10428.16 11287.33 12571.61 12946.45 13947.52 14937.42 12818.77 12948.75 12996.01 12339.78 11603.49 11205.96 11508.73 11448.09 10073.11 7727.398 7378.507 6808.207 6888.148 7488.882 5828.225 5622.353 6775.567 6180.751 4920.886 6672.644 8365.814 8659.209 9593.389 19419.43 23579.07 28598.24 21378.4 28601.05 43826.34 4804273 935899 NA NA NA
1507.411 2036.783 2425.353 2362.537 2295.482 2421.997 2536.624 2761.286 3050.249 2955.247 3232.313 3697.384 3794.834 4486.202 4809.872 5935.483 6348.2 6978.597 7867.316 7630.718 9032.913 10035.71 11010.92 11984.62 9952.43 9622.8 8313.602 8399.512 9654.764 7805.108 6651.387 6291.451 5209.947 4174.643 2697.103 2279.977 2201.848 2076.614 2056.849 1964.895 1395.079 947.4005 426.0404 285.0066 158.0233 106.1795 59.17794 21.65927 NA NA
12502.28 14839.42 18022.45 20523.91 23793.62 24619.99 26928.89 28924.33 30826.45 35956.1 40953.72 41836.79 40240.75 40636.16 43543.43 48059.96 41139.32 44973.89 46026.04 48082.59 46222.47 41350.19 43920.86 47831.08 40828.94 40890.97 31445.39 31540.5 29899.14 23258.41 19439.81 19997.47 20249.46 17335.8 17546.35 17854.95 14882.05 18542.2 13891.46 18800.79 12631.68 13542.74 7062.916 3958.168 2536.992 641.1745 316.6055 83.26689 NA NA
3186.11 3836.4 4533.643 4416.45 3946.043 4203.146 4632.534 4853.477 4495.581 4881.055 5341.981 4554.569 5007.891 5525.586 5519.044 5537.957 5532.565 5089.865 4719.666 4182.492 4136.604 4407.207 3911.497 4111.371 4259.338 4265.804 4832.624 4562.21 4812.544 4656.759 5189.9 4786.5 5970.489 5244.069 6645.07 5625.694 4456.444 3607.642 3972.285 3072.274 2166.085 1954.644 1385.647 988.9406 733.2535 987.1548 25774.52 4525.674 NA NA
3064.141 4443.808 5616.542 6969.702 8097.004 9432.08 11305.72 13126.23 15520.52 19292.34 23375.32 28094.57 36698.05 40775.24 40753.21 37056.64 37256.38 45839.43 45697.73 59225.76 53478.71 50876.54 51347.77 48155.14 49613.11 51212.42 45679.44 38570.36 34472.43 30732.31 32442.03 26484.31 22098.98 25490.83 27113.61 38702.96 62090.71 51038.69 57141.66 62966.62 66566.5 31948.21 45855.6 47805.27 143807 1650550 1240208 14164406 NA NA
9715.518 12400.83 13992.59 16066.31 17369.8 20941.99 25603.57 29208.21 33138.45 34146.8 35447.37 35617.77 34989.03 39955.82 44919.31 51550.46 41654.36 42467.04 45769.46 43371.98 50106.67 57351.7 50537.78 50675.37 46135.36 47641.96 51238.21 74770.63 84647.53 75538.27 61805.09 52909.02 44389.9 45976.54 43536.04 48111.75 41258.46 18390.36 14539.74 13640.17 7851.497 5708.291 2861.011 2138.949 1287.256 562.5857 187.6466 41.93447 NA NA
3098.461 3338.879 3165.123 3440.912 3992.83 4226.617 4532.643 4241.284 4252.536 4439.25 4334.141 4466.339 4791.077 4975.456 5332.916 5223.589 5611.001 5846.001 6309.619 6211.453 6201.603 6561.792 6146.626 5868.945 5959.869 6412.903 6408.795 5896.288 5072.2 4304.585 3784.982 3711.267 2818.096 2489.042 2515.387 2238.802 1802.621 1845.897 1603.481 1637.667 2103.555 1431.537 1653.145 1293.468 680.5982 235.0348 155.6632 12347561 NA NA
4650.406 7331.061 9223.473 11408.55 13523.25 14361.39 16008.98 17998.84 22263.42 27386.65 35759.93 46814.45 64709.99 92632.17 102710 137170.9 183029.7 328485.5 362855.1 661711.6 1165485 1668433 2178841 3345171 3054220 3082303 4115923 4759158 5730899 4732247 3034194 2016428 2365394 1612782 1228291 1213129 829770.7 536079.4 445954.4 920012.2 1646168 7277317 2934624 5570662 24821313 26795574 1813470298 30275784114 NA NA
2254.123 3025.655 3463.513 3637.804 3855.999 4164.009 4177.158 4699.628 4297.906 4798.459 4478.467 4837.578 4741.249 4706.133 4961.881 4586.058 4446.232 4667.112 4342.76 4501.433 4677.432 4905.115 4986.359 5622.116 5342.959 4833.426 4207.065 4085.787 4040.687 3601.284 3736.709 3769.767 3401.093 2851.681 2292.552 1760.612 1287.321 1171.465 1068.877 954.6596 709.0549 712.4292 554.7904 460.5435 241.2004 204.4055 93.3954 55.21963 NA NA
18027.78 18588.54 21833.21 23153.74 26368.13 30020.31 33599.91 40266.68 45794.84 55568.98 65751.59 83950.9 102963.5 99400.79 110323.3 101530 104386.9 113295.8 111084.5 106689.1 99797.99 117406.9 119052.3 108497 123782.6 156724.1 187370.3 167794.1 187784.8 185819.7 158679.2 164482.1 157975.8 128390.1 103878 88184.86 76764.86 81991.74 75330.46 57244.61 37092.04 31867.46 13644.61 6207.856 4270.398 1793.726 11592.84 3767212 NA NA
4224.523 5459.327 5290.11 5899.624 5998.273 7080.489 6769.288 7740.859 8688.237 8205.907 8914.388 8912.593 8745.113 9573.296 11091.32 12275.33 13700.19 14801.17 15341.9 18963.14 15270.82 15068.79 11997.2 13431.88 11781.04 12502.49 11540.38 12824.08 10958.38 8419.651 7898.821 6708.336 4978.583 4343.619 2954.974 2204.491 1882.034 1467.056 1298.64 1045.831 795.6013 760.0596 679.3839 352.8849 502.3122 3993.097 1891.393 1408.966 NA NA
3488.957 4437.378 4159.478 4626.468 5033.931 5715.925 6479.183 6543.363 7180.141 7569.928 8088.191 7519.675 6929.272 6297.474 6617.654 6157.822 6089.403 6325.586 5663.403 5390.407 4843.264 4415.228 4154.62 4400.174 4727.601 4392.522 4386.673 4530.999 4545.838 3887.863 5207.749 5568.258 4674.897 3007.484 2192.415 2248.411 2275.517 2591.628 1663.789 1682.954 1318.073 877.3102 993.6378 584.5263 551.6656 17753.54 142592.2 88933.63 NA NA
1359.81 1159.573 1202.588 1264.429 1245.158 1252.677 1283.057 1319.108 1388.418 1448.972 1417.501 1414.232 1495.644 1529.753 1327.97 1240.011 1225.125 1214.843 1160.715 1131.415 1107.835 992.6627 939.6269 904.3119 856.9825 735.1067 689.613 614.4021 530.3979 487.1931 470.2079 433.748 384.075 381.2143 316.7304 258.2608 256.7957 228.9899 184.6363 190.0586 177.8181 147.0007 123.1253 126.9334 145.9729 348.3087 165.112 40.27287 NA NA
6153.947 7427.091 6552.629 6594.51 7747.372 8984.165 10642.56 11797.72 14271.37 17163.39 19411.47 24864.99 28722.89 25383.47 30769.55 34666.19 33986.29 32113.73 33512.85 34295.58 31525.36 26451.62 27806.79 24162.27 24699.96 22311.32 23414.93 20136.59 24302 30464.02 35395.91 40936.84 51672.48 69450.47 57309.31 85844.64 84421.35 204257.2 647883.8 851608.8 5820613 8003408 1938372 9798545 69021654 288997368574 49661011789 3344111800 NA NA
4557.653 6526.949 6282.591 6894.79 7186.438 7532.162 8060.335 8090.603 8582.61 9112.654 8226.789 7390.83 9390.362 9194.773 9435.211 10298.33 10150.36 10201.98 9632.088 10011.69 9954.199 10626.87 10703.28 10584.14 10769.34 10219.3 8737.142 7144.755 6157.504 4995.502 4003.877 3426.184 2492.419 2257.523 2096.391 1762.549 1406.342 1149.462 914.1007 610.3801 513.4889 433.4632 334.844 226.1012 232.0639 203.4131 228.4585 5760.099 NA NA
8589.679 8457.906 9777.328 12352.75 15428.54 16915.9 20194.24 24023.22 30903.72 34056.1 40098.56 56345.91 66576.03 88237.99 92190.4 86991.49 90725.78 126826.9 118889 148449.8 225716.2 301218.1 521687.6 579050.6 934370.9 800112.1 787367.5 878494.5 1311080 2497432 2749747 2670286 2527044 3013449 6614006 10221907 12899438 15309883 11338501 6730269 13549531 22476310 26452992 107015617 66114596 516678871 4055548479 27270808090 NA NA
3234.587 4542.707 5413.509 5935.016 6944.257 7796.889 8171.697 8253.184 9216.244 10363.75 11683.03 13007 14150.07 15729.9 16484.18 18478.84 20562.42 22392.61 20062.36 22799.53 22445.38 29816.73 30953.38 32450.93 33465.97 36571.24 29381.24 27851.97 24501.27 25505.15 26707.77 24126.06 19915.44 21558.54 14311.83 11746.62 12723.91 9299.068 5175.68 3175.37 2241.881 2246.77 1760.097 5275.786 575817.5 9792255 230763.8 28635.15 NA NA
4318.599 5341.216 5762.162 6324.965 6201.698 6997.385 7738.825 8447.333 9956.939 9784.532 9221.497 8796.148 9685.235 10273.41 11205.88 12932.44 13351.03 12639.79 17852.21 18822.13 18800.72 22975.11 22175.44 30614.56 31875.33 27479.76 26354.25 27337.72 32982.47 46120.25 71127.11 77867.96 127861 171461.3 212165.5 213517.8 157398.6 260020.9 261769.4 802432.5 644528.8 690029.7 218233.3 179430.6 655661.2 231905104 34671175 5292477773 NA NA
6127.712 8834.804 9585.081 10812.85 14304.21 17984.99 19193.37 23129.41 26779.99 29487.62 36342.17 47686.74 59537.26 61841.16 61283.57 59351.19 78855.16 90104.72 100757.5 98030.38 100947 96810.7 119377.2 160783.3 176750.5 182191.5 281746.8 491766.2 747856.2 599688.9 641744.4 448785.5 418077.9 501583.8 353687.1 449276.1 496588.9 876587.9 491190 962375.1 1022527 505977.5 1540553 742702.8 3070025 8451271 975720.8 806660.8 NA NA
3136.869 5039.633 4259.287 5148.718 5961.363 6789.106 7513.967 8195.369 9079.374 10493.13 11799.89 12426.91 14638.01 13910.63 15202.4 18370.58 22911.14 22967.57 28957.72 39943.03 55707.1 75449.07 71762.85 58772.84 65277.57 74654.39 120351.5 221604.1 238545.7 158238.5 271311.1 259953.2 194628.7 261373.5 227169.8 229144.3 264704.9 353676.7 143140.7 155840.5 201891.6 415204.1 16753268 62127503 283508203 8751666 30234040 186537667 NA NA
4369.525 5410.053 5610.454 6290.402 6938.521 7157.63 7690.749 8829.105 8967.974 9818.063 10475.77 12440.9 13944.13 15679.73 17795.84 19243.99 19178.01 19515.82 22076.35 19596.45 17774.49 18888.54 18832.86 17473.51 18829.08 20359.67 19090.96 16726.07 12562.06 10325.35 10008.65 9526.89 9319.209 10087.07 7028.913 5525.759 5384.831 5806.334 4964.409 4549.059 3578.025 3367.009 1489.649 1283.121 817.8494 1623.945 2608.064 697.8463 NA NA
2329.43 3234.104 3267.794 3564.851 3891.578 3851.427 4079.937 4017.651 4558.643 5163.11 5617.646 5883.826 7092.033 8754.814 10617.11 13481.27 13141.99 14917.76 15092.62 14207.26 13650.5 12901.23 12872.48 14649.96 13411.51 15673.77 14609.74 16878.79 13903.86 15475.91 12023.54 11846.4 12154.83 12058.58 11523.17 15909.21 17369.74 9171.903 6716.101 5813.983 4618.697 7551.083 11801.84 39448.04 31738.64 59903.06 90621.67 878229.6 NA NA
9354.264 15107 19643.28 23380.4 28175.35 27689.84 29766.87 27233.48 30482.48 34287.62 37668.73 41431.5 44395.61 44414.73 46952.54 49716.81 46610.1 56651.51 46166.44 50722.54 48500.47 50395.25 55809.05 66946.08 57439.85 65963.79 70457.2 63248.09 53282.53 66426.61 103333.9 130869 120636.7 82050.06 78383.2 98517.76 50578.98 71893.34 34230.01 32347.02 41190.92 16388.05 29800.21 26499.24 23360.87 11139.15 25830.47 2348.791 NA NA
4253.68 5098.47 5678.444 6650.893 7010.458 6883.014 7825.013 8243.034 9577.396 11340.32 11276.36 12086.82 13143 12910.63 14598.4 17195.01 20449.58 19719.49 19686.72 23443.14 25716.56 30427.55 36126.71 43192.9 47594.1 53694.43 91254.01 86071.76 61531.46 56081.1 78311.96 126349.7 143593.3 181976.2 115242 90659.28 90268.72 120074 165473.7 193528.1 680771.3 185643.3 707025.4 2779372 920186.8 734632.1 26390955 21503725 NA NA
1657.652 2030.084 2271.223 2426.015 2834.742 3232.05 3564.552 3956.652 4465.27 5080.977 5165.218 5170.13 5685.492 5808.762 5696.152 5669.399 5815.086 5157.292 4276.73 3771.798 3541.939 3610.766 3522.533 2903.369 2736.347 2592.225 2470.106 2373.009 2375.494 2235.671 2136.752 2178.012 1854.038 1946.239 1537.407 1386.302 1140.985 1052.915 1021.197 711.4796 593.4097 360.9573 298.8756 228.015 153.0415 97.41449 66.96565 3438.705 NA NA
2505.529 2569.886 2674.677 2902.82 3221.744 3254.422 3798.821 4513.57 5131.701 6121.457 6219.219 6466.427 6149.957 6654.31 6630.167 6859.957 7387.105 7624.265 7197.119 7582.06 7758.825 8291.629 8366.969 7224.89 7456.782 8261.319 9363.49 9695.198 10204.31 9083.404 10002.71 8586.077 7322.622 4863.113 3589.095 3477.556 3122.129 2529.751 2340.02 1620.219 1145.349 877.3853 622.1154 403.7743 292.5782 218.938 637.7958 237.6103 NA NA
6286.024 7149.381 8753.922 9980.36 10373.6 12075.5 11204.49 13391.05 14263.33 17429.58 21193.94 22289.97 25416.17 30907.02 39039.86 35526.18 42890.39 53214.75 65206.99 73854.27 85065.66 83151.85 84588.76 72581.06 90267.36 93692.64 115163.9 71667.63 65228.03 51022.78 43006.32 50618.68 52669.58 58719.94 80490.84 67272.94 96853.62 237894.8 136247.7 236743.4 73626.89 41384.97 56982.67 46576.34 52215.23 26724.66 53194.73 59942.4 NA NA
1189.678 1403.435 1492.654 1620.52 1575.203 1510.44 1577.598 1630.287 1586.603 1684.281 1600.816 1655.53 1764.884 1928.486 2012.327 1796.867 1939.397 2055.179 2209.131 2171.407 2094.874 2416.427 2177.221 2332.503 2049.495 2364.27 2611.313 3188.944 2802.525 3063.637 3092.623 2126.364 2403.184 2509.585 2622.229 2595.483 1955.842 1833.538 1156.609 856.0467 629.898 526.9104 569.7485 254.4979 173.6266 114.7953 65.30565 NA NA NA
1845.39 1937.456 2058.262 2107.212 2089.943 2172.603 2257.474 2128.26 2077.243 2183.618 1981.67 2038.514 2053.193 2096.213 2104.472 2131.552 2116.992 1842.359 1886.859 1755.194 1736.607 1817.936 1971.423 2092.674 2094.231 2159.458 1842.472 1915.94 2076.079 2208.657 2465.798 2655.88 1781.168 1819.774 1537.641 1071.81 941.6428 934.0697 703.8155 626.6512 480.196 327.15 289.2422 365.1963 286.3599 278.305 265.2017 2989.332 NA NA
1757.572 1916.976 1990.933 2073.947 2214.882 2434.388 2756.123 3116.378 3625.276 3836.168 3962.646 4446.858 4742.818 5213.362 5123.808 5850.257 5868.618 5678.426 6426.51 7250.783 8104.123 9836.113 11051.95 10466.47 12924.16 10576.26 9483.923 8711.67 8985.991 13070.17 10088.24 9693.449 8721.111 6528.105 6504.407 6094.775 4801.865 4607.281 5002.454 6748.24 15109.16 12204 35348.25 24582.48 89062.38 10388648 4383272 1016460886 NA NA
2534.978 2951.781 3554.312 3953.524 4479.316 4582.122 4170.484 4408.996 4381.368 4785.187 4940.504 5361.311 5487.963 5713.714 5522.838 5195.77 5609.106 5257.016 4512.503 4278.141 3787.113 3451.528 3262.907 2810.087 2794.756 3042.943 3395.707 2988.323 3222.979 3261.476 2645.564 2660.079 2151.239 2194.758 2135.632 1935.244 1751.152 1200.177 1195.193 745.5236 580.7482 384.3482 230.7685 170.1196 105.3181 52.87117 39.04954 18.77168 NA NA
1753.605 2241.189 2318.002 2468.29 2562.381 2679.01 2779.37 2908.224 3072.153 2967.55 3061.67 2944.899 2812.399 2576.786 2518.448 2404.829 2349.664 2199.285 2092.166 2012.195 2000.326 1978.873 1966.076 1835.539 1819.3 1791.833 1789.156 1788.094 1902.748 1894.714 1861.719 1904.641 1647.88 1291.553 1287.247 1315.142 1116.394 1235.246 915.5221 969.3683 699.0819 911.4512 1886.287 1369.794 1208.367 752.9547 472.4247 2605.746 NA NA
2683.46 3424.762 3513.047 3490.775 3836.637 4162.469 4583.325 4905.317 5160.234 5676.028 5595.807 5538.653 5572.176 5244.912 5903.823 5825.955 6503.723 6327.193 7211.419 7867.663 8805.252 8559.348 8150.536 8829.047 9477.659 11800.61 11871.03 13720.91 10931.93 9112.153 6175.682 4927.699 4689.062 5346.473 5273.299 5239.651 4173.084 4353.661 4816.239 6024.399 4275.152 25449.53 234533.4 276453.8 366166.3 194282.3 193059253 NA NA NA
9983.422 13973.73 17083.3 17580.59 17481.48 20302.91 25368.91 25859.56 30728.5 39666.76 38532.86 44125.22 43502.54 56171.06 57101.53 68713.35 68510.46 76952.44 57034.12 62230 57113.64 60167.25 62271.33 61464.13 60155.16 54168.45 46256.1 47348.32 43255.71 35410.91 31423.17 27008.83 21251.7 17099.04 11601.6 9906.958 6340.756 4562.08 3453.123 2533.34 1777.065 966.0273 588.6934 281.5102 177.3618 71.47646 46.07508 25.69545 NA NA
3314.21 3871.421 4830.512 6181.864 8010.321 8418.487 8783.06 10701.71 9070.481 10182.38 10875.85 11796.06 13745.11 12826.46 12513.92 14619.54 16557.58 20080.28 24574.94 22020.57 21536.52 16674.33 16603.15 14510.26 14508.94 13541.23 14222.48 13576.62 12542.47 10957.8 10931.87 11377.92 9822.975 32603.26 27030.99 20246.47 16691.3 16901.95 16489.17 22890.96 20576.64 32533.69 24908.62 11216.86 6604.07 3753.29 2778.631 1021.078 NA NA
2569.456 2974.97 3472.238 3610.16 3961.583 4418.049 5027.937 5629.598 6471.057 6720.285 7954.969 9472.442 10527.96 8547.182 8718.6 7948.847 7942.804 8769.439 9068.659 9397.058 8882.332 9157.45 10515.79 11930.63 15097.07 17738.54 18437.81 17071.01 18589 20574.77 18161.97 22627.98 117205.4 126707.4 77508.28 75802.1 103994.6 72318.11 62022.15 83444.03 64696.16 50794.77 45372.91 8224.607 18460.62 1260575 141966955 2524915 NA NA
2712.235 3550.42 4714.995 5501.194 5470.444 6353.07 7428.031 8391.611 9652.24 10885.39 11631.71 10400.84 10791 10794.32 11318.67 12004.79 11009.14 11345.27 10957.84 9626.38 8784.066 7673.802 7362.522 5728.117 5068.473 4586.155 3808.055 3607.476 3704.612 3479.985 3051.354 2974.055 3274.254 3589.783 4094.227 3903.587 4110.377 2426.811 1964.509 1609.257 2035.524 1402.819 1535.117 882.9164 413.9742 212.8945 151.2236 64.74048 NA NA
1451.733 1714.219 1900.265 2154.244 2084.545 2200.293 2143.486 2305.232 2438.145 2528.976 2464.316 2468.086 2451.436 2501.871 2482.373 2308.462 2019.259 2061.816 1882.325 1789.553 1641.13 1406.644 1265.194 1158.11 1036.465 924.8218 847.2734 795.8772 625.8075 577.7643 573.9447 535.107 485.3321 492.5766 540.8845 492.2907 479.2499 387.3943 441.2908 498.8753 370.9467 538.7244 3343.219 1844.249 771.6654 8879.487 588846.7 NA NA NA
2365.778 3127.282 3915.79 3896.493 4800.106 5196.418 5342.639 5948.624 5540.768 5707.242 6211.125 6692.433 7477.186 7496.587 7639.945 8116.076 8812.517 8666.243 9133.523 9263.663 9391.441 8301.594 8922.784 7731.28 6518.01 5834.612 4721.045 3896.59 3376.679 2799.566 2677.406 2647.005 2665.912 2961.712 2560.141 2448.882 1662.159 1216.139 1009.256 836.7986 854.6771 779.3474 833.2071 752.4575 374.8239 1483.947 715.9327 139.3293 NA NA
4690.909 5346.094 6038.807 6978.157 8156.581 9276.763 8288.735 8703.947 9354.217 9819.034 10693.7 10046.68 11458.28 11605.42 12676.2 13170.51 14816.58 13792.82 14560.85 14299.9 14521.34 16299.77 14786.32 13580.07 15298.06 16199.31 16705.91 16254.46 17277.18 14294.34 16087.18 17298 17116.96 17232.76 13987.66 11934.12 8200.569 7992.529 8093.805 3860.863 2798.395 1921.935 1443.888 909.523 748.8351 449.5941 675.7309 1969.298 NA NA
4723.443 6537.551 7577.176 8254.008 9804.503 9839.412 9813.931 9300.79 10815.72 12125.9 13334.03 11927.29 11023.37 10058.74 9777.553 8489.944 7831.491 7085.895 6275.071 5994.929 5680.257 5733.514 5935.255 5929.361 5911.829 5032.202 4606.309 4598.74 4262.442 4238.169 3866.418 3248.873 2541.151 2168.569 1996.539 1567.086 1249.187 836.6181 706.9067 586.4158 435.2435 324.8513 218.7096 158.6579 108.6582 66.6033 40.21408 NA NA NA
6434.441 9759.025 13383.67 17511.98 24859.57 27764.09 35358.15 41497.17 44318.32 51336.01 62999.84 63107.04 73362.18 82682.78 78710.61 99611.5 104915.3 130331.4 156521.3 168990.2 177410 165910.4 190396.3 162156 178087.8 219415.4 205786.2 234563 239681.2 282022.2 278832 409475.1 566316.2 738370.4 1467526 2981250 15014177 29231705 25570506 17560224 19734806 86573650 5951947283 3177490065 1218036965 187128104 397692340 11528578125 NA NA
