206.5034 231.5098 226.5663 219.0237 188.5669 161.8009 144.2152 138.6911 144.6035 143.0151 143.4246 139.9089 138.3286 167.4385 195.9306 215.9957 227.2288 283.0165 324.2822 386.5066 422.5116 521.5769 559.8253 719.0937 988.1949 1172.942 1402.503 1526.945 2066.099 2462.993 2781.615 3332.583 3469.043 3605.728 4448.265 5652.321 7850.096 8894.071 10044.31 13200.27 16088.75 16695.67 23729.88 8874.742 16251.79 33699.65 98236.48 2761.61 NA NA
100.4109 95.07587 102.6638 90.14177 95.24021 82.4689 89.40299 79.83922 83.45253 74.00339 70.21838 76.28725 71.93544 87.1748 88.13081 93.01607 83.26328 94.00606 94.61097 98.44134 104.3711 93.2868 128.2277 182.2866 178.238 169.9466 145.5119 191.4059 194.046 227.694 216.761 277.2348 289.3063 303.2844 373.6737 422.1018 539.15 929.1941 1621.841 2008.599 2030.04 2419.031 1814.362 198.7029 4.430429 1.704796e-05 1.115848e-09 6.895413e-09 NA NA
176.0822 143.8247 108.9383 100.3611 87.7835 80.81621 68.39452 69.89931 57.1852 48.12232 39.84759 28.17692 26.99294 23.98133 24.39903 29.39149 33.53812 41.00987 39.73884 46.65501 55.02094 50.10746 56.58972 77.12194 76.60776 94.01772 90.94151 87.01594 76.93424 95.70164 113.4212 112.8715 142.7626 110.0287 74.06355 119.624 157.1596 112.4175 21.56304 3.1224 0.1183395 0.001438908 0.03445937 0.4117647 0.3893717 0.02444107 0.02085292 0.01530426 NA NA
959.9958 669.9579 449.0129 430.8156 429.6799 346.8348 290.9333 226.4724 217.3373 192.9106 155.6865 153.62 170.3966 147.2077 136.2244 156.6031 143.2703 154.5187 183.9434 231.2196 270.6972 306.1088 388.0307 380.7335 389.0395 398.8857 448.4769 506.1974 658.9491 981.572 1032.677 1034.503 1346.145 1749.362 2389.113 2262.048 2876.579 4206.488 10755.21 15958.04 29108.99 38531.48 74516.33 109220.4 227755.1 516694.9 979447.4 138981.2 NA NA
123.5124 61.21865 63.83558 58.38617 53.15468 49.37452 45.52956 42.15484 44.28496 36.47179 34.59064 35.57553 30.20143 27.24087 23.38076 19.87415 20.28055 25.48912 22.32751 13.95019 8.10273 8.085421 4.590138 5.580356 5.255245 2.068361 2.093356 1.825477 0.8713071 1.194645 0.717308 1.132183 0.6825478 0.6458275 0.1679488 0.0165552 0.002889632 0.0006406076 0.000971617 0.002651336 0.00711721 0.003414535 0.0006617817 0.0001645353 1.467492e-05 8.354552e-10 1.162636e-38 9.223865e-40 NA NA
145.3503 46.20131 27.09443 23.46746 16.79621 14.72523 10.37098 6.513529 4.727547 4.230595 2.463276 1.305387 1.10546 0.7687327 0.4450616 0.2117118 0.2780482 0.2169174 0.1685012 0.1319843 0.1191943 0.1109059 0.05083741 0.02433287 0.05574242 0.02691384 0.023788 0.01659471 0.01945877 0.05319989 0.03697768 0.0711149 0.07205682 0.1060991 0.1565836 0.09412612 0.07247175 0.03536674 0.0369227 0.007126279 0.002153905 0.0001291462 1.428667e-06 0.0001383323 0.002459447 0.01226567 2.230098e-13 1.444957e-29 NA NA
8.004149 6.441701 5.801443 4.964284 4.380746 4.296757 3.950859 3.875893 4.371781 3.681138 3.801242 3.713714 3.608013 3.561406 3.186274 3.165872 3.259592 3.024951 3.699679 3.411929 3.162497 2.412544 2.663096 2.4558 3.580642 3.068202 3.648471 3.475573 4.19848 4.168214 3.679856 6.923523 6.653789 11.58183 12.70377 10.70608 8.070107 7.594254 12.76993 4.332469 1.302761 0.7112311 0.02470658 0.02110801 0.7209557 0.1181158 1.391924 2.984938e-14 NA NA
28.2125 22.60935 20.41424 16.2587 13.88401 16.08271 19.03477 15.45664 13.36894 14.53662 15.6974 16.09747 17.16832 17.98564 19.78374 26.81435 34.30025 36.22883 37.32277 39.19209 43.45568 53.23552 53.915 63.04705 78.14221 102.9076 109.865 145.5724 244.6828 315.1129 547.4121 578.3063 659.6101 700.683 710.1828 969.2319 1391.69 2341.052 3333.931 3438.837 2859.994 8575.316 15663.61 25261.64 62563.63 109900.8 147897.8 3088.762 NA NA
176.5907 141.1985 122.0901 87.36434 62.64182 53.84572 48.0602 44.11831 39.43033 34.79897 32.71697 30.2216 29.75391 26.33054 24.63746 26.24677 24.76333 27.84368 35.47198 33.90744 30.3762 35.29987 37.77957 44.01366 60.2537 82.11583 83.18294 95.86339 93.57083 81.3959 68.14114 50.87263 58.8245 72.34445 140.7375 204.7563 267.0068 327.9988 546.5338 834.8965 1134.126 1978.783 2271.557 7303.742 19788.68 36092.86 17073.75 13085.62 NA NA
179.1452 106.2461 79.17573 63.01872 50.73016 52.5123 44.04565 46.10113 46.09616 46.7169 47.77972 44.60001 39.95271 35.43212 38.5368 35.13714 37.99524 32.15499 36.1936 40.95296 47.32526 63.83424 62.38545 73.88696 66.7409 65.79145 59.10457 61.4862 55.41911 45.30694 36.64212 37.59042 25.9468 23.12612 24.54453 9.504997 2.292908 5.396473 13.7402 6.619591 0.5971371 0.01798734 0.006873407 0.001874663 0.0007005429 1.241847e-07 0.002007617 1.421861 NA NA
19.44721 4.633912 2.383743 1.190528 0.9285206 0.3882576 0.2178778 0.1324225 0.1784123 0.0917097 0.03853942 0.03519581 0.03263145 0.02710561 0.01827694 0.01949385 0.02371985 0.01304687 0.007928241 0.005885898 0.003139226 0.001601808 0.001204499 0.001298076 0.0007179847 0.0003630899 0.0004061787 0.0001903738 6.551128e-05 3.242111e-05 3.898994e-05 6.304805e-05 2.031573e-05 1.027704e-05 8.493741e-06 4.119842e-06 2.496365e-06 4.763395e-07 9.081612e-07 7.279641e-08 1.355125e-10 2.134644e-11 2.430076e-12 1.02677e-13 1.049275e-20 2.311742e-61 NA NA NA NA
140.5042 98.04321 73.99228 48.45342 34.58745 28.92208 18.85911 14.79183 11.68066 11.81134 10.19058 9.831394 10.84421 15.44832 14.28814 12.1121 10.1847 10.13824 12.93109 14.68426 15.55051 16.18815 20.30804 27.41602 27.41542 27.84734 46.21064 45.52373 50.21454 51.74902 42.96317 37.89496 51.67764 38.60342 54.73866 38.01246 34.72466 59.94734 104.6528 217.8155 457.4705 714.2705 413.8718 91.77956 2.325358 1.959972e-08 4.004893e-07 1.309077e-22 NA NA
469.593 435.3474 455.4933 407.6427 410.2325 420.0116 438.097 409.2123 403.7105 441.3162 444.3732 480.0514 586.7773 583.5865 570.3381 629.5394 636.8758 618.9214 597.7345 575.4927 858.3762 918.4181 924.6865 900.0219 1090.414 1200.114 1067.644 1228.064 1367.05 1546.695 1563.703 1473.084 1670.345 2162.497 2141.325 2589.278 3387.485 3746.704 2495.433 5259.17 3306.411 3314.727 356.0195 553.5469 2150.46 145.6478 0.01846197 0.000294854 NA NA
575.3152 278.6543 200.4416 144.8378 112.9085 72.57653 61.92737 46.24615 49.44277 45.65075 29.74928 30.48052 23.3394 23.99681 25.04119 25.65769 27.54894 36.91011 40.58398 47.73212 64.48319 64.42171 60.16372 62.09001 61.46927 87.40846 101.3482 97.9016 77.27892 76.3592 43.26902 78.83454 40.9683 38.7483 39.21568 35.03264 46.93265 47.85141 72.67204 182.1061 116.8397 53.1867 113.5528 0.2313311 5.482234 4.960965 52.36948 4.548417 NA NA
13.86185 5.800453 4.376784 2.522664 1.311483 1.205992 0.8619141 0.619316 0.41325 0.3849671 0.289165 0.2430572 0.1394489 0.07469172 0.06964339 0.05740439 0.06745016 0.03902162 0.02078408 0.008738141 0.007158466 0.008704474 0.002903459 0.00151282 0.0006717233 0.0007727783 0.0008397413 0.0008064752 0.0002842601 0.0005015887 0.0003128605 3.130097e-05 6.304438e-05 4.392192e-05 3.767819e-05 0.0001283293 0.0001771006 0.0005828738 0.001114483 0.0001519204 0.0003071513 0.0002256722 0.0001058005 0.001511425 0.005179361 0.01399716 1.969597e-07 1.188676e-19 NA NA
481.5436 335.0277 274.4127 223.5046 189.8753 146.3497 117.3177 131.3725 146.0477 137.9276 180.6276 156.993 164.6715 180.8516 152.8784 175.6462 184.8867 161.4051 149.9335 177.2934 162.2166 159.2309 199.8501 225.606 284.1262 265.9884 246.4811 237.2527 201.4125 166.1687 181.3817 146.4766 183.2258 122.9507 71.71416 171.0609 179.2975 253.8456 171.7258 145.7266 255.3129 550.3223 1310.763 1303.289 340.3001 248.2531 3149.441 71.17325 NA NA
80.05643 48.24003 42.72827 33.58568 26.60416 20.37783 15.01261 11.48019 10.39109 11.24022 11.92683 12.2605 13.66514 14.97313 15.53873 16.72156 16.45038 18.97932 23.21037 23.14685 21.53671 21.28305 24.92653 24.68642 29.234 20.58062 25.16854 19.53159 21.2646 17.80644 29.96908 35.14556 21.93533 15.40622 6.53861 9.531186 6.961071 3.793816 12.44047 14.41823 8.445757 13.70974 37.31653 57.79978 180.0697 502.9843 7.058324 188.4603 NA NA
13.63561 5.705687 3.836485 3.076385 1.655276 0.9428218 0.9333156 0.7344745 0.7720502 0.6594439 0.5799932 0.4905551 0.3252806 0.1880257 0.1091771 0.07854848 0.04148174 0.01932483 0.01638075 0.014264 0.01013023 0.01061196 0.007608623 0.00809132 0.01663568 0.007924129 0.003546361 0.003332728 0.001772024 0.005004274 0.003440096 0.003697681 0.002285674 0.002424506 0.003324746 0.008963092 0.009443678 0.0230076 0.07535844 0.08245491 0.03916708 0.02189996 0.06461264 0.6286903 0.4835827 2.096042 5.306248 3.319828e-15 NA NA
57.43228 25.99221 16.75688 11.85032 10.96369 9.227692 7.078275 5.907991 5.553062 3.985138 2.967073 3.352075 3.059055 3.189021 2.567403 1.919023 1.457031 1.606796 1.069542 1.584753 1.500628 1.865273 1.490184 1.608767 1.226779 1.583108 2.072537 2.159382 3.251731 5.665539 8.147157 10.00903 12.27285 15.58922 23.74524 22.44562 24.84119 39.1921 41.02556 34.71639 16.9838 2.539263 1.170448 5.796177 5.526459 16.81426 1.280707 NA NA NA
49.78974 34.94761 37.62136 32.26237 29.06149 30.23038 25.25661 31.13365 26.88303 27.40158 27.92729 25.30259 30.05485 31.09109 32.45817 28.84112 28.91018 29.80601 27.74838 26.69651 21.88883 25.25463 27.15432 23.73633 15.8522 11.39656 12.5252 15.93087 15.51378 12.05312 7.658155 3.191308 3.256089 2.37005 3.021299 1.688324 5.635977 7.133091 11.72749 4.104228 11.51077 9.037685 1.50809 1.948344 0.00393931 5.22599e-09 2.935987e-22 NA NA NA
67.58921 52.53376 48.66522 41.5741 32.8813 24.53389 24.29291 22.29599 17.44181 14.50246 13.03233 12.61499 11.91174 13.50997 13.22499 15.03127 13.59386 14.66556 15.41323 13.18115 11.63943 11.90015 10.39072 12.0072 10.93267 10.67895 9.177643 10.76438 14.41929 19.20524 13.60713 11.22907 19.28635 21.67796 25.96823 13.9621 20.63834 70.39723 70.30038 97.11766 318.5732 911.3449 1380.268 1641.203 1746.327 2439.637 17557.6 0.005969722 NA NA
1021.9 755.8743 669.4163 565.3539 523.2902 544.9562 485.3595 463.494 434.9879 375.5869 348.9473 367.3951 358.5906 402.7316 371.4032 390.412 417.9383 462.7355 410.8517 438.8731 447.0312 439.6606 435.9139 410.0005 497.1619 415.7172 459.2681 445.9339 632.4479 778.1465 688.1844 612.3626 549.3065 878.6441 1065.959 1068.016 938.9302 947.3665 1187.139 1765.378 2661.926 3445.977 2388.697 11.54989 20.10714 38.62385 0.0001857802 0.0315074 NA NA
33.77012 20.14838 11.76839 9.70197 8.349162 6.341873 5.218995 3.711192 2.778783 2.030419 1.308216 1.443486 1.140245 1.236967 0.9615608 0.8369065 0.6850008 0.8283048 0.6388252 0.6311916 0.5355284 0.8396855 0.9061117 1.150305 1.546674 1.934027 2.032162 3.289165 2.713522 4.666514 7.75887 8.860451 8.313113 15.87009 17.41551 14.1689 39.68438 64.41533 88.37497 116.985 189.133 466.1211 1166.255 2880.774 7664.393 2546.65 235.6599 255.2584 NA NA
31.68469 21.63861 16.37388 16.52046 13.57388 13.99958 14.32121 12.44326 11.30067 9.451802 9.394238 8.660769 7.629574 8.347338 7.162993 5.577597 5.311382 5.053892 4.759566 5.8577 5.020691 5.355714 8.692903 7.902606 7.789593 11.42165 9.383863 10.66515 8.897066 8.722229 5.809095 6.974135 8.779112 10.61048 18.04313 34.85389 46.3808 83.97053 221.1451 351.2943 597.0793 1190.525 1746.181 2252.143 5662.044 29538.92 68552.16 184832.9 NA NA
9.557555 5.651907 3.619924 3.275721 2.684657 3.060605 3.099584 3.237911 3.316415 3.188415 3.576521 3.621939 3.329062 3.138494 2.988541 2.617142 1.895539 1.638988 1.160719 0.8380033 1.077554 0.7126147 0.8032616 1.039491 1.357429 2.702506 2.484443 1.958544 1.635973 1.20402 0.7985985 0.8963821 0.5566099 1.087903 1.384437 0.944158 0.3753594 0.9852214 0.3751568 0.0598858 0.001367743 3.287635e-06 5.138173e-06 2.391732e-08 3.016908e-08 4.421392e-10 1.735958e-38 NA NA NA
49.03372 31.41719 25.14262 17.42213 11.51244 7.321537 6.267458 4.966222 5.427477 3.719523 2.953032 2.200201 2.803875 2.529661 3.51223 2.965584 2.365537 2.095492 1.378702 1.105311 0.8012923 0.7257156 0.4660483 0.7941236 0.4664147 0.3238129 0.1393051 0.03466507 0.007235633 0.002723025 0.00106952 0.001022447 0.0002322346 1.338755e-06 3.877557e-06 2.969209e-07 1.626334e-09 4.249636e-10 1.557587e-10 1.612146e-10 9.713588e-11 5.417747e-11 2.786624e-09 2.205436e-07 6.059848e-06 0.006111583 0.015968 2.480051e-05 NA NA
3.562499 1.051568 0.517966 0.2723689 0.2216283 0.128904 0.08441796 0.0657722 0.03512122 0.03991928 0.03945617 0.05072236 0.03183466 0.0241102 0.03053939 0.02881822 0.02139052 0.01477655 0.01792928 0.01829146 0.02250547 0.0147534 0.01467809 0.01159511 0.006470093 0.00548642 0.0033544 0.001568993 0.002833864 0.001498534 0.001781309 0.001287612 0.0009378142 0.00040011 0.0001408657 0.0001075333 0.0002352056 4.860265e-05 1.988632e-05 1.425829e-06 1.39391e-05 6.729011e-07 8.371399e-06 3.389243e-05 9.56765e-07 3.340444e-16 5.9013e-65 NA NA NA
459.0307 217.5662 198.5226 146.6429 140.6615 114.3154 101.5854 113.8675 102.6571 112.0849 100.7063 111.3178 132.4001 142.1807 163.1081 156.3199 166.9971 185.8626 244.1234 239.4932 232.1076 216.8529 221.4047 197.5747 201.1282 207.385 271.4937 406.9069 392.4704 388.8474 487.6557 443.0688 881.9107 860.3908 903.5427 1637.376 1890.508 3682.049 5017.726 6092.082 10729.42 13366.74 18917.89 32874.8 41366.44 72786.19 24875.85 NA NA NA
34.25057 25.30655 19.49537 18.92939 17.62194 14.74461 16.49271 15.15449 13.94535 12.12946 11.43351 11.63194 13.0106 10.96022 10.21451 9.182452 7.07157 5.856888 5.546243 4.563409 6.021366 7.261008 5.694257 4.929128 4.499164 3.816783 4.502628 4.789046 3.6534 3.021731 1.853243 1.864213 1.7844 0.9939913 1.516185 1.525465 1.884747 1.105815 2.832136 2.31054 1.543853 0.1800739 0.7236588 0.3978853 0.1256384 0.3748199 0.3457258 1.955444e-22 NA NA
104.6531 46.69527 22.96723 14.83323 12.72712 9.20782 6.582037 4.618133 4.430039 3.391233 2.962608 2.604409 3.623085 2.953524 3.340334 3.297624 3.773888 4.362852 4.674263 3.860687 4.146562 3.600099 3.618395 5.294534 6.236782 7.275531 8.904176 13.72908 15.50984 19.47475 21.47805 28.02356 44.97415 52.31222 44.35947 52.24187 81.91881 144.7386 251.6397 561.4119 847.2885 1340.108 2899.842 3504.397 3836.781 1280.468 2247.438 1.434025e-14 NA NA
3.079432 1.356922 0.7520754 0.6910572 0.4194057 0.3609789 0.2308182 0.1467405 0.08515385 0.06088346 0.03944263 0.02672706 0.02128012 0.01929902 0.02118538 0.02755821 0.0163841 0.01017138 0.01878022 0.024797 0.03514311 0.02266708 0.01957895 0.01429602 0.01101593 0.004742584 0.002114111 0.0006426824 0.0002111961 7.014902e-05 1.212526e-05 1.495746e-06 4.330824e-07 6.255654e-08 1.195927e-08 7.181481e-09 5.714799e-11 2.181874e-11 7.722654e-12 1.067891e-15 1.262352e-17 6.408835e-23 5.234173e-23 5.720237e-24 5.909001e-25 1.005161e-28 1.913325e-34 NA NA NA
116.6426 92.51541 84.91446 67.3318 60.16297 66.73496 53.30254 48.37215 45.78103 47.67904 45.84842 38.75876 39.14942 38.18766 42.27978 46.05887 44.41991 53.82145 62.23371 73.01187 98.22979 102.2311 141.5395 169.8612 190.9203 203.8374 256.0931 279.6172 380.0199 506.1371 631.1985 801.8823 954.1044 1042.259 1050.076 1316.157 1261.082 1350.801 1428.337 1712.477 1224.052 2874.078 22.54171 0.4712352 0.449594 2.448336e-08 0.0002595469 NA NA NA
46.82454 21.11948 18.05625 17.93712 18.40873 18.40157 14.60322 11.65444 7.837808 5.725147 4.646318 4.003801 4.284993 3.55956 3.602777 3.129891 3.022382 2.579342 2.437065 1.794586 1.34881 1.246894 1.635627 1.104307 1.045705 1.208161 1.831062 1.689677 1.065746 1.378649 1.617566 1.300639 2.143406 1.582889 0.8694309 1.028984 1.943398 2.099948 0.9508736 0.8735075 0.09883286 0.003587971 5.960843e-06 4.031843e-10 3.379443e-14 2.805722e-12 1.307548e-13 7.333827e-11 NA NA
46.22234 24.90662 18.98346 14.42386 8.511102 6.000797 4.063969 3.520562 2.768105 1.950946 1.537778 1.38874 1.846929 2.351197 1.980619 1.956089 1.646532 1.267748 0.9473263 1.12218 0.8080144 0.9369452 1.130855 1.590336 1.642342 1.992725 2.440206 3.399587 4.147159 6.446982 8.910178 15.59428 19.57126 24.94569 24.15378 28.55389 82.35888 74.39854 77.99798 193.2958 367.7341 551.5144 1054.377 1700.971 2915.253 6692.139 53858.39 0.0402437 NA NA
0.2869099 0.2383471 0.1227192 0.08859723 0.05145637 0.03401051 0.03224592 0.01512861 0.00907384 0.005038387 0.004447656 0.002727316 0.003183505 0.002738756 0.002028585 0.001135286 0.001067672 0.001129327 0.0007731214 0.00042104 0.0001958119 0.0001136999 0.0001393734 8.038737e-05 2.378744e-05 9.836397e-06 5.34082e-06 7.281823e-06 6.286641e-06 3.380882e-06 3.061383e-06 2.827354e-06 4.351564e-06 6.84907e-06 7.543303e-06 5.511637e-06 7.362502e-06 1.460559e-05 2.149613e-05 0.0002483286 0.00125457 0.005099147 0.02651296 0.08605472 0.420942 0.3321566 0.03164831 6.379705e-05 NA NA
9.338409 5.579836 5.169595 3.799949 3.157534 3.145511 2.408941 1.735392 1.523365 1.226545 1.439218 1.614817 1.365057 1.038024 1.089511 0.8553566 0.7582355 0.5695487 0.4575403 0.5559214 0.512653 0.4560331 0.475159 0.5515712 0.4698249 0.7100918 1.033313 1.316108 1.863765 3.160417 3.282219 5.654368 7.171357 5.618366 6.14963 5.31773 6.635979 5.385783 11.42458 8.089093 26.77432 25.63674 34.47437 34.14299 2.587585 6.037766 74.25436 1118.118 NA NA
20.52384 19.75407 14.16617 10.19755 7.55441 5.210692 4.883182 4.588611 3.839941 4.085171 4.590423 5.311478 4.924368 4.97869 4.379058 7.373281 7.561534 6.635167 6.064626 6.922576 6.486663 5.095114 6.082829 8.336578 11.02588 11.54379 12.13107 13.53126 25.51435 24.63754 33.68318 36.86483 52.26535 77.49735 157.1731 163.5909 242.9198 286.3866 757.3707 785.6775 1507.137 3308.019 4198.844 2652.349 7908.615 10007.32 133765 65.30829 NA NA
587.783 616.315 471.004 397.4471 301.2762 270.7379 248.0785 270.4139 264.1596 237.9974 228.0176 248.0042 341.1128 315.6577 291.3644 323.5968 317.845 340.3125 399.3178 401.9703 444.764 527.4094 641.5635 756.3198 834.1334 881.0723 1203.951 1278.656 1374.169 1748.779 1967.068 2443.835 3551.244 5045.242 7527.024 9614.134 10926.96 13332.32 19641.81 28118.08 36064.45 49826.81 58146.66 137671.1 243463.9 317980.3 548292 1854786 NA NA
352.927 187.454 166.1348 145.5757 142.4737 135.0137 124.1497 115.16 101.5331 112.7415 94.5819 99.07192 96.68342 84.91373 83.63293 114.0942 150.6558 153.9911 162.3378 195.5012 237.5961 267.9068 243.8766 221.46 225.6298 280.4109 360.5861 307.7177 303.0807 248.1301 211.8354 249.7151 126.2795 43.98272 76.91488 35.17877 18.64653 7.201849 5.589888 4.472054 7.380566 1.496572 4.488625 0.6815646 3.180291 3.014085 12.00792 0.0008128243 NA NA
156.4665 58.57147 40.2572 32.12223 23.45673 26.4222 28.36448 22.37911 19.9251 16.04921 16.06141 14.34034 11.45794 12.07072 8.941406 9.575945 7.268069 8.08832 5.664693 5.853686 6.838091 7.253335 5.652729 5.907714 5.169967 7.02764 7.704831 9.146919 9.302175 13.22426 14.8527 22.368 17.97055 30.16547 51.83186 49.62927 110.9887 95.91117 108.2698 103.4649 85.36343 20.74492 0.4549838 0.2065424 8.863012e-08 1.154099e-09 2.840724e-15 9.957794e-12 NA NA
35.32565 20.99316 26.83876 23.18664 21.51174 20.59814 20.06926 19.2293 24.40423 20.86076 18.51022 18.17373 18.71167 21.4274 18.06892 20.17 18.32591 18.71361 19.60824 19.84491 19.46279 20.17623 26.55469 29.16515 27.3633 30.52993 41.40703 42.38739 54.02131 95.96898 142.2308 152.4744 205.838 250.7094 320.8351 490.4805 544.8455 772.7495 1087.114 1776.325 3100.682 4482.079 6573.404 6781.323 17883.62 19182.32 110.2561 796.0108 NA NA
35.94654 9.744051 5.58957 4.062992 2.359624 1.471635 0.9552327 0.6091423 0.4754393 0.33184 0.3685821 0.3281509 0.5018692 0.4080026 0.3892348 0.2645026 0.217463 0.2719561 0.3532584 0.3770101 0.3413501 0.4989139 0.5453241 0.7013295 0.7060493 0.8924957 0.9975765 1.256725 1.567936 1.540381 1.501644 2.39569 2.746515 3.435808 0.402939 0.8143358 1.274131 2.38587 7.88642 16.22348 20.53085 82.42923 294.2243 538.968 428.336 2895.429 1759.092 7168.315 NA NA
67.17883 46.98838 36.81585 32.54109 28.18674 29.38282 26.37208 25.23643 22.74866 20.36524 19.31718 17.12066 15.256 12.97527 11.38556 9.254655 7.925676 11.74233 9.826319 11.84252 9.522044 11.44214 11.96883 10.25587 11.17898 12.25072 16.73645 15.29993 13.12069 12.33888 10.24473 15.18553 23.36337 36.89877 41.9794 45.55509 46.94339 50.74985 56.31452 69.06803 82.01614 92.41742 182.2941 434.7435 1201.601 15407.46 70290.83 1334392 NA NA
27.65898 14.43791 10.93048 12.64073 7.352078 4.319597 2.905545 2.305549 1.748953 0.9986513 0.8361188 0.4621054 0.5562366 0.3470073 0.2322505 0.2109215 0.1853844 0.2758926 0.1994969 0.1032268 0.08889846 0.124523 0.06296944 0.07360533 0.0415828 0.03894035 0.02976218 0.03710966 0.05042094 0.06251647 0.04686578 0.04934133 0.03061553 0.05188365 0.1053684 0.09953867 0.06993933 0.193695 0.3274856 0.5786911 0.9262328 3.601411 3.685943 10.65131 30.05845 146.9027 3854.748 152050.7 NA NA
102.8758 72.03155 53.144 46.06789 37.29183 34.27259 35.01071 39.04425 44.28914 40.06889 34.38012 38.77663 34.38965 36.3086 37.34133 25.60086 21.89025 12.97213 10.21574 6.650654 7.10354 6.146321 4.049119 4.837029 5.140077 4.647247 4.287234 4.495502 3.001778 4.619997 2.361529 1.237504 1.532572 1.442016 0.5447797 0.6480246 0.127376 0.07225114 0.09291814 0.6127591 0.8973956 0.04308563 1.359996e-05 5.779075e-09 1.930703e-11 2.775386e-17 8.412078e-54 2.647796e-39 NA NA
17.94574 10.21514 5.476689 6.0758 4.655085 5.585796 6.272816 5.486787 5.645137 6.746839 7.11293 7.772053 7.035641 8.65389 8.325662 7.987816 7.358396 6.970053 7.864463 10.46573 9.493718 12.5402 11.77129 11.10475 8.363235 6.05344 5.430482 3.770861 2.706477 3.266336 2.499737 2.466265 1.638867 1.633639 1.333162 1.735226 2.990203 5.374458 6.526633 6.500363 6.015127 4.455311 41.64156 129.4526 344.9633 3777.036 3290.868 3.818536 NA NA
65.76067 75.27318 79.27419 76.67774 61.72879 53.70083 52.66354 53.9814 59.30096 60.22037 61.39088 60.22391 54.95253 61.20487 55.76934 54.55415 47.04392 52.37489 59.05068 63.6167 74.06021 74.82869 90.62595 114.3919 106.1344 103.7775 98.20536 102.2452 89.33625 93.23313 85.77644 133.5635 187.311 270.5115 322.7328 331.0137 459.7608 1114.448 1142.968 2075.053 1770.339 1348.929 1083.549 2721.138 15272.12 31748.68 41400.19 38108.33 NA NA
216.5855 145.4516 108.9277 95.2581 85.16454 69.052 55.98592 60.09554 64.98349 53.13065 57.1388 51.42534 50.02709 43.82304 45.52466 53.84779 59.67119 65.85672 71.46137 71.81267 71.06168 92.35283 105.9208 136.7135 174.3276 214.2086 151.4405 177.9904 193.9919 204.6171 203.784 189.8348 178.9391 184.6201 275.6441 329.0814 467.9414 639.2736 541.2163 520.5694 719.8698 1061.926 2103.531 452.5207 877.6183 1789.484 11863.54 19727.13 NA NA
387.8297 237.1095 260.8778 198.5683 200.6896 169.794 168.3075 163.4195 152.5268 148.6074 133.0223 129.08 129.688 145.4056 164.6972 166.7044 151.4755 139.6074 171.4251 182.9594 168.0634 159.7608 210.2283 236.166 261.9801 268.5691 341.427 521.8851 524.2076 541.095 859.3681 1166.966 1437.812 1743.038 3287.616 4869.906 6038.628 7196.395 12688.6 19267.83 37457.12 59929.71 113793.2 177932.1 287671.8 625947.2 938171.7 2062850 NA NA
30.80206 12.22387 9.266627 7.287304 4.799732 5.075346 5.194318 4.341936 3.821043 3.555107 3.37099 3.324444 2.820769 2.14226 1.869245 2.315131 1.795552 1.282734 1.303082 1.064983 1.418775 1.723445 1.452456 2.091038 1.83597 2.230043 3.131628 3.405873 3.551051 4.237398 5.804035 6.845805 8.721703 5.227388 4.434295 3.122026 1.617358 0.1860425 0.168793 0.05943032 0.0008286567 0.000653626 0.008276853 0.006185004 0.03465206 0.01118511 0.02116735 NA NA NA
291.447 175.4365 156.5703 120.9525 87.42048 68.41858 60.21851 49.98152 43.82198 43.61309 45.85973 32.25699 19.98628 17.83174 14.59951 11.78585 8.639438 5.987725 4.256505 2.681778 2.676646 3.138058 2.779386 2.319609 2.340414 1.9535 0.9002276 0.4279251 0.2752451 0.389358 0.3911981 0.5490799 0.2581545 0.0971014 0.03736203 0.01116818 0.01801345 0.01337989 0.002404481 0.0001307907 6.935163e-05 0.0006738486 0.0001558169 9.115453e-06 2.530927e-05 7.303048e-08 5.255978e-05 5.070695e-20 NA NA
325.9388 149.3752 100.2642 73.61831 61.02401 60.54202 48.983 43.39873 42.77322 34.32512 28.00084 19.09297 17.64194 16.67178 14.24258 12.77842 13.67767 12.07855 10.33481 10.46085 7.802592 8.40978 6.376288 7.142607 5.156256 5.829657 6.932066 4.405404 3.647775 3.139151 3.724256 5.059764 4.59705 3.866771 7.59948 18.16236 12.8948 15.87922 25.72631 15.04874 8.157255 15.44281 9.94653 11.63334 1.056969 0.07374329 5.424514 0.009716329 NA NA
101.5427 55.64218 34.07096 31.00766 20.96424 14.75233 10.68265 8.894808 7.094511 6.776586 7.462606 5.478845 4.7116 3.510104 2.778086 2.473456 2.18537 2.634875 2.579479 2.140467 1.78039 1.483983 1.26007 0.8712742 0.4195367 0.2398538 0.2443413 0.4816549 0.7115316 0.5926156 0.5717849 0.2762225 0.5048742 1.127321 1.091171 1.944805 4.360644 5.17195 8.51815 6.233737 28.37942 83.04878 389.1451 840.2603 975.5028 21.63528 0.3832433 21.59166 NA NA
190.7983 97.16872 68.4514 48.23569 46.65319 47.00739 42.69535 50.45614 51.39698 43.63145 42.33615 33.76855 26.11568 20.87728 24.645 33.66585 29.13433 28.82138 26.60842 24.38049 27.55742 24.60131 20.20346 22.40433 21.39037 16.64203 15.52897 21.65345 27.53309 25.41021 22.6383 30.7659 41.74061 50.02046 56.45236 60.70417 63.54429 66.75 90.0243 80.16641 188.8274 171.8243 345.1386 1833.618 1696.725 4776.359 1527.299 106616 NA NA
40.92777 33.62871 19.71048 12.6392 12.2824 7.688983 6.194118 4.025869 3.259782 2.702351 2.046172 2.178079 2.512772 2.15775 1.85142 1.735724 1.497923 1.671675 1.495189 1.791419 2.173419 2.006496 1.797619 1.849883 1.670184 2.294314 3.347442 3.156122 3.361321 4.226372 7.851064 3.396049 2.014898 2.010945 1.779775 1.358627 3.113684 3.302099 5.742339 5.216304 11.34637 2.476879 0.4413761 0.02749709 0.02817232 0.8745036 12.36658 43.74882 NA NA
56.80299 41.33208 33.02503 27.29742 21.87402 18.36044 17.17888 14.94963 14.93247 15.34719 15.99731 14.80699 15.11945 15.02332 16.40321 17.90869 17.89522 19.16928 19.32388 24.6415 23.90735 31.98673 36.48836 35.04411 38.0193 45.01362 57.74662 91.30253 133.7104 150.5131 158.5373 155.1185 286.9765 373.2843 657.1293 1084.353 2416.719 3146.872 5153.429 7224.785 10870.73 17872.83 26257.44 33568.55 112321.8 334072 373887.3 9.651625e-09 NA NA
100.2585 48.48476 38.87798 25.48467 18.54449 14.61847 10.89701 6.974886 4.835383 3.064622 1.949314 1.967261 1.707309 1.092833 1.005763 1.562273 1.760287 1.215345 1.346799 1.392745 1.379868 1.242803 0.8620871 0.8536378 0.5495582 0.5732798 0.5687554 0.7769227 1.386769 1.308258 1.811466 1.794366 1.179513 1.460298 3.067 3.710001 3.187731 6.356389 10.54091 21.91789 46.63706 66.09566 77.42479 433.3248 280.3578 3103.138 9496.254 40683.58 NA NA
148.3768 60.67634 46.61408 40.47989 30.25684 22.49969 16.54982 13.68571 11.81542 9.53526 8.255959 7.379618 7.267976 6.745354 6.839139 8.326157 7.525165 8.038379 8.240053 7.983182 7.117718 9.702455 10.85759 10.04417 11.81947 16.83751 25.01634 25.78322 26.3881 19.81301 17.70692 23.50054 27.29779 37.25673 95.39482 114.3798 130.7823 86.73733 32.23226 28.67114 90.84573 34.06903 25.75949 5.369094 1.3856 0.03990485 0.004268886 NA NA NA
1.15622 0.7169916 0.3991582 0.2127332 0.1404969 0.08280593 0.06522374 0.02585946 0.01484541 0.01534519 0.007570576 0.007086049 0.003989489 0.002391258 0.002256997 0.001472447 0.001431377 0.00158542 0.001161182 0.001196723 0.00100828 0.001444002 0.001633082 0.00173886 0.001627937 0.002201978 0.001471523 0.001125427 0.0007931782 0.0005590296 0.001188004 0.001793871 0.001971193 0.004402482 0.006250739 0.003560317 0.003791662 0.001428675 0.0008465506 0.0009291303 0.003715655 0.0008139924 0.0006676476 3.214454e-05 0.000376573 2.423366e-06 1.268268e-10 2.678285e-09 NA NA
9.220933 2.052152 1.562531 1.433223 0.939796 0.8771193 0.856959 0.6020804 0.5601949 0.4083433 0.455942 0.5762467 0.5828324 0.5557062 0.350117 0.3817059 0.310944 0.2942308 0.2600806 0.258893 0.3429003 0.3449441 0.3669313 0.2429212 0.1414667 0.115271 0.06944368 0.1160024 0.1027443 0.05418111 0.0500238 0.0692898 0.06591868 0.03312696 0.01047045 0.001340238 1.335896e-05 2.841737e-07 1.298836e-10 1.765952e-13 9.976415e-17 2.781774e-23 1.102986e-27 1.053576e-40 1.280274e-63 5.295824e-84 2.055147e-82 1.10425e-60 NA NA
194.6377 135.6797 79.30157 54.76605 26.37135 12.99215 14.35062 13.00788 10.45954 7.987491 6.216889 6.066533 4.601432 3.43619 2.292306 2.09436 1.861546 1.48771 1.942761 1.789502 1.110147 1.101907 1.060044 0.8495887 0.8161252 0.620137 0.4497666 0.2302776 0.1928802 0.2107587 0.2100401 0.2296475 0.3688497 0.6145646 1.664536 1.757702 2.106881 5.291502 19.59769 23.19359 69.60738 93.0942 186.9752 363.4343 713.5664 3616.804 14730.35 29545.66 NA NA
17.11302 7.747364 6.640725 4.710805 3.019061 2.499012 2.819261 2.209382 2.040567 1.291933 1.965276 1.69691 2.662534 3.349082 3.890951 4.126463 3.671914 3.683806 2.796794 2.352941 1.947917 1.924905 1.597509 1.889887 1.668633 1.144387 1.478935 1.409622 1.60138 2.227415 1.878168 1.951966 1.482601 4.324681 5.192766 8.520459 10.41646 12.63014 25.13394 55.50481 51.82126 26.82592 18.1456 82.56451 275.3571 1908.432 4562.24 136539.8 NA NA
86.71014 36.16986 26.98776 24.38474 17.37571 11.795 8.467536 7.740598 6.252425 5.455899 4.335024 5.018603 5.486515 6.611091 10.15638 9.840357 9.496235 11.09892 14.8585 14.96204 13.58746 11.96013 14.07608 16.80949 15.0752 23.75204 26.90494 26.11648 38.63499 40.5247 55.75397 63.49912 88.59566 44.99098 50.5218 88.44095 127.6336 200.7025 457.7062 683.2418 1483.479 2437.369 4141.955 5458.702 4792.238 20590.58 1172.332 569.4997 NA NA
20.93322 11.29121 9.623813 7.352941 5.691468 3.720665 3.091031 2.065682 0.9698975 0.5532586 0.3754476 0.222125 0.1702684 0.115121 0.04505514 0.0282895 0.01159782 0.007527975 0.009266747 0.007782162 0.005572577 0.005113739 0.002700918 0.002217765 0.001305035 0.000398765 0.0004119407 0.0002986045 0.0006421902 0.0003425432 0.0001055962 0.0001465593 4.953971e-05 8.129672e-06 9.373685e-07 4.29255e-07 3.725228e-06 2.92447e-06 4.629806e-06 4.24574e-06 2.920617e-06 1.176429e-05 2.415373e-05 4.707749e-07 3.408236e-05 0.0002204369 0.07805164 35.16847 NA NA
17.85378 12.13221 9.098198 5.185777 3.530793 2.125061 1.713308 1.269872 1.305486 0.8657694 0.4525454 0.283776 0.2963246 0.2170088 0.2442269 0.2261682 0.185777 0.2080494 0.2624019 0.2034813 0.2634109 0.2117932 0.1771116 0.1489832 0.06750794 0.03755515 0.0446341 0.04502315 0.001788178 0.0003400024 5.722876e-05 7.437577e-05 0.0001910606 0.0002946689 0.000931142 0.003447876 0.005858913 0.0286327 0.02236592 0.02725531 0.02555497 0.01664587 0.009069907 0.2035647 1.356588 16.10065 57.04433 1.033522 NA NA
66.69413 17.7466 7.476044 4.683436 2.168113 0.9208824 0.6394102 0.6880026 0.7379996 0.6569843 0.7956555 0.7229108 0.6946239 0.7531034 0.8087416 0.7943949 0.7363277 0.7437603 0.7241975 0.9500654 1.026834 1.311182 1.86667 1.826304 1.997155 1.75652 2.537398 2.485744 3.081717 4.259231 4.029036 6.428446 9.94371 12.0649 18.18127 27.69962 74.88399 149.7345 386.4806 648.5714 1725.562 3364.645 9613.106 41352.63 74278 842003.9 2052457 12088981 NA NA
5.224953 1.493798 1.03722 0.7108541 0.6245681 0.2944091 0.158249 0.212414 0.1129514 0.0725124 0.04600382 0.05450411 0.04964859 0.06527162 0.08246705 0.126354 0.118555 0.1416095 0.235968 0.2414551 0.3011588 0.3256819 0.3681935 0.3437677 0.4254313 0.3950328 0.6753689 0.9472087 1.020684 1.16 1.657455 3.075852 3.151631 2.956243 7.253273 13.07257 30.30328 61.18846 90.43946 162.8713 413.3 748.8819 2394.56 4376.865 7682.76 25403.49 26414.82 1.720422 NA NA
1748.652 940.7624 756.6781 646.4134 558.116 511.4025 464.5716 436.0137 415.6596 468.5517 448.3704 414.9019 475.6355 513.4914 525.2119 534.7608 690.2805 668.8575 641.7167 676.2743 680.6992 691.0318 825.7986 804.2952 750.6231 790.1926 1075.14 1187.886 1530.486 2111.776 2763.214 2662.392 3490.53 3593.446 3228.818 4990.166 6010.684 9374.161 14496.8 16993.55 15579.79 20728.82 34482.04 60856.58 89929.81 138306.3 764.4696 29.28826 NA NA
46.525 22.63896 9.240698 5.475067 2.636279 1.303746 0.7783409 0.3967812 0.1694722 0.06752395 0.02158098 0.008133623 0.006197106 0.003849109 0.002636693 0.002039749 0.002616823 0.001257011 0.000749407 0.0007123138 0.0004299491 7.335007e-05 6.488636e-05 4.203566e-05 2.149558e-05 9.128793e-06 3.710137e-06 2.272667e-06 1.735859e-06 1.922957e-06 4.982354e-07 4.842445e-07 4.674015e-08 2.941458e-08 1.26978e-08 8.127792e-08 1.062491e-08 3.349922e-10 1.514696e-12 9.847175e-16 3.319578e-20 9.464087e-24 3.635966e-26 2.326675e-24 5.265254e-22 7.785473e-20 2.086048e-27 3.086337e-25 NA NA
18.50454 10.45253 6.486395 5.328811 4.116312 2.406179 2.510045 2.200617 1.77129 1.731634 1.635382 1.538006 1.205384 1.018191 0.6832185 0.4252681 0.3077979 0.2667473 0.2257585 0.1959818 0.1559385 0.1119609 0.09045125 0.1036737 0.09883761 0.1158038 0.1327013 0.2119124 0.1383681 0.2511431 0.2806404 0.2024865 0.2354885 0.250708 0.4068678 0.4106399 0.9628708 1.935526 2.998412 0.2363029 0.3986544 0.3772424 0.09115884 0.06654462 0.007130728 0.0004456987 1.823869e-05 6.861714 NA NA
364.9922 327.4222 280.8339 253.3133 211.612 198.9346 212.2991 198.4022 181.6452 252.0915 232.912 264.435 240.5803 286.6836 272.2824 264.5038 249.4798 280.9895 336.223 342.5142 376.1129 393.3424 581.8874 695.7804 868.7403 1046.916 1214.893 1536.172 2082.789 2360.98 2582.466 3074.186 3595.266 4598.351 4679.023 5854.307 7050.584 10163.85 15036.22 23156.74 33716.16 57843.67 120058.2 215009.1 342757.7 546270.1 80335.54 210053.3 NA NA
69.02818 45.75588 33.88517 34.91017 41.66017 45.91921 42.09389 41.82496 42.20509 37.89794 41.81748 34.74912 26.98661 29.22553 25.62616 25.28867 21.041 17.44094 14.35066 10.95521 8.088614 6.582522 6.160502 6.701516 6.877221 6.472436 8.745299 11.23362 12.85346 17.95123 26.09937 29.83467 39.7942 27.13743 17.01913 39.58026 25.02224 47.77121 38.13778 6.783055 2.391471 0.7883721 1.380708 0.2557403 0.5620314 10.60887 260.1131 36.19198 NA NA
26.61717 13.17943 10.20634 8.742102 8.372216 5.926421 5.057532 5.825852 6.468822 5.102201 4.630452 3.535192 3.282663 4.336918 2.763655 2.961505 3.106159 2.342872 1.806512 1.656799 1.284171 0.8674024 1.128094 1.335514 1.746662 1.576444 1.420523 1.093722 1.237977 1.110078 1.411484 1.526113 4.092079 5.683909 3.402839 2.599553 7.965501 18.03778 29.37726 25.4272 28.10919 72.22906 83.60419 147.0009 142.4265 0.0005519658 4.855238e-23 6.605568e-58 NA NA
36.44111 47.3861 39.77165 34.04572 27.27383 24.32292 22.61663 19.79803 17.64996 16.964 20.50369 18.89899 19.32646 17.5513 17.08785 15.46651 19.59089 19.18308 20.72313 24.40581 22.094 21.00272 21.80306 25.55088 37.73569 35.69034 57.79165 79.85034 83.59552 117.678 186.2318 225.1844 252.0648 334.4304 411.3292 439.1485 409.538 356.7353 824.9816 1954.717 2524.972 2216.18 5777.36 3733.473 13827.81 27474.76 24910.22 6605.367 NA NA
147.1505 117.0214 87.44428 63.9768 65.0378 67.95052 57.76613 50.31999 53.32168 43.61226 34.82196 34.75757 36.96148 26.11137 29.73621 21.6727 18.43699 22.48263 25.30533 23.46053 24.57342 23.67716 23.61442 21.87591 26.63439 28.88446 40.72159 51.9984 52.07071 48.23652 46.83424 67.39791 67.29187 93.80972 163.3779 168.7176 60.3331 131.1003 190.5601 223.4689 386.1053 357.7206 552.1878 656.3525 2843.775 608.1417 2.71499 NA NA NA
38.37064 13.2755 9.938907 6.673611 7.44726 5.795636 6.04542 4.635203 3.607964 3.589091 2.886155 2.879034 2.468699 2.438927 1.654529 1.437554 1.145085 1.033931 0.7264157 0.6860858 0.7488234 0.6401386 0.5306478 1.13422 1.063279 0.917759 0.7622935 0.8396706 1.548716 1.358296 0.9437912 0.8140982 0.5787427 0.5229962 0.5500005 0.2279782 0.2373087 0.06414443 0.0567628 0.047391 0.1077106 0.3626102 0.6306412 0.04101949 0.2603084 0.405556 33.92888 375.4672 NA NA
1072.841 1080.198 1091.84 1070.179 1024.595 1046.093 1004.164 1040.511 1051.53 1081.478 1088.427 1171.625 1136.422 1281.043 1360.165 1457.699 1605.572 1627.952 1730.89 2068.578 2116.773 2202.216 2671.167 3213.12 3392.209 3538.649 4303.59 5714.614 7435.751 8835.285 10740.61 14832.45 18681.54 21869.89 24558.89 30363.47 32007.85 39196.45 45262.83 69721.51 120662.8 226886.9 346976.2 651851.2 1018758 2137866 3629457 20245442 NA NA
217.6343 148.9962 122.6289 92.08334 68.74995 54.14842 43.4513 38.97408 27.99372 21.47867 18.87332 14.71733 10.29092 9.468662 7.966532 8.027145 6.281469 6.861212 9.339172 9.362116 10.49426 16.80266 17.86105 21.8001 19.1618 18.40378 22.63198 28.96882 39.11018 49.3252 52.35335 87.20057 85.4219 84.91501 81.1983 176.9466 277.3519 331.1836 311.3193 524.6655 713.5512 2082.637 4216.449 10321.31 1531.692 4535.641 31142.86 21538.38 NA NA
70.94611 26.12576 16.92228 10.89149 10.16672 11.13561 11.66238 9.213051 6.937607 7.729157 5.747548 4.86813 3.971061 4.700094 4.324254 4.414565 4.260755 4.368991 3.997185 3.231477 3.917092 3.448918 3.030035 3.257234 2.429154 1.919136 2.202374 2.233921 2.554069 1.95009 1.174361 0.5866334 1.454262 1.644898 0.8225544 0.7501694 0.5626622 0.1700975 0.1886512 0.323967 0.64493 1.423477 1.213297 12.61571 1.708134 0.1709977 0.0002387052 NA NA NA
156.743 84.90538 60.62045 44.03136 40.34315 30.49754 28.58476 22.94612 15.83737 11.26692 9.055013 8.454787 7.361235 5.302458 3.262417 3.01961 2.348065 1.594501 0.8673219 0.4849543 0.3724077 0.4088353 0.3212204 0.4386036 0.5364571 0.4889582 0.3882145 0.307948 0.2654885 0.1873603 0.1203153 0.1581388 0.09703722 0.08832515 0.04576443 0.02038678 0.02230574 0.003842805 1.546095e-05 2.973479e-05 0.0001806543 0.0001539489 3.813916e-06 2.948826e-05 3.73437e-05 2.206687e-10 2.396041e-08 3.913195e-10 NA NA
4.294447 1.869578 1.257509 0.8512854 0.5938291 0.4637214 0.3494623 0.34851 0.2806654 0.207623 0.155856 0.1056066 0.1107198 0.07467225 0.08925556 0.06827508 0.05802398 0.06712278 0.08530991 0.07713415 0.07365347 0.08293108 0.06353087 0.06891258 0.06093623 0.04376145 0.03083441 0.02735269 0.05692811 0.03382664 0.02676444 0.01669336 0.01266946 0.009819844 0.02877895 0.01593074 0.003872088 0.0004547239 0.0001587461 5.987703e-05 3.201232e-07 1.338645e-06 1.551098e-06 7.543699e-07 3.261274e-07 3.007209e-20 2.758044e-59 NA NA NA
838.7857 709.4073 599.9898 499.6188 426.4754 393.1163 366.8962 390.277 384.3123 359.38 359.7276 405.1831 420.264 534.9028 526.8157 569.9316 755.2644 1015.66 1229.098 1232.904 1233.858 1352.894 1562.822 1965.408 2333.889 3160.077 4137.831 4924.449 5761.333 7209.107 9561.491 10937.05 14700.5 18687.76 25436.5 28278.96 33813.83 48104.16 61054.61 82595.84 123753.3 289379 396257 587445.3 887856.8 989879.8 195970.4 26299.46 NA NA
267.8612 120.4862 93.77331 76.09604 56.10933 49.29197 40.45748 37.57595 27.2832 23.59252 15.02995 9.776804 12.76628 10.12183 10.49365 10.85601 8.3405 10.42834 11.72543 17.30335 21.42685 22.34423 21.07845 25.22293 32.00195 31.32705 26.4534 20.74391 18.35733 17.13581 20.20307 21.48323 19.67736 26.52959 34.37808 19.89671 8.262033 9.95003 8.285311 4.124526 3.97845 1.381285 5.81136 0.02838637 0.02260541 0.5461056 4.743348 0.06566766 NA NA
536.8877 314.3831 247.4896 243.8116 215.4793 171.9671 130.4704 111.3123 104.7817 95.53986 84.673 66.29682 65.11432 85.65373 84.64361 87.12098 97.39021 122.3035 137.7421 151.847 192.4478 268.7721 279.4382 303.8086 386.2926 492.8317 534.405 728.6463 904.323 1221.207 1524.41 1753.172 1778.809 2544.668 3192.946 3351.695 3882.903 6244.165 542.5063 1127.16 2994.301 5290.837 9632.509 14745.6 30390.99 87603.48 201857.1 288653.1 NA NA
313.7671 177.2231 159.6326 178.2231 151.5518 155.3052 143.4418 139.4339 123.3119 127.7859 123.2678 127.7112 128.2051 143.0611 132.1536 150.2888 152.8013 145.7153 147.6036 145.9278 140.722 154.5933 159.9238 160.2935 203.4745 263.8941 331.2733 566.9926 657.7698 744.3523 1072.34 1334.023 1581.614 1990.139 3452.019 5809.723 9559.141 14262.02 23427.3 39346.5 63250.05 89293.34 143618.5 247038.3 357045.8 10143.69 0.02022896 142.5438 NA NA
202.3418 104.0962 67.0502 56.63645 65.80689 56.56661 48.49818 40.793 35.08559 35.85002 28.29312 21.21091 15.6763 17.75007 11.58938 9.468294 8.985708 5.963762 6.241288 4.971284 4.319209 3.747751 3.218358 2.236286 2.368446 3.190009 2.505385 3.229417 3.663388 4.162436 5.022 6.889462 5.369296 5.299276 1.891784 0.8143652 0.3225486 0.1883198 0.008681731 0.06478383 9.122666e-05 0.0006398642 1.01338e-05 3.099982e-08 1.368518e-06 4.959388e-09 8.401068e-15 2.514804e-19 NA NA
41.09007 15.11529 7.320251 6.385813 4.16954 2.899906 2.804333 2.536422 2.768711 2.860617 3.210629 3.094955 2.576174 2.036817 1.81157 1.358058 1.106542 0.7380307 0.5084207 0.4025965 0.5615662 0.3939948 0.367493 0.5185611 0.4106415 0.520731 0.486621 0.4856595 0.5183908 0.3734066 0.2561852 0.2107824 0.1275871 0.1224492 0.3218099 0.1900736 0.1519032 0.06312507 0.08571463 0.08642465 0.02323686 0.1767139 0.6968347 3.312552 2.565263e-10 8.243215e-10 5.050965e-08 1.482287e-09 NA NA
110.0208 78.35711 69.2264 51.0246 42.51785 41.1329 38.32559 33.7375 28.39946 23.6531 23.23269 23.90238 22.6431 25.3738 22.79859 27.96351 23.637 23.44924 24.50019 33.58839 29.63344 37.79624 39.65533 36.60169 29.17676 32.84972 21.92127 30.72868 20.47977 14.57116 20.91815 18.46578 22.33447 15.32105 19.26064 33.88526 58.78355 90.46577 89.79486 82.97882 105.7377 83.72975 205.2497 49.39352 51.2598 85.59578 11.90992 1.668963 NA NA
10.0416 7.345543 4.244529 2.871425 3.372041 3.306923 2.128173 1.107279 1.010344 0.6099044 0.5931867 0.3167815 0.1845962 0.2164536 0.1005321 0.09337981 0.06909803 0.07049836 0.07844349 0.07852643 0.05572718 0.03702826 0.03108841 0.03619665 0.02826631 0.01257771 0.01076897 0.006044181 0.008063324 0.01084081 0.0196045 0.03104049 0.02536815 0.02297978 0.02956797 0.04825473 0.0485213 0.06084007 0.1576493 0.05820535 0.002112757 2.335755e-06 4.288422e-07 1.206048e-07 4.632916e-19 2.864843e-17 6.44804e-16 1.006416e-18 NA NA
5.237478 1.566959 0.8521286 0.6662534 0.5792297 0.5239679 0.3411164 0.2518413 0.2301448 0.2121577 0.1756834 0.1320941 0.09157237 0.06944811 0.05035259 0.03936995 0.04945465 0.04783063 0.04977317 0.05603593 0.08333969 0.08578415 0.09925536 0.1056931 0.1133125 0.1025321 0.07700903 0.1021471 0.08067279 0.06888703 0.04947118 0.0418543 0.06004439 0.06575889 0.09700993 0.02722062 0.0155821 0.05114784 0.04733275 0.01360703 0.009694465 0.004979967 0.003391605 0.004417779 0.002301079 0.02212301 0.00430032 0.003241476 NA NA
62.60122 40.04349 23.31271 12.18869 9.746555 7.140702 7.409585 6.831791 6.689355 5.513371 4.067868 4.294354 3.457789 3.664838 2.68026 2.615197 2.314095 1.48913 1.203158 0.952654 0.854474 0.4204714 0.2695253 0.3716631 0.1770069 0.2270722 0.1206776 0.0810973 0.0384072 0.02548135 0.02129752 0.003480442 0.005910389 0.001096114 0.0001172043 5.526155e-06 5.424524e-06 1.189828e-07 3.656583e-07 1.470191e-07 1.514098e-08 1.282375e-12 1.469183e-20 1.115922e-17 1.020577e-33 NA NA NA NA NA
11.15753 3.960949 2.086474 1.145318 1.293333 0.7919178 0.6807658 0.5265761 0.4614147 0.3088943 0.2107537 0.1626086 0.1710143 0.1084701 0.05867943 0.04987218 0.04906365 0.06848487 0.09572974 0.08172431 0.1290303 0.2039833 0.1407183 0.1627943 0.2069055 0.1241693 0.07435028 0.03736773 0.01405571 0.009546171 0.005779323 0.002028357 0.003658012 0.009007256 0.002681801 0.001361644 0.000717531 7.787954e-05 5.786347e-06 2.811082e-05 3.615891e-05 5.869206e-08 1.228388e-08 2.876352e-12 5.150316e-29 3.641773e-27 7.33999e-25 3.237462e-23 NA NA
507.7972 190.6738 130.9498 97.72996 78.8104 74.49104 81.68201 81.98266 70.95483 74.04421 67.41561 63.09929 60.34537 75.37214 73.6439 76.7592 76.24176 76.07768 71.05591 66.25559 68.18704 63.43075 52.15745 43.8248 34.00789 52.94447 55.37864 39.16672 38.25092 22.46157 29.26108 33.55103 47.2968 80.45714 154.5063 257.9664 431.2959 459.537 556.926 616.6062 875.8385 2503.383 3287.458 4934.739 3407.354 1271.804 7.454975 912.5293 NA NA
35.0788 10.80952 6.071177 4.752443 3.090006 1.530166 0.9992088 0.463693 0.3591434 0.3133906 0.2316046 0.1372553 0.0779932 0.1207305 0.07646226 0.05231485 0.0867502 0.08911202 0.142515 0.1412109 0.1190405 0.08443604 0.1109748 0.07623365 0.1174142 0.141159 0.1504866 0.3414848 0.7171872 0.8556263 1.099758 1.333572 1.725852 2.920713 5.712606 6.167582 7.639961 13.04059 17.39664 15.85595 4.476747 23.30918 28.37844 27.03314 10.80008 1.326752e-07 3.231784e-18 4.645265e-13 NA NA
35.67334 13.03349 7.559091 5.404216 5.286514 6.909769 5.24369 4.945318 3.256005 2.333787 1.352344 0.7898327 0.4622483 0.4576085 0.2823117 0.2071143 0.1011185 0.05011381 0.05650308 0.02766222 0.02294941 0.01261791 0.01294086 0.01070412 0.01276623 0.01751046 0.01323286 0.009566211 0.003069241 0.003485035 0.0009204814 0.0006527853 0.0004091163 0.0001659174 0.0001279595 9.479403e-05 0.0001169908 0.0003125784 0.0008001204 0.001202345 0.002276818 0.003814967 0.05071188 0.00935287 1.38915e-05 3.851135e-05 1.890785e-05 9.421443e-26 NA NA
118.2392 68.6722 64.03824 48.88688 51.57676 50.49721 51.30883 50.72582 44.79564 38.20588 35.05825 32.18293 37.9288 32.31893 28.02168 23.07955 29.57572 27.44436 32.18549 29.52379 26.55388 28.60066 30.15899 44.5858 54.07965 62.07814 67.35574 87.40045 89.24806 88.97976 90.0575 78.43533 81.55367 76.44426 88.24373 77.93081 111.1053 161.4038 232.3266 368.583 428.3068 321.3424 141.1285 75.35245 1.407682 0.1869947 4.185232e-11 1.141751e-11 NA NA
33.62666 13.08997 9.276558 5.821873 3.702356 4.02571 2.573912 1.810589 1.478356 0.8801838 0.7044795 0.9720608 0.6330563 0.388089 0.2240761 0.1306173 0.1066131 0.1017596 0.08735091 0.1222528 0.1123687 0.06506895 0.0446873 0.04836623 0.05798228 0.09404821 0.1599607 0.1824656 0.2559004 0.2895345 0.3413671 0.5451881 0.9127652 0.7265153 0.7558977 0.6358399 0.2394991 0.6094582 0.6143023 0.1806145 0.2910981 0.06853102 0.1569073 0.03022582 0.003927815 0.0001988071 0.0001453019 2.574735 NA NA
6.711731 1.053716 0.6221115 0.4664745 0.2494508 0.1349917 0.08807102 0.06418212 0.03797083 0.04925363 0.03826801 0.02558509 0.0195136 0.009102927 0.006863828 0.003419596 0.001518671 0.0005213735 0.0002409315 0.0005412124 0.0003509602 0.0003269503 0.0003203234 0.0002273673 7.610141e-05 9.254225e-05 6.940447e-05 0.0001496337 0.0001017841 0.0001100201 6.87465e-05 0.000193301 0.0002826172 0.0001438469 0.000236845 0.0001428612 0.0001744972 8.719103e-05 8.4253e-05 5.786986e-05 7.790274e-05 3.242471e-05 5.049014e-05 2.155451e-06 6.138028e-09 7.727574e-10 4.176712e-21 3.431053e-34 NA NA
617.0374 407.707 313.2856 313.7328 270.9259 289.7416 307.5539 320.9889 338.0305 355.9592 380.7175 359.8365 393.8535 412.8698 419.4334 459.6128 437.0102 458.8167 457.7061 550.9442 671.1476 756.2024 664.3194 764.9477 728.17 627.0404 609.3913 661.9764 614.8549 571.8891 624.5154 730.9359 935.8844 1134.801 827.0147 878.4808 510.2251 400.7389 903.8618 532.5662 1521.491 3658.85 4748.694 15554.11 27322.08 38415.23 184303.8 3229465 NA NA
72.34628 44.45313 32.72122 24.13975 16.23982 11.99241 10.32884 7.208177 5.276809 3.783757 3.241372 2.6597 2.073309 2.811515 2.704922 2.950759 3.035492 3.653727 4.205335 4.673107 4.026914 3.882758 4.915541 7.423994 7.012772 9.313603 15.61028 24.13769 36.25625 37.71722 65.10073 67.50061 95.16791 90.50678 68.10117 42.46176 29.92618 23.86319 11.85331 9.943944 7.232329 6.303482 2.373034 0.5994069 0.0001095643 4.98492e-06 0.001205145 0.1476111 NA NA
250.4487 136.3647 93.02162 75.77938 58.5055 42.24902 37.50314 33.20886 36.62411 29.88375 33.33058 38.30144 29.87001 22.6413 26.24873 20.83615 20.0116 25.78116 25.7907 21.66773 16.31858 23.31871 19.24147 22.68639 20.26539 27.4832 34.90927 28.50922 18.92158 17.5253 14.22518 18.35022 16.97113 13.60044 13.19945 15.03997 31.00341 46.75647 86.36569 148.3506 114.9363 109.0745 55.51786 15.66824 16.71266 2.859444 2.124756 0.003914019 NA NA
210.5644 150.3028 108.3234 73.11162 58.30071 44.3755 31.39086 27.27014 20.69337 13.14913 10.99112 7.454777 5.69745 3.781882 4.770018 4.530259 4.598856 3.662031 3.178187 1.769239 1.335713 1.137934 1.80358 1.46159 1.303296 1.753967 2.046229 3.51474 2.895809 3.441144 3.324875 5.56985 7.087613 11.45286 21.74206 30.67022 38.71347 56.76704 91.93247 122.0163 282.8517 259.9548 557.9456 1092.002 4840.375 28826.98 165489 586711 NA NA
104.0708 69.90108 73.07562 70.14248 71.29633 68.28028 64.74048 67.03189 59.94747 59.86454 65.22712 61.77147 71.51463 71.81204 76.69465 74.4423 74.02592 78.10041 91.12395 84.47995 82.3293 107.9715 112.5891 123.6011 130.868 149.7313 159.2234 195.7018 106.0417 220.3999 253.1203 295.1439 494.5962 657.7456 917.3951 1780.982 2641.003 4081.082 6047.293 9700.282 13527.63 23789.97 35457.32 67773.19 80175.16 116894.6 171464 317792.1 NA NA
735.0614 719.8458 673.3763 634.0708 739.0665 769.5127 726.0851 696.602 652.7649 718.3737 841.6732 832.3233 824.411 869.7025 952.2303 961.0461 994.7687 1007.467 1011.667 1247.893 1463.203 1810.804 1926.507 2394.742 3158.324 3439.137 4367.022 4683.739 5079.964 5848.987 6582.549 8005.637 9176.659 10575.51 14228.41 18869.74 24517.68 29166.98 41674.29 63186.77 90791.68 93468.45 164800.8 306855.6 535595.5 2.933382e-18 1.215456e-41 1.190347e-29 NA NA
50.13119 20.22584 18.85906 18.51464 13.88648 15.21552 13.27538 12.34811 10.49962 8.722808 10.55142 9.174249 13.73076 11.22652 11.68284 9.909767 11.20199 10.13438 7.877266 6.263042 6.103294 4.27167 4.616339 4.373855 2.442953 4.320978 3.461266 4.053654 5.157757 4.881461 6.009434 5.856658 5.329106 3.047252 5.240406 1.781391 0.9833543 1.268431 1.252669 0.8918009 0.488368 0.6402139 0.7089751 0.3985248 5.700067 4.436572 35.49342 37855.08 NA NA
45.47324 22.40297 12.1513 9.708156 7.72016 8.332619 7.703951 6.572948 6.812298 6.270145 5.029308 5.541648 4.383032 4.13632 4.053279 4.698827 4.614779 5.449331 6.478521 6.948987 7.523161 5.7689 4.637708 4.366226 4.032772 5.111505 4.02124 3.53971 2.941058 2.668139 0.738221 1.472218 0.9489556 1.158556 0.777235 2.37587 1.316262 1.592468 0.1439841 0.04413817 0.009869553 0.01220983 0.00121428 3.885122e-10 4.697006e-18 1.717388e-12 2.530301e-07 8.722475e-09 NA NA
75.51649 59.46252 39.17197 36.90776 29.78977 27.58361 23.92448 20.51152 24.78221 22.56852 25.14201 22.15941 22.85022 20.83516 19.76084 19.99287 26.0845 24.32556 23.04441 25.10221 21.73362 18.51166 15.25837 13.35737 14.53856 16.32588 16.74124 12.30466 10.35254 6.752437 5.573405 4.341923 4.114887 4.063298 7.804724 10.04578 28.82676 42.82053 60.02931 107.1085 207.9357 291.609 818.1394 2389.952 4512.886 2745.705 9542.979 30476.46 NA NA
171.8662 58.44254 36.15553 38.88352 33.60113 37.10961 31.43612 32.75038 32.57528 29.8435 28.30958 26.40691 28.56864 31.00516 32.51156 31.78928 41.58164 58.43143 57.10494 67.24888 64.33886 64.94094 61.15005 68.92773 68.82249 90.5994 87.60098 114.8811 102.2928 92.84033 119.5663 134.5148 103.3658 164.0556 199.5523 335.1434 319.8478 310.43 289.8185 385.5096 282.9658 1006.07 1585.098 1179.334 979.7425 343.8994 0.0101158 NA NA NA
23.59523 10.87826 7.339741 5.897506 4.456352 4.940184 4.500554 3.26661 2.288381 1.789937 1.395934 1.226418 0.9197944 0.8557874 1.121505 0.9653838 0.6833387 0.5329134 0.4557455 0.3781399 0.4760845 0.5959815 0.7196244 1.103187 1.551945 1.674151 1.436879 1.244832 1.057787 1.086792 1.516089 1.160019 1.636215 1.80836 1.275717 1.117961 0.7137071 0.426665 1.322749 1.938867 2.089587 2.69104 0.2302243 1.494586 0.2221151 0.667447 0.001964826 7.954772e-15 NA NA
255.8706 182.6029 157.9614 147.6064 138.5686 121.5439 97.55134 79.7567 67.95082 59.3475 44.89039 38.99723 36.13434 31.25061 26.0743 24.38446 20.54542 20.11071 21.40506 24.85361 34.73583 36.95982 37.57133 31.95195 37.44848 40.71765 37.53245 36.69361 41.11591 58.72119 68.55832 73.96997 86.48676 111.6454 255.887 322.5229 559.2165 1077.519 1859.67 2880.157 4252.392 15022.91 79028.4 133408.4 152949.5 92416.19 605.2424 NA NA NA
119.4683 92.60799 72.09682 60.51882 50.36002 47.97412 36.38808 21.34675 15.80083 15.71655 18.65883 13.91012 14.11236 17.44044 16.66831 17.09741 14.87636 12.62263 10.70817 8.549398 6.398568 5.145108 4.747907 4.281694 4.660142 3.815584 4.491807 4.309479 4.215024 5.132565 7.643325 9.328067 8.101772 6.737305 3.427732 2.345217 0.6234601 0.468673 0.1027397 0.1527821 0.01056394 0.000567651 0.00174505 0.001086783 0.001541915 0.1123764 0.01050288 8.249684e-23 NA NA
60.38867 56.12762 41.96058 35.19567 38.53951 31.71209 30.50129 27.56628 21.2338 17.28402 14.30648 11.30338 9.231954 7.43668 6.170016 5.877998 5.370936 4.943458 3.53022 3.720122 3.587424 3.104609 3.280646 2.695205 3.299154 2.176505 3.307604 2.506042 0.92275 1.354674 1.816124 1.31706 1.672783 0.9685294 0.6706587 1.890715 5.004732 11.31471 22.48757 42.15138 131.7293 268.986 678.2972 1785.382 1365.258 2874.515 10001.89 11.45741 NA NA
112.0527 65.08941 38.91042 36.25892 28.96962 23.23817 21.44126 23.34448 18.16488 16.16549 15.94358 14.97194 12.74662 12.26844 11.15177 9.122839 10.68277 7.835666 6.384464 7.410316 8.994769 8.231452 9.071481 9.339164 7.323036 5.344974 6.419198 5.120282 4.402754 3.024596 2.031073 1.59488 1.473654 1.514559 1.746719 1.853329 6.055735 5.544194 12.09597 6.041371 27.43712 48.96071 34.66501 41.93948 664.0172 144.3887 88.80475 1104.056 NA NA
38.53545 13.85208 11.06271 8.453429 5.716317 4.015775 3.525404 2.965875 2.359566 1.822658 2.452516 3.63966 2.888682 2.842071 2.776372 2.35893 2.649318 3.962593 4.168571 3.50562 3.124696 3.179369 3.321488 2.941823 3.955014 4.329131 3.742449 4.334946 6.261656 8.362677 7.993678 14.59826 20.36354 22.08005 41.38395 41.83668 46.08665 102.9174 181.0179 220.1681 159.7518 114.9686 22.55001 48.82112 977.6519 269.9325 0.6504194 64.72879 NA NA
103.9527 71.31824 65.35402 68.95156 59.45837 51.21172 45.46394 43.1209 38.93376 41.69643 39.55408 48.24089 40.23442 33.30997 28.78829 29.86185 30.13217 27.25731 24.15257 29.38111 34.83579 34.07307 25.30385 19.98219 13.24065 12.56864 12.89158 9.358029 3.8179 5.206371 4.212604 5.294566 9.844095 19.38961 13.94862 19.5419 12.60653 8.68802 0.5977893 0.2693627 0.2359552 1.707191 0.1373735 0.00474872 2.549328e-06 2.43573e-18 5.598252e-19 NA NA NA
118.3956 74.38785 58.31514 44.49271 38.44491 28.53273 26.00385 20.86674 16.14636 14.46926 15.16086 21.87551 23.25096 21.15735 20.49325 24.31609 27.10699 29.66859 34.44659 35.27678 45.61539 56.83622 62.62138 66.50657 64.04751 59.20922 68.47051 80.82518 72.84175 86.35951 123.6489 210.2007 260.3472 394.9761 419.8885 462.1113 634.0745 1026.459 1254.457 2306.312 2308.263 3318.202 2086.153 3649.857 8163.963 8033.522 5197.036 16699.09 NA NA
89.04927 79.80077 63.40979 56.29085 55.51086 43.50043 37.22374 26.97344 21.07399 13.68754 10.73239 6.405472 4.08778 2.143476 1.299641 1.005173 1.495106 0.933529 0.6970481 0.2952976 0.220069 0.07036967 0.03913609 0.0733796 0.09341752 0.09403908 0.1476819 0.1144449 0.197085 0.1579256 0.1442834 0.1532405 0.2841813 0.2648585 0.5003472 0.4688225 0.2751022 0.4782049 0.6333694 0.4955505 0.859979 0.9182093 1.194114 4.700341 67.74513 713.2119 10044.79 30463.97 NA NA
47.02666 18.06946 15.54447 12.59601 9.972812 7.655931 5.63296 4.739388 4.231401 3.923899 3.078114 2.796107 2.934005 2.526195 2.557816 2.240764 1.708398 1.619341 1.040954 0.5833528 0.5338899 0.3579609 0.285773 0.3486857 0.2431266 0.2466381 0.2319213 0.1722572 0.2794103 0.3870335 0.9573998 1.541744 2.200915 3.522562 3.845805 3.939822 7.516966 11.57374 48.09279 52.87592 73.20146 37.72143 182.1383 486.9693 1284.28 6949.412 51981.8 214482.2 NA NA
139.4037 104.3283 95.24821 84.25142 76.91084 81.92347 84.08937 84.4724 79.04647 72.14976 71.60526 61.23564 54.43391 55.93028 56.97942 45.63283 52.21469 39.99628 45.13236 47.55825 38.14738 35.75387 38.20408 55.9011 71.74702 75.62764 99.291 83.75925 80.6135 116.2987 114.2042 132.8521 106.3568 105.6567 88.87806 116.0964 149.5732 212.6001 214.939 120.7446 134.6308 137.4257 131.0284 1.62407 0.1740117 0.0009585141 1.957301e-11 NA NA NA
8.03457 4.023489 3.336461 2.891876 2.028192 1.581977 1.388387 1.465294 1.080775 0.6070939 0.3498528 0.1935745 0.1538495 0.08907599 0.05536887 0.08512235 0.05307144 0.0321843 0.02563539 0.02771138 0.02268007 0.02365888 0.0248364 0.01301443 0.01590799 0.01295331 0.02055072 0.01597241 0.009289828 0.01053794 0.007167156 0.003031789 0.002891536 0.00196889 0.001102484 0.00228789 0.002330429 0.01268177 0.00798095 0.003310997 0.002599973 0.0008746085 0.0007464311 0.0005921194 0.0002464555 1.996322e-12 5.491627e-22 1.248959e-15 NA NA
287.6361 217.1758 216.0667 178.0843 154.7506 126.5237 106.7225 84.84665 70.83328 59.61925 52.96728 52.66417 40.0423 38.23981 45.57 36.18342 48.08519 38.75572 50.82403 45.06564 48.74379 61.75942 53.33226 73.47825 61.97678 58.04812 85.91216 118.7687 143.9366 204.7067 309.0295 431.8382 801.633 1073.687 1559.503 2397.327 4156.442 5351.863 6757.253 11543.5 14943.51 15348.53 15943.66 36646.92 157985.1 324896.3 878350.7 1633070 NA NA
105.3094 62.68142 64.2052 47.36583 34.47299 31.5057 28.82107 24.87801 20.80259 15.50369 9.722038 7.122063 4.420433 4.052654 5.962791 6.080154 6.572699 5.491492 4.36784 3.667089 2.234989 2.334092 1.553474 3.001637 3.204325 2.147077 1.317983 1.328549 1.206276 1.611103 1.257835 0.8971522 0.9192782 1.409621 1.273521 3.472308 4.530338 5.617893 6.591229 7.538516 15.82667 54.57123 105.8478 228.2431 2675.919 8657.44 18990.37 227402.7 NA NA
6.977404 2.339381 1.731813 1.070946 0.6755882 0.461148 0.337073 0.1854623 0.1240228 0.06238253 0.07969775 0.09056575 0.05829133 0.04518729 0.03356375 0.03781385 0.02669524 0.02568846 0.01534115 0.009765246 0.005300587 0.003536261 0.001612789 0.002079649 0.002259086 0.001618494 0.0007723859 0.0007432735 0.0005286033 0.0005964408 0.0006411044 0.0002458458 0.0002057125 7.433075e-05 0.0001749522 2.723874e-05 3.602895e-07 7.360622e-09 1.190236e-07 1.267659e-06 2.392712e-07 5.916469e-08 3.992454e-07 1.655098e-08 7.331223e-09 4.875995e-11 1.239262e-09 6.173746e-14 NA NA
74.59127 51.62674 41.7403 31.70818 33.26258 39.78833 40.79766 46.87639 44.13598 47.26744 48.19374 51.97634 59.15434 68.40183 75.5108 79.03353 83.36338 94.30245 96.02272 102.0347 124.7857 132.8258 140.8333 161.7185 179.7947 200.0345 198.4809 211.3345 252.4704 262.4204 313.9869 328.5128 349.4589 384.8393 516.281 796.4984 836.2764 1376.053 1584.124 2267.555 2907.458 1981.226 6510.839 4753.392 13734.71 42304.17 84601.14 5487.287 NA NA
282.2613 241.3905 205.6916 202.1202 170.9824 146.333 133.7996 124.4569 112.1061 125.7032 122.2282 117.5948 145.4915 164.0001 181.8038 194.1977 226.8424 235.1458 274.3122 273.7871 299.0672 381.698 423.0407 472.6272 483.0502 633.5648 741.5806 686.1643 688.1667 834.6756 802.8011 1108.068 1064.942 1233.322 801.1819 1133.334 1474.09 1384.653 1790.47 1410.356 2312.89 2654.369 6403.13 11098.28 21592.53 72692.16 800082.6 1841776 10911971 NA
7.174114 2.191314 1.063902 0.4915492 0.6200935 0.3904152 0.1990799 0.08810937 0.1104054 0.07706614 0.05854867 0.07163686 0.08994944 0.0796352 0.05580964 0.0546675 0.04029176 0.02391712 0.01494606 0.01107054 0.01194388 0.01086751 0.007643221 0.004773143 0.003578386 0.002539041 0.002135779 0.00148293 0.001045216 0.001179491 0.001583998 0.001198997 0.001276283 0.001136428 0.000579418 0.0006593569 0.0001768442 0.000111087 7.290579e-05 0.0001500649 0.0001009044 0.0001880196 2.577144e-05 0.0001448987 1.287589e-06 2.908381e-06 1.282043e-19 1.657669e-49 NA NA
48.91958 17.12953 8.847662 5.213319 2.804316 2.780075 2.233565 1.546867 1.612515 1.340954 1.297169 1.382522 1.558852 1.403438 1.226863 1.314214 1.199903 1.198605 1.414272 1.208082 1.400981 1.084315 1.423445 1.147848 0.9057025 0.987547 0.9953791 0.9242767 0.8134678 1.119883 1.054085 2.873195 3.78864 6.73424 13.30702 23.08918 46.54544 74.29696 155.1828 427.8578 1209.38 2391.631 6301.406 15335.69 38477.05 200587.2 522656.8 1349843 NA NA
104.4987 66.71513 65.18062 54.58584 47.88106 49.82239 48.49416 44.73292 49.20454 40.18925 33.77282 32.77968 30.30207 26.65693 26.78861 20.83293 15.95626 17.00153 26.97172 29.32158 36.45695 31.2799 34.38438 36.60694 33.37691 29.49671 37.78396 36.9797 40.69524 73.68934 87.22855 102.7416 91.3117 86.21683 96.21171 133.3918 128.8494 223.1284 270.6761 237.9425 411.1972 776.2385 783.127 670.4441 431.3054 198.2221 51.19159 NA NA NA
36.37783 17.8405 11.91831 8.048646 5.425166 3.619074 2.498219 1.72523 1.130204 0.8758682 0.680491 0.5586008 0.5543092 0.4781766 0.3739163 0.2529636 0.2343801 0.1758479 0.1648266 0.173554 0.1289999 0.1599108 0.2064648 0.1545112 0.2016254 0.1752018 0.2569261 0.2883574 0.4131081 0.454768 0.2757156 0.2761767 0.3866238 0.6761415 0.8730991 0.5901117 0.7671197 0.9017852 2.59948 5.463324 9.253993 22.02745 19.35449 45.69413 88.87732 16.8603 7.006191 30.12012 NA NA
50.74059 27.97082 24.05286 20.32761 12.62286 8.727909 9.876378 8.496092 6.606701 5.340306 4.478647 6.4513 6.684171 5.080078 3.798964 4.301615 3.748077 2.726864 2.377758 1.640819 1.282432 1.956751 1.736793 1.204891 1.091935 1.875195 3.112698 2.661294 2.519138 1.874016 2.645127 2.942632 3.48269 3.892397 9.150265 11.87295 22.57811 32.75788 53.53176 78.00183 92.86304 398.1474 633.6843 3237.055 11003.38 20829.53 137739.1 921524.1 NA NA
90.47005 69.64911 52.29171 45.24912 43.67985 49.23907 52.05246 50.62984 45.3095 41.26248 36.93987 32.06116 30.21204 33.17405 32.26423 32.10913 29.71707 28.08199 32.67011 37.05806 33.48048 28.24766 22.92176 23.11826 26.61222 36.28014 32.69884 33.47409 28.08247 35.60416 39.94409 60.03247 92.53375 109.6255 162.823 189.1239 202.6246 177.2626 325.1911 553.5476 761.2954 2830.576 5094.195 12320.4 44640.09 113810.4 305775.9 1010879 NA NA
121.3888 97.75543 80.20707 65.21403 46.9419 35.15483 29.39184 24.32912 23.79946 20.94229 19.30297 17.47293 16.00469 22.49747 21.69954 22.6723 24.33413 22.37076 21.98566 20.89936 22.13402 20.88251 28.46488 33.76916 38.10216 48.00577 48.54031 47.97806 62.4428 72.70273 58.89012 41.36786 28.4596 57.73936 48.8608 40.2293 47.79318 104.7557 144.3834 367.8582 682.9115 1279.785 3166.801 6573.416 19838.81 40553.53 43298.31 1773.857 NA NA
312.4295 274.1186 231.537 192.9875 161.6251 160.393 153.0236 134.5307 129.0157 124.2284 131.088 125.5573 110.3105 102.5455 89.15624 102.1817 100.0607 152.1894 168.5845 195.1735 227.7184 223.2552 227.745 218.8759 207.4648 175.1574 274.3173 298.143 248.5543 180.1432 116.6955 142.4861 123.5954 180.3513 220.938 375.5253 572.1598 913.4743 1487.906 1743.83 1224.298 121.4987 7.958236 2.656329 0.005912499 7.524372e-05 0.0001196894 NA NA NA
21.38882 12.82353 8.766168 6.461486 3.989886 4.303499 3.394365 2.229455 1.620601 1.231595 0.854603 0.9636655 0.5683636 0.329966 0.1996335 0.1379214 0.1036526 0.0589685 0.03184235 0.01638244 0.007789051 0.007164156 0.01166385 0.01667928 0.009097809 0.004181922 0.003405689 0.001753786 0.001237646 0.000939497 0.0007316406 0.0009801376 0.002656702 0.002855479 0.0030001 0.002650151 0.002413413 0.003300344 0.001091004 0.0001721069 0.001244558 1.409199e-09 5.565455e-10 9.915445e-10 2.344474e-11 8.21496e-23 NA NA NA NA
708.9304 603.9769 526.1892 467.8561 403.1701 383.7715 391.163 445.0625 507.8002 453.9104 529.554 523.8743 644.9228 625.6595 729.6162 717.1351 731.0231 903.4793 1003.893 1093.857 1325.06 1293.778 1258.368 1391.305 1350.005 1801.867 2135.691 2072.148 2393.858 3656.585 6256.494 7174.025 8769.242 11470.34 22983.93 29621.18 38613.23 51920.12 68046.56 90599.76 166674.2 252455 480109.8 653625.9 1011541 1583921 4004989 5189711 NA NA
62.14754 22.17458 14.97583 11.66476 9.267516 8.094229 5.43159 4.103609 2.353902 2.093778 2.360193 2.169832 1.79328 1.404733 1.890095 1.151664 0.7918422 0.6314458 0.3635896 0.2421 0.224831 0.1578599 0.1800677 0.1665935 0.2060438 0.2791652 0.2072196 0.212003 0.3045419 0.6307474 0.6270042 0.6191599 0.3648772 0.1703905 0.3129882 0.3089424 0.1881142 0.07285605 0.04846297 0.06982942 0.02563475 0.2122896 0.0155046 0.0007608501 1.321183e-13 5.044581e-13 3.367118e-19 NA NA NA
1359.562 761.6519 521.9974 364.7491 270.9358 191.5706 195.8723 194.6156 177.574 128.7816 103.7931 77.14527 55.18478 40.80168 31.32948 24.90643 25.93414 22.56077 14.94903 15.26983 12.35718 8.522951 10.02651 9.391732 5.466855 4.148003 2.402894 2.184697 3.896444 6.383856 8.58322 7.325266 6.789055 9.412677 25.27424 24.88529 63.40101 82.84379 149.6452 357.6559 349.7565 165.6565 24.51328 33.10843 0.8939505 2.355404 6.627239e-06 5.447254e-07 NA NA
47.05659 33.53518 21.29178 15.91894 10.81361 12.31926 10.24224 8.648242 8.713788 6.147155 4.665601 3.524137 2.415976 1.589394 1.211126 0.8399846 0.5349774 0.356708 0.2449975 0.2700993 0.2441436 0.2923185 0.229091 0.1707545 0.2063747 0.3247733 0.4678046 0.598872 0.6740674 0.54208 0.5013368 0.5679269 0.3777148 0.2367999 0.3534944 0.3963097 0.3241605 0.4566556 0.08935291 0.1973678 0.2466768 1.095794 0.4450571 0.0601116 0.004224764 0.01769609 0.02740238 0.03359375 NA NA
590.0768 411.9969 427.5036 408.7712 442.6574 370.3021 361.0897 366.4155 333.3123 286.1237 227.8131 265.4323 231.9714 233.4393 309.01 304.1456 341.2908 340.0868 411.8047 426.4695 584.1719 646.3587 727.6239 902.7364 1005.017 1335.114 1753.386 2369.479 2863.996 3392.227 4073.238 5174.164 7045.941 8290.915 10947.23 16609.9 23117 32742.9 43286.39 46448.74 65024.86 73017.59 117090.6 242325.2 576091.3 1336982 5154687 18716807 NA NA
176.6933 147.8198 115.7452 94.47078 76.0876 57.19733 59.78312 46.20002 39.00445 33.61522 29.9148 27.19068 23.6352 33.85199 31.18812 26.63285 22.1767 18.14063 13.5707 15.27533 11.16146 20.03238 19.68948 18.53636 18.14116 22.28817 20.05593 19.14652 27.61142 18.03697 18.03569 21.20332 18.2638 16.43996 20.75814 18.99376 15.29946 10.17423 13.92675 6.297841 16.51832 8.012504 49.22612 138.5628 128.7213 10.26678 8.081745e-15 NA NA NA
41.57162 24.38293 16.77292 11.51411 8.874893 6.677323 5.192638 4.242338 4.393433 5.5415 5.865525 6.795496 5.71898 4.920422 5.929974 4.659394 5.404856 6.027201 5.908682 8.727195 10.38861 9.527564 9.341663 8.001755 7.717496 6.734109 6.98189 7.791259 7.838253 10.69514 16.92012 16.49326 22.34448 24.52616 23.11042 20.00705 38.89943 45.56553 50.83607 81.87594 219.1469 858.3077 1231.982 1741.698 3188.687 8413.304 56042.83 14767.12 NA NA
211.7852 182.5344 110.8163 94.11714 74.05115 71.85684 55.13966 40.18571 33.93944 33.42941 32.74094 27.91681 31.17981 24.27046 23.92734 19.48485 17.24882 17.81588 15.31774 11.66209 9.178685 12.37584 15.1079 20.08559 21.49375 19.65276 21.16559 25.15273 21.43533 21.73418 19.10183 25.22607 31.96291 43.78675 48.68523 105.6758 140.6214 147.7853 259.717 371.816 662.8189 1513.021 4937.83 6751.941 30443.97 65426.02 124767.7 841778.3 NA NA
25.49632 9.030465 5.368347 4.718132 3.160572 1.84456 1.102941 0.7226222 0.5100028 0.3294717 0.2245502 0.1575942 0.1473147 0.141974 0.08502215 0.09675853 0.1065814 0.1082414 0.1607184 0.2441496 0.1793674 0.1298194 0.208712 0.3098728 0.2937378 0.264748 0.2629526 0.2705788 0.4269959 0.5017089 1.218314 2.302728 3.317334 5.557896 16.3 21.39482 31.46105 47.38305 74.04829 134.2837 211.2436 201.9342 199.7552 430.4824 803.4774 2105.58 7468.615 255.256 NA NA
11.97128 4.835749 3.397064 2.219532 1.807954 1.560549 1.229368 1.78282 1.805056 1.565046 1.315404 0.9660913 0.7503069 0.6809606 0.6202753 0.6980759 0.7468747 0.7973661 0.6570432 0.4873455 0.4962224 0.4996843 0.4249754 0.5178957 0.4043202 0.2882909 0.2325421 0.1444686 0.128766 0.1189652 0.2179314 0.1291715 0.07914006 0.1931743 0.2804048 0.3572736 0.004902892 0.01544564 0.02292458 0.07058138 0.1198531 0.09070172 0.02426448 0.008017886 0.001582696 0.004969761 0.1204485 8.302359e-05 NA NA
140.217 119.3812 89.48585 68.37346 75.33705 74.85708 64.62452 65.59897 51.36503 37.81229 30.22653 20.50048 18.47067 14.15183 10.61169 13.8221 11.11752 11.43999 13.04819 16.35371 14.71079 15.10377 15.15484 18.08118 14.43924 11.9477 17.92227 14.39589 16.2174 17.56184 28.02653 27.6984 32.27636 31.95249 30.66973 51.38817 52.10824 42.60952 60.40941 48.13343 107.7979 80.45946 127.3884 7.339966 0.5786899 0.9933286 2.132995e-10 NA NA NA
227.979 106.1099 78.22398 61.56761 52.29288 42.92553 32.69079 32.46445 33.92275 26.87304 23.54229 17.83071 18.74195 22.68961 25.22123 20.95989 18.6741 15.94465 16.83024 17.26886 12.46208 7.819244 8.353243 7.320099 5.649484 11.0931 12.91716 11.13754 11.21745 15.66854 15.59449 18.04857 18.97465 26.108 24.09702 30.02326 22.39806 26.98136 31.43443 45.1178 71.18706 61.87685 38.85141 35.92086 138.0307 355.1933 298.5128 19787.77 NA NA
72.80537 25.63042 16.08169 17.075 12.59949 11.35851 8.374808 5.921574 4.762963 4.987247 4.470206 4.106914 3.243053 2.221976 1.899629 1.296332 1.011336 0.6355302 0.6378756 0.3520311 0.1918255 0.1817317 0.1201485 0.1534924 0.128611 0.09481971 0.1215005 0.1576576 0.2825065 0.6732758 0.5571923 0.3269346 0.231662 0.4030761 0.3167481 0.3386669 0.1462264 0.07813335 0.04173745 0.03997942 0.01128645 0.01657135 0.05047654 0.1958501 0.3061746 0.4813675 0.3878939 3.634276e-05 NA NA
45.43598 26.58487 16.38016 9.917569 10.08215 6.975292 4.955895 3.766402 4.058671 3.330195 2.911897 2.505055 2.118325 1.711893 1.954355 2.449285 2.246576 2.31553 2.291843 2.898538 4.571145 4.389738 7.398969 7.988441 10.83975 10.40964 13.57246 12.38374 15.1113 19.26199 24.81223 20.14332 30.87823 28.35416 35.19307 31.85966 36.70753 31.68229 95.43703 145.3553 309.2054 239.5268 254.5036 507.174 221.8568 754.902 181.4639 39220.79 NA NA
41.67215 19.87896 11.46261 9.877874 8.306333 8.215275 6.61363 4.715375 5.208123 4.076392 3.518289 2.93183 2.941684 2.532627 2.229741 2.005443 2.483987 3.114278 2.530471 2.279352 1.810248 1.425949 0.9746193 1.225979 1.334395 1.080002 1.574196 1.383986 1.321254 2.451016 1.600518 0.7215382 0.6688679 0.8515884 2.529487 2.039327 1.09103 0.7896659 1.783964 0.9549152 0.02557847 0.03412964 0.2075537 4.2185 32.44068 65.67253 314.1413 6.62937 NA NA
44.92925 33.67481 21.09919 21.28114 18.24726 17.10869 13.34945 10.93355 10.66693 12.15581 11.97751 11.98053 11.31196 12.34505 13.64291 15.78867 18.37382 22.86639 22.13167 22.45855 20.91249 25.83835 33.52866 36.18351 55.1782 62.2704 81.20744 78.92333 130.776 169.7831 196.1775 281.167 386.3535 501.2946 679.8328 1140.219 1617.322 2375.575 2991.349 3405.532 3461.166 7928.046 9552.588 12346.11 14672.08 22903.62 77175.76 9.077505 NA NA
243.0939 192.7518 171.2328 167.9664 147.8792 125.9141 112.8027 140.3013 154.781 134.881 117.1021 135.3212 112.8025 122.7718 104.9855 130.7459 107.0527 122.152 128.8401 145.665 144.4157 122.1433 149.9595 176.3148 272.6405 265.3639 268.9311 327.9285 450.9106 498.6637 505.1061 401.2963 461.4737 609.1392 1062.985 1503.249 2219.729 3178.425 4128.219 4841.524 5110.876 8573.477 16335.77 22868.96 50283.3 83376.42 388462.2 3565505 NA NA
218.0276 102.0721 85.16671 68.17176 59.28829 65.47211 57.84368 52.04444 38.10626 29.91335 20.19458 13.8199 11.07697 10.27582 11.59216 14.61993 15.11135 16.47108 13.05123 15.77832 11.417 13.22546 10.78238 10.73141 12.41098 11.05466 13.44968 12.30599 14.39785 17.52677 32.20172 33.43289 47.12713 67.96324 115.8367 155.9619 212.0296 237.4196 450.3417 649.465 1547.69 4466.949 4773.099 17825.28 25021.25 7945.138 333.3661 1075.259 NA NA
29.84052 13.23688 9.175602 6.611117 4.802299 5.720002 3.892994 3.711792 2.521812 1.610586 1.730165 1.708007 1.78407 1.431694 1.193553 1.085432 1.272071 1.49174 1.309111 1.096943 0.9619168 0.7753201 0.9780472 0.8138289 0.723859 1.020615 0.9420991 1.302332 2.171193 1.644808 3.368717 3.252663 4.05208 3.497394 5.189641 8.465369 10.06511 12.93193 26.2796 23.86843 20.0508 13.66361 27.69817 14.42163 51.03165 261.8176 1044.726 3353.937 NA NA
5.534344 2.496895 1.486747 1.468495 1.262652 0.8426556 0.6821051 0.5093806 0.3443302 0.3213535 0.2407242 0.1777282 0.1289933 0.1458431 0.1261041 0.1188473 0.1150241 0.1201451 0.07366038 0.0714129 0.06942965 0.1122491 0.07698127 0.03950857 0.02311379 0.01515506 0.007162174 0.005061444 0.006421153 0.008417253 0.01457212 0.008533769 0.009782139 0.003662889 0.003288483 0.0006428125 0.0001461715 3.447768e-06 5.015605e-07 1.751045e-07 9.856146e-10 1.722449e-09 2.564304e-10 3.829064e-08 1.20952e-08 3.777748e-07 1.939167e-15 1.516505e-17 NA NA
88.28787 41.30013 29.10641 29.14312 32.18918 26.59471 23.18191 19.15087 16.69373 15.30753 16.12937 19.02585 20.12531 19.44688 20.6545 20.5805 17.91373 16.75617 14.79538 20.32901 16.91364 14.9378 13.17233 15.83698 16.31261 18.57921 22.96647 28.27304 28.01148 28.21716 27.7774 35.60751 30.09738 33.98134 29.42669 38.97525 49.36725 75.33205 132.417 155.5645 531.8237 354.0631 81.24713 18.25278 91.13394 53.00325 79.25258 0.03994049 NA NA
216.0209 131.8734 83.06938 94.57817 70.55782 77.46965 74.58658 71.89199 69.13829 69.284 82.1355 102.1888 115.1448 112.2958 106.9187 105.1184 115.4572 120.7509 117.7676 139.9544 145.2531 182.1508 210.8135 223.1639 180.396 168.9697 141.5929 209.9766 255.4056 204.3501 216.6697 367.2603 473.058 572.8617 980.0834 1219.584 1221.574 2003.59 3294.734 5443.99 10260.3 27030.89 46356.42 84683.21 139506.1 225359.3 605864.5 1627928 NA NA
93.16362 43.12544 31.94587 30.74264 23.81589 19.15833 12.85359 8.232631 5.231309 4.993817 5.400798 5.57746 7.281204 6.098001 6.365372 4.93548 3.103447 2.745501 2.052156 1.140097 0.7933858 0.7644402 0.6873996 1.089618 0.8718667 0.5229264 0.3235407 0.13713 0.1063705 0.1311668 0.1912221 0.2599372 0.4458124 0.2745258 0.2422863 0.4604221 0.5075673 0.4537095 0.4435249 0.2602316 0.1560581 0.348927 0.1257534 0.04715477 1.486876e-05 1.725557e-09 9.036406e-05 2.744048e-34 NA NA
156.8255 71.23966 59.6225 44.34498 29.30653 28.34957 26.57297 25.65165 22.00656 20.20785 16.22044 13.95065 10.43112 9.684957 8.384049 6.335937 7.80565 8.634772 6.421552 7.222742 8.523862 6.893338 8.20618 8.917138 11.66466 10.80337 15.78417 20.85983 26.25826 34.20278 36.84942 50.79677 68.03327 70.83751 74.5284 112.6371 131.0384 232.8012 173.8267 287.3115 174.2711 138.6673 325.4772 1295.833 240.51 3534.233 1516.459 12426.28 NA NA
48.99679 29.29715 25.95731 18.51658 19.57198 13.53804 11.33479 11.33333 8.60139 6.421224 9.41678 7.90224 6.28019 5.842115 5.059362 4.399586 5.968548 5.778113 5.710735 6.333343 7.233484 7.714716 7.137247 7.140221 9.265494 15.87988 17.2878 20.14765 20.12881 16.30046 26.49416 28.60136 19.7449 23.54215 37.31677 19.09537 11.82329 10.8899 8.331588 1.830419 1.074598 0.661431 1.102029 0.4878364 0.1403101 4.75315e-07 1.20387e-05 NA NA NA
447.4747 241.8861 172.5617 181.7352 190.9152 172.1058 155.3349 130.2347 106.1295 112.5278 94.20553 72.19559 67.9905 48.6502 41.5608 26.70643 23.58431 19.60926 15.29922 16.45234 11.44932 9.19815 7.590871 6.368822 9.27081 9.779411 13.05479 12.56534 9.211382 13.98253 19.26469 21.30476 31.38098 48.71938 117.4076 165.188 184.6723 204.1064 195.0791 210.39 415.9147 888.2661 4664.423 10537.23 38532.17 92583.37 304080.2 1544663 NA NA
6.855367 4.783344 3.252635 2.480194 1.820968 1.689123 1.421866 1.223247 1.07243 0.774555 0.5923764 0.5610779 0.6042365 0.5890295 0.5146767 0.4131441 0.5603903 0.4837133 0.462301 0.4185435 0.4471183 0.5609296 0.4901555 0.4204864 0.5712786 0.5606639 0.9764334 0.9657288 1.049263 1.736122 2.528953 2.404936 2.366199 3.150124 3.13218 2.89797 4.293659 2.641816 4.646856 2.367294 5.571649 4.536824 16.32426 52.95457 136.4035 2445.084 12759.76 224254.3 NA NA
106.5532 71.95667 51.37912 53.64921 66.43283 57.7009 47.13331 42.61243 49.69432 42.08665 35.8127 49.75432 41.03022 33.23306 32.78456 32.68305 32.42733 39.49815 45.63884 58.36021 58.9976 50.78547 64.56154 58.43217 53.10268 51.66753 38.68805 42.85563 37.45472 39.07908 30.28317 34.38654 21.43858 27.81432 16.53086 23.4049 40.31182 61.41034 47.73216 79.23749 163.02 204.4453 401.7583 820.6223 1503.702 937.9232 0.1864859 18.40837 NA NA
123.714 58.53352 36.17508 23.5963 17.36768 13.06239 9.10712 6.718731 4.803612 3.081035 2.081377 1.412897 0.8362357 0.6644893 0.6579554 0.798938 0.794678 0.5130935 0.5229159 0.3078058 0.378762 0.4139093 0.4163488 0.4583729 0.434822 0.4038029 0.5216508 0.7193692 0.8741563 1.155752 1.011215 1.478427 2.067691 1.494921 1.357633 0.6435499 0.252343 0.4099489 0.316485 0.2621935 0.2212886 1.010307 0.5137373 0.4165024 0.04162375 0.0001640946 0.0002254059 6.52553e-07 NA NA
10.20806 6.14074 4.808216 3.636914 3.070277 2.079161 1.396742 1.054166 0.8067377 0.7542604 0.7096839 0.6990586 0.7107365 0.5376393 0.4216254 0.3134548 0.4827263 0.4544594 0.3940249 0.4368267 0.3184299 0.2319918 0.2994634 0.2948936 0.349711 0.3278078 0.276049 0.1206712 0.08901962 0.1117618 0.1695673 0.2252525 0.3089915 0.2800279 0.3153562 0.2620992 0.3361772 1.752802 2.87412 3.030367 9.834385 18.40379 71.63151 138.1341 387.2696 2276.484 25563.85 549477.5 NA NA
99.52167 86.5439 97.7203 84.35049 62.15515 55.68963 48.63548 55.45197 55.08562 50.68358 52.72333 49.21928 42.96729 40.30164 34.66493 35.89243 30.79879 27.8556 23.92629 24.85463 25.13249 22.93301 25.82211 28.42096 28.06421 23.8146 23.5288 27.88042 37.19616 53.42457 68.4281 71.67777 125.3363 159.4297 155.0464 193.4681 295.4877 285.0091 428.4131 392.7668 228.481 478.0518 350.3725 623.5922 2620.644 25191.99 60476.45 2.404773e-08 NA NA
52.17087 20.6768 12.90127 8.288534 5.860106 5.166754 4.10324 3.18327 2.053845 1.337568 0.7668253 0.4489028 0.2333733 0.1130342 0.08941392 0.05050445 0.02781058 0.008140409 0.006653407 0.001882181 0.0005826995 0.0002795905 0.0001532298 6.218877e-05 7.430521e-05 7.33644e-05 3.780989e-05 2.692918e-05 1.788207e-05 2.66368e-05 6.421774e-05 0.0001470075 9.857121e-05 0.0002188434 0.0003833209 0.0003690219 0.0007519931 0.001783082 0.002422948 0.0004940018 0.0001274045 4.009365e-06 2.767731e-05 6.869222e-06 1.752759e-07 9.639292e-08 4.035202e-13 1.362186e-31 NA NA
226.5141 124.254 94.40227 85.76805 76.31217 64.74652 63.80232 49.56672 59.40225 46.90166 54.29794 46.84275 48.50423 48.53585 45.06141 52.40532 55.31126 49.4052 56.9788 52.11865 47.35687 43.7251 42.05098 33.91223 37.1642 46.19721 62.16615 66.30249 66.65024 84.89606 81.23854 80.90491 98.88864 138.3418 225.1356 381.1183 720.4612 869.6571 1071.679 1285.538 2469.241 2451.098 4204.64 6230.145 22534.11 30473.12 155868.1 406110.1 NA NA
3.354747 3.162278 2.298105 2.041552 1.591539 1.215231 0.9870019 0.6751914 0.5157553 0.344888 0.2403494 0.1465272 0.09655862 0.1028584 0.08255006 0.09712489 0.09071459 0.07563318 0.07795233 0.0824869 0.09302523 0.06535198 0.06298802 0.07517126 0.058841 0.03551997 0.0247736 0.0305079 0.02422424 0.02419503 0.03352445 0.03156398 0.03349694 0.05097384 0.07626126 0.1040833 0.1290091 0.1130146 0.1294708 0.2120748 0.5128094 0.7060652 4.181098 20.72235 47.34287 262.4315 6.678698 2.623599e-05 NA NA
52.69599 31.42059 33.4954 26.80179 25.97316 18.33696 20.12488 15.50006 12.18699 13.62312 11.37723 11.42749 11.66424 9.685001 7.086103 5.76452 4.673106 3.999987 3.69166 2.347321 3.620589 3.619662 5.674588 4.461069 5.82328 5.102367 5.96196 4.68014 6.411001 10.98794 12.98763 18.36853 34.2393 44.86363 98.46405 178.2257 238.1026 404.1909 511.4018 720.9231 1340.029 1404.165 1886.329 7424.215 3086.85 23.80975 124.2633 213.9444 NA NA
85.34167 52.6248 59.18003 47.2242 39.66141 30.90415 24.12946 23.4072 19.26285 17.3009 15.05077 17.36924 20.75713 25.53476 23.00928 26.39981 26.75846 24.58669 30.72271 33.46855 41.53202 50.57088 57.60204 50.78882 42.46176 49.19392 48.34844 44.7395 45.10783 63.02019 33.89809 29.25716 40.45772 99.75526 188.0799 176.9221 169.6646 126.9395 305.6361 286.7433 452.0603 962.6848 681.7699 1922.348 2216.466 0.6946698 0.0007639996 0.0005935906 NA NA
601.7904 821.3665 763.3234 692.4731 710.3075 705.675 668.0405 631.4309 566.5203 519.6739 548.6813 547.9746 491.7003 471.0552 624.5896 723.1535 732.7826 737.5173 797.8284 824.6695 856.987 1068.978 1191.609 1286.582 1432.568 1957.866 2174.967 2721.908 3673.876 4473.107 4720.935 5587.415 7147.006 7357.914 10303.31 15039.63 15056.96 18082.9 27110.94 25246.85 28725.6 40590.55 57925.44 54425.11 37004.4 4232.801 23003.43 467477.5 NA NA
27.38145 18.66431 23.91597 23.23849 16.51132 12.0707 8.467469 6.746889 4.635036 3.188131 2.476808 1.494168 1.106638 1.410948 0.9417223 0.7517908 0.7831857 0.8603923 0.7860272 0.7402987 0.8546091 1.217233 1.085471 1.413687 1.354591 1.634966 1.409321 1.895184 1.234934 0.7695652 0.5393051 0.4052071 0.2422976 0.1290877 0.1895411 0.07766568 0.07620524 0.01216862 0.0008133318 0.0004058809 3.676856e-06 1.213959e-06 3.945276e-05 9.468455e-07 3.52885e-09 2.021818e-23 2.278108e-36 9.289158e-19 NA NA
49.52492 23.57987 25.4112 20.94236 19.47499 17.67951 15.37934 15.32965 13.66158 12.01327 14.65869 18.16831 11.05578 11.5072 10.90719 8.9923 9.129579 9.087325 10.28775 9.339151 9.279339 8.156242 7.906511 8.136972 7.729156 8.547909 11.751 18.17697 24.40518 37.47351 59.00475 82.36619 156.8608 187.4763 224.1503 317.9095 504.5495 757.7441 1162.02 2573.487 3879.214 5465.369 8962.821 20682.85 19581.81 22853.1 15763.24 0.07779459 NA NA
15.24766 15.56692 11.69854 7.230457 4.650423 3.889013 2.713174 1.898251 1.128244 0.9165727 0.6488679 0.3211775 0.2252048 0.1258778 0.1134812 0.1306655 0.1187677 0.06041199 0.06805494 0.04349006 0.01806323 0.009944222 0.003157303 0.002536456 0.0009343983 0.001269887 0.001289878 0.0009845699 0.0004116579 0.0001038856 8.163112e-05 8.398324e-05 9.098063e-05 5.866587e-05 1.07181e-05 4.349808e-06 2.325238e-06 1.591252e-06 3.098192e-06 9.629025e-06 2.027436e-06 6.368617e-07 5.062056e-07 1.525765e-08 4.161637e-08 2.172582e-10 7.324102e-13 1.420978e-15 NA NA
104.7542 52.63988 37.03158 30.99785 22.35995 17.58139 15.73309 15.1279 12.01019 9.428114 7.376504 5.937148 4.920534 3.931371 3.559022 2.839721 2.319991 1.921984 2.392368 1.837847 1.873636 1.045596 0.9624157 0.8791956 0.8018522 0.6634213 1.020562 1.14105 1.455889 1.285059 1.15952 1.458868 2.153565 1.784742 4.208157 6.233667 5.453354 11.01535 36.57062 98.00182 194.5337 189.6945 306.7106 28.23672 0.0005924005 7.410685e-07 0.003622404 0.2193936 NA NA
58.51685 38.38508 32.90444 27.24199 28.59102 22.4107 18.24963 15.19713 10.86011 11.51199 13.02984 14.1251 11.6991 10.27931 8.378736 6.153949 5.703195 6.309076 3.146581 2.81871 2.820282 1.821726 1.947051 0.9827689 0.9057831 1.205683 1.285416 1.175265 0.8115719 0.4019745 0.1609527 0.1322557 0.04597431 0.0240268 0.01449501 0.01363054 0.02517318 0.007729472 0.006886648 0.0004908321 0.0007605198 0.0005761775 0.006685483 0.007203274 0.0001354761 9.144566e-13 1.187755e-09 1.858342e-18 NA NA
30.46026 14.44324 12.49801 9.789274 5.516232 3.439424 3.050567 2.10402 1.551249 1.259596 0.8136915 0.4554951 0.2938959 0.2710727 0.2758727 0.2971408 0.1656863 0.1243349 0.09768479 0.1003997 0.09203652 0.09869972 0.06354702 0.03339751 0.02786948 0.02525613 0.0103983 0.003243177 0.001292356 0.002023051 0.00170643 0.00348565 0.003935652 0.002778715 0.005549803 0.003448009 0.002702182 0.00075141 0.002638609 0.0005850741 0.0004690772 0.002135516 0.0001647131 0.0009025066 2.958165e-05 2.661726e-06 0.0003567032 0.001350418 NA NA
104.5688 40.52008 56.61963 38.45 28.23694 21.45599 17.49254 14.59863 11.78274 8.67195 6.845338 6.063386 4.31556 4.690668 3.84164 2.558123 1.601662 1.580212 0.964345 0.4923632 0.2375302 0.123486 0.136668 0.2052904 0.1595444 0.1146079 0.04001373 0.01048556 0.008778926 0.02134641 0.006421199 0.006784806 0.01204287 0.006321461 0.008375559 0.007257724 0.00494047 0.002497839 0.01724472 0.01411887 0.007296278 0.001361556 2.192191e-07 4.419105e-09 1.185198e-10 6.018821e-07 1.002721e-08 6.766981e-40 NA NA
61.18066 39.54291 37.25947 29.56892 24.19929 22.64288 19.53064 14.5565 13.97829 11.5627 10.04 7.030491 5.54351 4.275537 3.294437 2.776608 2.837509 2.809529 2.208712 2.766816 3.380311 2.908424 2.890215 3.38495 3.003292 2.528271 2.834123 3.658077 6.67969 10.06206 10.60364 11.99114 13.2076 11.21064 23.33496 36.75904 44.78629 38.76996 51.31522 57.81428 91.49892 96.997 547.6037 746.9334 2036.488 441.4857 132.7808 2610.432 NA NA
195.3963 99.25036 97.98076 82.2837 68.59359 69.64215 61.29679 62.51491 48.56924 37.51919 31.52239 28.75741 19.50186 12.73595 8.620409 5.281624 5.54818 4.320752 4.133274 4.628455 5.036434 5.629756 5.542338 4.194418 5.01841 3.560103 4.178751 3.127592 4.668995 3.784261 6.446201 6.591608 6.667107 6.629863 7.289219 3.820085 3.216565 12.10415 21.78365 27.26479 48.05803 16.70862 6.133902 0.3569636 0.5648136 0.1005915 0.0329215 9.621626e-05 NA NA
12.32709 4.731749 2.757913 1.93455 1.317069 1.359321 1.15927 1.371754 1.075902 0.8375266 0.6823487 0.5590784 0.4805339 0.4744364 0.4168963 0.3651951 0.4157495 0.2786165 0.4161031 0.3389609 0.3678739 0.3423823 0.280985 0.1935041 0.265878 0.2004431 0.1727409 0.2111155 0.3032133 0.1853487 0.07313398 0.04304687 0.04863137 0.1099289 0.1190223 0.07229989 0.3022312 0.1361005 0.6116329 0.6737599 0.3937114 2.819529 0.7245685 1.110587 1.34865 6.327317 0.7549799 146.7842 NA NA
55.21151 38.16764 30.62139 22.63631 20.85604 21.53112 16.30977 14.68107 10.63482 7.535273 7.563419 6.563275 5.478924 5.620335 4.288328 3.041127 2.137089 2.293718 2.334671 1.617775 1.327228 0.9762186 0.6752995 0.4653029 0.3826617 0.2947531 0.09807838 0.1117709 0.225833 0.2806917 0.135724 0.04925168 0.03624628 0.02193835 0.05578997 0.0924577 0.08792124 0.04826003 0.02587298 0.01759629 0.001020464 0.01588877 0.000673909 2.361784e-05 0.0002447252 0.0003151409 7.657077e-09 2.388286e-10 NA NA
387.983 255.5914 202.9958 175.228 127.7598 97.09178 78.94589 63.11807 48.30873 36.94465 35.64975 35.08862 28.77274 27.46347 29.1756 28.79824 27.37866 34.76214 51.02397 66.55397 74.625 73.1577 76.13599 111.4101 121.9126 136.0976 151.2862 160.6542 153.7197 171.1852 186.9617 176.6362 250.243 223.7013 371.3258 454.9512 724.0504 909.6786 935.3172 2146.135 3223.62 9141.881 13004.32 20994.04 43958.12 100960.2 213051.2 0.01427585 NA NA
172.1618 164.7758 152.0713 128.7595 103.148 102.0205 73.85531 51.60077 39.5656 28.18719 27.3178 25.00538 27.32282 23.7222 23.71616 21.70309 18.4992 17.17153 19.45809 17.37028 16.6071 14.33689 14.2429 19.28188 18.07495 14.54617 11.18962 10.29488 9.204823 11.65099 9.463002 12.67568 17.70382 41.24711 75.03023 80.01224 94.35356 142.098 173.4648 371.1458 821.5436 1368.278 2754.483 6813.696 13343.96 26040.94 3393.839 22537.87 NA NA
26.93155 20.86577 13.66247 10.35907 9.565461 7.094838 8.250142 5.739953 5.023769 3.327388 2.205691 1.970149 1.497273 1.018833 0.6179555 0.7364991 0.5011129 0.3185528 0.2079827 0.160419 0.1214069 0.1260305 0.1222826 0.1681181 0.1064937 0.09943906 0.06444295 0.1737826 0.206486 0.3436071 0.4841457 0.3300905 0.2963156 0.2334389 0.110969 0.1584032 0.06575811 0.008560958 0.02649237 0.008510712 0.1004239 0.3375776 0.1842038 0.2493428 0.1482654 0.4437416 0.06405158 0.009718082 NA NA
796.2266 571.1623 501.9313 426.1646 448.4673 488.7653 444.4397 416.0886 440.5108 391.4194 439.9987 417.0436 366.4152 302.5702 279.5503 348.3085 299.0375 264.3479 225.7581 229.5865 243.96 178.9236 217.1755 185.3837 247.3567 179.3029 145.2176 94.43475 121.8451 101.0453 97.41526 209.4923 163.061 146.2324 133.1161 132.089 239.2627 281.0695 726.7848 1293.641 2355.747 3766.024 3632.219 20824.61 40298.7 102763.3 321815.7 NA NA NA
296.6819 267.4266 235.3008 226.7058 229.8457 214.8543 196.0662 218.5152 230.0128 208.8359 253.2392 235.8207 233.8694 223.0014 224.393 216.8947 219.1759 288.6344 270.0066 307.754 312.7248 286.2481 241.848 213.6912 217.8701 204.9375 284.1006 260.1009 218.1752 190.2142 150.6179 128.198 292.9024 272.398 367.6481 818.6334 1024.281 1001.288 1745.69 2190.869 3928.456 8654.349 11115.95 6375.638 9509.365 9483.016 12352.55 0.3303642 NA NA
373.4594 312.2619 287.3512 263.4907 231.0764 190.003 148.0424 114.3826 83.8563 74.51972 69.05605 54.34121 48.28498 39.29036 40.40864 30.93152 30.16691 31.85692 24.74327 19.18576 15.28362 10.56018 8.170512 9.216352 5.912689 8.737937 10.87591 12.59481 11.60389 5.2048 8.937784 9.661428 12.34131 21.95293 22.73433 27.95045 44.07901 48.29881 39.81371 20.81032 3.885622 6.072858 0.5157889 0.9841066 0.04753382 2.925342e-07 2.1603e-06 4.947874e-20 NA NA
169.023 125.1891 85.61714 68.77798 52.98771 49.96879 60.24309 53.88606 54.48709 45.39584 43.06937 36.0192 34.27055 31.49657 33.54148 37.67236 32.09625 36.91382 48.9504 54.13338 68.98287 82.41903 94.39886 127.3134 126.1628 103.3409 81.52606 104.4441 91.24478 87.20968 137.7222 138.2375 223.428 210.5792 218.6951 265.0659 312.7302 644.0962 655.8393 1718.405 3000.644 6560.573 17686.44 30734.49 78833.15 299098.6 618165.6 3177158 NA NA
385.3557 233.8546 221.8253 193.369 179.8274 164.2116 151.6058 137.5682 123.382 131.3712 123.1654 131.7746 143.1516 170.0546 175.9315 191.216 198.2166 228.0515 253.4294 277.2308 278.9408 286.0736 288.422 327.4784 326.4094 330.6117 335.6032 340.7413 296.0625 300.5551 305.7044 286.5253 384.1953 625.4029 633.3677 599.3966 840.1185 636.0066 1137.122 981.391 1828.277 1138.675 232.0146 410.9084 499.7564 1258.589 3593.144 18.47814 NA NA
145.6095 89.10083 83.95862 84.00921 69.45243 58.52683 48.36892 41.76232 38.02952 31.40938 32.34126 32.76433 32.15672 36.39408 28.63969 29.55996 23.18518 24.19718 18.34324 15.17662 12.44555 13.45545 15.03892 12.4491 10.58635 6.541338 6.319643 4.642255 7.282907 10.28754 22.93495 37.32728 41.09279 32.13636 32.0701 32.32677 51.48732 47.2473 35.29899 21.2443 45.78551 1.093029 0.006808738 0.003716505 0.001320152 0.005626183 1.66759e-22 NA NA NA
10.37289 5.243816 3.443743 3.291752 3.313022 2.419701 1.546164 1.482459 1.038114 0.6172223 0.6512522 0.4915202 0.5036458 0.2959852 0.2845769 0.1921078 0.1910775 0.1492366 0.2759794 0.2277905 0.2657651 0.2378986 0.2216892 0.2269938 0.230326 0.2867729 0.3964731 0.3671336 0.4227221 0.6361831 0.78557 1.067873 1.746604 2.675636 5.814386 8.213459 20.44097 40.11498 71.9572 144.5007 279.8358 1114.893 2962.185 13461.77 31152.14 187772.3 462332.8 1796480 NA NA
102.4132 74.01136 46.81969 28.42303 16.66411 14.88523 13.74061 9.119745 12.78981 10.02182 8.709652 7.517532 5.489959 6.248784 6.417863 4.70596 3.665463 2.41046 1.593725 2.043724 2.117471 3.58602 3.683473 4.735188 4.702057 5.326076 4.750508 5.181143 5.949863 7.528296 7.563242 7.042541 9.194207 0.7252987 1.037491 1.825438 2.72294 2.672956 3.056944 1.560201 2.066713 0.7300985 1.274027 6.914865 18.53271 56.23395 97.98196 864.1172 NA NA
166.052 122.0353 89.09697 82.29762 67.93468 53.9121 41.21521 32.61469 24.72894 22.60704 15.90216 11.18065 9.021196 13.88767 13.19587 15.81753 15.70877 12.76482 11.83255 10.69116 11.78445 10.89043 8.211475 6.243029 3.965437 2.78711 2.543273 2.975941 2.405489 1.904743 2.336996 1.540176 0.04732592 0.0394292 0.1097503 0.111999 0.05668956 0.120789 0.1580065 0.07669568 0.1238744 0.2027113 0.2666964 9.405982 1.516312 3.260601e-05 2.040556e-13 7.737506e-08 NA NA
130.8618 75.53765 41.9856 30.62222 30.80274 22.45508 16.20603 12.43969 9.210304 7.153912 6.236663 7.887224 7.246405 7.156038 6.540389 5.777434 6.802799 6.408122 6.785427 9.019151 10.74006 14.16255 15.36547 25.43409 32.39922 38.83169 57.97819 65.90976 62.51069 68.8678 87.36948 92.29838 75.92577 62.78763 48.31282 52.29474 45.81276 135.5592 207.3113 308.1299 175.5514 352.7406 248.6447 719.7348 4045.912 15084.25 24544.11 131609.1 NA NA
500.2222 352.1303 289.3674 224.9485 237.621 215.2734 227.282 193.8053 172.137 159.8824 166.8919 164.745 166.4993 161.9944 161.0928 183.8478 240.4686 229.7764 279.561 305.9872 365.2719 499.4594 629.0793 743.5022 929.2728 1168.486 1371.347 1539.843 2468.395 2880.064 2915.844 3475.365 4095.854 4011.938 3140.623 3715.227 3758.808 5795.667 4614.803 3293.404 6119.28 2621.988 34.84216 148.4089 1134.398 2.917552 1.140183e-05 NA NA NA
218.0181 125.0137 78.51697 78.68507 50.80866 42.90351 40.70246 32.57503 37.29485 35.48073 29.56798 25.11437 19.90707 19.66362 19.10953 17.22822 14.39209 14.8783 13.23877 12.97496 12.66 16.04048 13.78223 18.60124 26.68193 34.24781 52.39407 76.80922 101.1613 146.8278 157.2302 156.0859 151.008 118.5973 152.9533 163.8062 352.1763 695.9875 986.0279 1463.079 1334.664 1570.889 1360.689 1630.517 6693.414 299.6766 1045.978 42253.85 NA NA
44.77959 34.45184 26.96215 19.93505 14.69834 11.16749 14.00669 12.71685 10.96325 9.884452 8.162155 9.23695 7.186422 7.020933 5.875322 5.315625 4.128711 4.78381 4.244334 4.415009 4.209684 3.27262 3.972902 4.739079 3.621726 3.298356 3.008975 3.232076 2.809661 4.025473 3.230492 2.763712 2.798741 2.715246 4.10515 5.491232 11.5499 11.56369 10.66457 47.58171 95.6741 205.5491 377.8708 1051.407 1633.013 4696.428 1676.62 179.1003 NA NA
52.15588 26.80373 19.63979 16.607 11.60209 11.44857 11.40546 12.76624 9.366273 7.445339 6.151201 7.637449 8.902423 10.58331 11.20405 14.67886 17.57033 21.29873 27.96254 30.25295 35.00947 34.48752 32.62308 32.77302 32.53163 45.34028 54.7138 53.78063 62.48663 64.79332 75.68404 108.7623 181.2678 251.165 288.5103 472.6452 742.6283 1690.636 2412.496 3904.792 6994.222 14064.05 32236.48 60351.11 121098.6 311811.1 836262 NA NA NA
23.28253 9.780221 5.112747 2.936401 1.43913 1.142012 0.6984419 0.5037324 0.4398453 0.323832 0.2137652 0.2125741 0.1590713 0.1248478 0.140424 0.0855229 0.07775812 0.05069682 0.03463499 0.02893377 0.02531912 0.02899753 0.02175819 0.02953429 0.02363879 0.01494206 0.01712362 0.01309352 0.01241539 0.008632124 0.008626249 0.003669711 0.001822308 0.001058792 0.0002318432 4.731164e-05 1.291681e-06 2.713576e-07 3.010243e-07 5.914309e-07 4.497868e-07 9.868807e-09 1.673763e-13 7.317039e-13 1.164691e-11 1.581831e-09 1.23481e-10 1.898735e-15 NA NA
