463542.8 490263.6 485675.3 477120.5 441827.5 409138.5 385561.5 377858.4 387983.5 384787.9 386475.4 379523.3 376480.4 412820.3 446700.3 466666 476910.2 535809.1 579717 639440.4 670009.8 752324.1 785987.6 890093.5 1034508 1128753 1230578 1285271 1506500 1629185 1732075 1887991 1931424 1940715 2136170 2403832 2824546 3034304 3202465 3701111 4079810 4199840 4901324 2785875 3654764 5639615 9638034 886902.6 NA NA
338898.8 329985.4 343801 320307.4 330295 307969.4 320436.1 302153.3 311781 292381.3 282086.2 294983.5 285562.3 317223.5 319755.5 327103.3 306801.7 323445.5 325972.6 330392 336508.6 315810.7 367106.3 435463.4 430273.9 417689.2 387139 446972.2 445056 476062.2 464005.9 527566.3 538711.9 547014.1 596856 633780.9 710008.5 929551.4 1245686 1381961 1375335 1533384 1258476 372248 41657.49 16.70129 0.006441048 0.0160711 NA NA
456923.5 410964.1 357294.7 344151.7 320878.1 307658.4 282965.7 285254.9 258801.4 234900.7 212514.7 177690.5 173237.7 162335.6 164135.3 178992.3 190189.2 209677 207276.3 225364.4 246388.2 237488.9 249418.5 293179.3 289794.2 320301.2 311959.2 303732.9 282597.5 314113.3 343329.2 344966.7 387228.5 335650.2 269932.2 344383.4 388794.2 321522.2 133329.7 46845.95 7334.839 558.6934 3249.824 13948.63 13754.32 2629.746 2855.466 1917.225 NA NA
1006755 836275.7 682391 666713.1 673478.1 604708.9 552007.5 483557.9 476032 446044.9 400748.7 396538.6 417296.4 389290.6 373533.2 400412.3 379232.6 394608.4 428745.7 477372 519734.6 548512.2 616526.9 609204.5 616184.9 617703 646401.9 680729.5 775835.6 953160 965785.5 958691.8 1089396 1246441 1449590 1397796 1585974 1923255 3160896 3935171 5672747 6326569 8876075 10491883 14839849 22099397 30107537 8825283 NA NA
366263.3 255782.1 260519.6 247984.2 235291.8 226255.9 217286.7 208383.6 213538.9 192617.8 187762.1 189464.8 174546.4 165323.5 153421.6 142030.6 142226.4 159346.5 147882.3 116545.4 88494.1 88731.15 66099.15 72850.6 69995.6 42436.13 42453.33 39097.86 26316.11 30930.97 23323 29940.42 23306.27 23212.72 11502.42 3322.237 1257.286 559.9472 702.4247 1218.683 1934.137 1234.189 453.5937 222.5551 57.33912 0.1319958 5.741176e-27 1.063447e-31 NA NA
387606.6 215984.1 164454.9 152257.9 128796.8 120915.6 101166.5 80127.26 67483.84 64289.75 48619.95 35037.37 32204.42 26783.81 20304.79 13842.81 15807.72 13803.91 12126.36 10636.29 10027.7 9543.162 6454.241 4365.291 6727.959 4538.088 4230.078 3490.679 3788.179 6417.473 5333.933 7497.781 7443.889 8863.857 10537.48 7836.32 6661.496 4467.78 4425.657 1738.712 895.8625 189.9054 12.5675 165.8714 755.8288 1751.587 0.0004098123 8.950281e-18 NA NA
93269.36 83581.84 79227.48 73654.65 69054.16 68464.64 65792.11 65299.12 69362.01 63452.65 63938.68 62884.36 61955.53 61189.04 57783.76 57883.56 58398.23 55838.87 61436.71 58284.08 55999.92 48447.33 50825.94 48674.59 58554.53 53868.94 58937.52 56600.92 62406.43 63069.77 59233.39 82448.12 80164.04 105973.9 110080.5 100937.3 85677 81779.58 107279.1 59970.43 31405.1 21945.31 3276.317 2745.051 19133.91 6657.587 26075.2 3.18001e-07 NA NA
176508.3 157778.8 150341.5 133897.6 123272.8 133644.1 146199.8 132024.5 122157.2 126767.9 132725.9 133894.9 137133.1 139438.7 146470.3 170914.7 192762.7 199156.3 202112.2 206398.1 217704.3 240608.8 242734.3 261167.3 292207.8 335009.5 351685.1 402598.9 528531.7 594053.5 782218.3 808895.4 843328.8 866277.6 875899.7 1012446 1206480 1562402 1935417 1926049 1723472 2982888 4079463 5052019 8180642 11427953 12987650 1409034 NA NA
439178.3 390239.9 362793.5 305686 257492.3 237797.1 224934.6 214344.5 201289.9 189267.8 181989.7 175091.9 172690.2 161543.1 155869 161651.6 156726.8 165231.6 186708.7 181496.8 172088.5 186613.9 191334.3 208865.5 247295.8 286106.3 288670.1 309993.6 304256.7 284513.6 258015.5 222160.9 235922.1 265105.6 369317.7 446359.6 515725.7 582985.7 759097.1 963987.7 1117733 1519831 1643270 2905531 4835690 6629891 4140155 3709557 NA NA
460921.7 352573.3 303133.3 270296.4 243901.4 247668.3 224729 229542.5 229346.3 231314.8 232846.5 223056.6 209695.2 195897.9 204505.4 197054.2 207181.8 190412.1 201501.2 214294.9 230445.4 266838.1 263031.3 286849 276441.7 274897.4 261681.2 265004.6 251808.8 227965.1 200442.1 205055.1 167698.7 158585.6 161969.7 97126.13 45616.98 70485.66 116462.3 78526.14 20421.11 3001.804 1676.086 774.0041 373.0097 1.724234 442.6943 31635.75 NA NA
135518.5 65003.07 45993.83 32491.63 28518.94 18159.02 13434.05 10378.87 12059.87 8512.229 5426.548 5183.988 4963.455 4495.053 3650.19 3784.109 4189.832 3061.489 2370.476 2030.248 1442.823 1020.919 871.108 895.2498 647.9621 448.4169 483.038 325.2169 183.4449 122.9907 135.6027 173.0791 91.65376 61.57599 54.29284 36.17756 26.56775 9.813032 12.70466 2.840238 0.06235899 0.01809117 0.003884791 0.0004986537 4.592912e-09 1.558313e-56 NA NA NA NA
399754.6 331289.3 286827.3 230985.6 194939.5 179212.4 144613 127826 114063.9 115558.3 107423.5 105726.3 111115.6 132219.9 127603.6 117220.3 106708.1 105909 118987.4 127009.9 131523.8 135291.5 150693.3 175249.9 174816.6 175131.4 227176.9 224034.6 232890.2 236542.2 213531 196524.6 225567.5 190763.3 226143.2 188256.2 180416.3 242320.9 314394.3 461799.6 678225 862189.5 628003.7 266989.4 30819.75 0.1200258 0.9235936 7.006545e-20 NA NA
722464 694666.6 709568.2 670099.5 672829.7 682547.5 694598 667307.2 661435.3 689328.9 694701.9 721035.2 804744.5 800303.9 795149.8 829537.9 833318.8 816915.5 801272.5 783470 970619.2 994824.1 989144.8 972274.4 1072510 1107664 1033909 1099772 1158972 1228699 1220177 1169543 1230126 1415406 1421365 1601204 1840260 1961968 1541987 2257602 1698716 1638033 467454.9 600311.9 1206883 216330.6 244.9591 1.704957 NA NA
801197 559509.7 472050.5 399430.2 352129.5 282020.6 260281.7 224374.1 231848.1 222895.1 177832.9 178735.7 155168 156168.4 159029.4 159712.4 166432.4 192212.9 201805.3 217560.9 257449.2 257229.5 248592.9 250163.2 249361 297648.9 317374.3 314554.9 283271.1 277532.4 203606 277517.4 195654.6 188439.9 187212.3 172788.7 197247.8 194214.8 235400.7 390891.3 299898.1 187301.7 267872.9 7646.449 46121.21 47411.75 164859 32496.03 NA NA
120828.7 77539.25 67183.49 50723.65 36193.27 34742.96 29218.25 24723.98 19946.14 19194.99 16498.4 15027.77 11308.34 8158.146 7927.222 7146.916 7771.804 5847.783 4283.274 2716.272 2429.999 2696.086 1519.058 1060.999 688.9626 725.9264 750.6881 732.5985 423.2558 558.8334 433.0524 123.268 187.1495 153.1805 142.0249 278.8805 322.701 646.3134 905.0356 297.1746 432.4698 355.159 240.4555 900.9147 1658.565 2540.441 4.525208 9.231141e-08 NA NA
728880.4 606325.2 547474.7 492533 453896.6 395825.2 353767.6 377436.5 396244.5 382298.7 439972.7 407751.4 417322.4 435805.3 397703.7 426333.2 438090.3 407099.2 395696.6 429474.5 406982.4 402635.2 457708.9 487234.5 544655 524707.7 505223 492252.7 450653.9 403503.9 420055.9 373298.8 414374.6 336386.1 254247.1 399980.6 403461 493747.9 400595.7 350599.4 515722.1 760928.5 1178113 1123884 482468.5 367897.1 1560918 182445.8 NA NA
294608 227541.6 213424.5 188403 166900.6 144524.2 123840.5 108126.8 103197.9 107496.3 110714.4 111964.5 118835.2 124413.8 127151 132023.4 130449.3 140129.1 154821.7 153936.4 150842 149540.5 163653.5 162187.5 176310.7 146978.2 162817 142864.8 152009.3 136903.4 179727.1 193207.4 151713.7 126507.8 78985.58 95944.17 80393.32 58076.66 106472.1 110950.9 81517.72 103676.9 173670.7 209964.6 383590.9 625675.6 37279.35 216999.3 NA NA
118407 76163.15 62324.36 55868.82 40823.22 30488.12 30242.6 26581.21 27265.94 25020.93 23612.82 21609.12 17431.69 13075.44 9852.751 8309.834 5982.057 4022.952 3716.459 3450.759 2889.945 2938.188 2498.566 2593.252 3713.866 2507.194 1631.93 1606.237 1149.29 2007.041 1631.876 1660.308 1257.103 1310.931 1606.691 2660.652 2771.929 4328.919 7866.17 7989.311 5244.916 3802.836 6810.607 22528.95 17751.17 37205.27 68707.41 1.566839e-05 NA NA
257282.2 171500.5 137823.8 115233.8 110326 100779.5 87591 79892.91 77064.01 65213.56 56153.81 60036.55 57519.46 59106.06 52954.81 45340.22 39402.27 41342.69 33779.25 41083.63 39611.18 44595.85 40174.55 41792.24 36374.78 41382.2 48037.74 49242.81 61052.25 81523.05 98753.03 109170.4 121676 136307.9 171645.8 166485.4 174934.8 216407.2 224203 204687.8 139921.7 49745.75 31581.33 72281.91 71369.91 129814.1 28748.8 NA NA NA
234422.5 194916.2 202618.8 188257.5 177465.8 180860 165219.7 183055 168675.8 169571.6 171504.5 162425.8 177549.3 179218.1 182895.9 172071.3 170557.5 171890.4 165479.1 160019.6 144130.2 154698.2 161058 150411.3 121005.6 101557.6 106516.3 119353 118784.3 103241.1 81871.66 51923.45 51627.11 43017.48 48568.72 35960.53 67392.39 72907.67 94039.05 51655.72 89643.57 82016.09 29960.26 32720.63 915.6854 0.1457367 2.219699e-12 NA NA NA
284473.7 249383.4 238908.6 219457.1 194430.6 166657 166116.9 159761.7 140710.1 128596.5 120749.7 118221 115067.3 123255.3 121550.3 128919.8 122111.6 126906.9 129923.7 120454.6 113673.3 113724.2 104833.9 112722.6 106673.4 105213.7 97821.92 105928.7 122321.7 142636.8 119065.1 106282.6 141980.4 149469.5 164367.1 119074.7 143930.4 269706.8 265286.2 309522.3 601061.6 1013448 1233421 1302617 1311324 1565968 4216830 8.583082 NA NA
1033417 901718.3 846291.4 779159.6 744866.4 756899.2 711059.9 691484.7 665843 614707.7 589379.1 604464.1 593397.8 627845.8 601609.6 616364.8 639114.5 676871.6 636332.4 658444.4 672974.6 665507.7 657546.1 644082.5 711587 646802.2 673407.3 661509.5 783171.4 868833.6 817442.1 761904.5 718366.5 914433.5 987827.5 980315.4 898743.8 883368.1 994006.2 1211879 1489808 1678529 1356420 76671.39 94843.53 134980.2 74.36506 2019.623 NA NA
182546.5 140370.3 106629.2 96509.63 89077 77070.2 69908.81 58511.39 50535.21 43209.35 34782.83 36417.43 32285.97 33882.92 29468.5 27602.19 24790.92 27346.4 23913.08 23618.53 21410.27 26737.81 27816.22 30968.75 36041.87 41280.59 41982.21 53413.63 48594.56 64568.86 84269.07 90999.62 86246.41 119811.7 124596.9 111776.2 190595.5 245505.5 295758.2 325872 409691.4 644365.4 1060499 1649245 2647824 1372001 332052.9 301368.3 NA NA
183953 151417.8 130586.6 130402.8 117985.8 119509.8 121223.1 113216.1 107954.3 98775.09 98842.4 94487.22 88013.7 91722.71 84334.81 73991.97 71962.67 69843.79 67534.99 75810.88 69886.29 72762.82 93227.62 89174.36 87883.74 106849.4 95680.18 101680.2 93403.93 92048.2 74655.85 82967.33 91825.54 99933.08 129234 178164.1 208437.9 284229.8 471314.7 601270.2 798215.7 1150523 1340237 1514849 2409901 5375593 8709221 14832036 NA NA
96960.27 74083.37 59410 56263.24 50546.9 54255.17 54790 56020.5 56680.42 55358.14 58705.7 58837.16 56043.43 54090.82 52891.85 49023.41 41247.83 37970.13 31664.53 26977.27 30662.45 24525.41 26151.55 29931.79 34303.02 49141.04 46439.49 40375.27 36671.43 30958.75 24584.31 25867.28 20360.61 27948.69 31854.97 25699.99 15530.69 25017.59 14421.5 5372.733 672.7817 19.734 20.6807 0.6977866 0.7058906 0.03952942 1.074564e-28 NA NA NA
226234.9 179592.2 160708 132943.9 107475.1 84866.85 77935.25 68766.52 71708.78 59496.55 52537.18 44967.38 50847.39 48854.97 57708.06 52948.73 46900.84 43620.16 35251.57 31500.87 26629.02 25071.96 19772.93 26197.95 19804.6 16168.07 10492.55 4971.539 2132.765 1265.883 759.4761 738.4104 321.0705 19.73295 34.0876 7.938592 0.4312143 0.1822041 0.09282244 0.08710504 0.06189266 0.04082417 0.4593443 6.10344 44.11262 1811.792 1680.633 13.12626 NA NA
59329.75 31514.31 21944.83 15750.89 14155.37 10741.72 8586.143 7522.041 5430.792 5789.646 5767.004 6521.999 5118.672 4424.259 4958.26 4776.133 4120.527 3417.926 3775.964 3803.43 4189.215 3361.591 3352.319 2951.441 2154.16 1961.686 1519.627 1013.245 1357.723 973.8807 1065.018 886.7817 729.1947 446.1531 254.3071 207.6213 320.8128 136.0488 80.77707 18.82405 64.02958 11.40472 47.51855 101.4202 12.46939 2.911323e-05 1.810857e-55 NA NA NA
688663.4 470806.6 446894.3 382230.9 373322.9 334017.9 314052.9 331943.8 314856 329607.5 312655.7 327909.2 357693.7 369665.8 399688.1 389110.7 401652.8 422427.1 480445.4 473153.4 464920.6 448970.4 454099.5 436389.8 438596 445640.7 511766.4 627325.2 613204.6 600144.7 677346.3 646318.9 924725.9 907664.3 927543.1 1243167 1358282 1868738 2154892 2407450 3227054 3508992 4139964 5413918 5929793 7995161 4027412 NA NA NA
183833.7 157477.6 138495.8 136844 131283.1 119369.4 127181.8 121106.1 115989.8 108158.9 104505.2 104643.9 109964 100504.7 96709.77 90938.15 79378.56 71562.9 70502.65 63567.38 72599.61 79351.84 70243.32 65189.01 61529.66 56086.2 59948.38 61568.67 52957.58 47337.88 37251.11 37117.4 35472.11 25886.41 31607.29 30922.57 34008.23 25159.24 41290.67 35709.28 29298.04 9107.295 19078.19 13249.98 6939.05 12503.51 11740.78 4.731025e-14 NA NA
343119 226122.6 157560.1 127455.6 116999.3 99462.52 84351.3 70490.31 69038.41 60862.62 56444.13 52613.8 62065.48 55642.3 58808.93 58281.05 62324.68 67042.38 69127.77 62293.36 64121.34 60031.78 59784.42 72524.56 79638.92 85404.58 93452.78 117696.7 125981.5 140895.6 147373.3 169499.1 215179.3 230564.8 210338.7 223817.1 280697.2 373401.1 492123.1 740029.8 916460.9 1133229 1670201 1815997 1882937 978696.7 1216392 2.977146e-06 NA NA
55994.39 36694.43 27089.39 25826.81 19960.54 18456.91 14672.22 11548.31 8752.724 7378.928 5949.325 4826.131 4278.924 4055.084 4234.91 4836.344 3667.997 2862.141 3904.46 4511.214 5352.881 4305.584 3921.483 3299.575 2875.044 1826.836 1183.327 631.1934 344.8129 194.0908 74.62533 24.343 12.07333 4.031454 1.545334 1.098261 0.06715238 0.03756755 0.01927734 0.0001113052 7.799511e-06 3.491382e-09 3.140808e-09 4.675973e-10 8.595672e-11 7.983756e-14 4.765516e-18 NA NA NA
351270.5 311128.8 298358.4 265280.3 249091 262140.1 232851.1 222959.6 218212.4 221918.9 219767.4 201254 203521.3 201551.7 211726.7 221001.3 215913.6 236865.3 254377.6 273818.1 317907.5 321684.2 377950.4 413006.9 435239.6 450821.5 502626.5 523752.9 604440.7 694415.9 776022.3 873894.9 955323 975230.2 977646.8 1098794 1082046 1095773 1099366 1195644 1003754 1541106 115423.2 14596.15 12711.71 0.2369576 91.53747 NA NA NA
218542 145934.8 134397.9 134200.9 136967.7 136755.8 122025.2 108950.2 88685.83 76251.03 68710.54 63938.22 66448.99 60495.65 60217.97 55780.99 54526.32 50284.04 48945.93 41476.89 35388.8 33842.23 38707.75 31271.96 29995.29 32643.59 39838.07 38470.96 30146.59 34667.66 37263.37 33387.58 42790.01 35673.28 25247.27 27782.41 37933.41 38629.03 24642.44 22928.43 7002.027 1105.76 26.59034 0.06474538 8.650977e-05 0.0009574876 1.723773e-05 0.002900208 NA NA
213907.4 156044.1 136393.1 118573.1 90855.96 75435.66 61802.73 57223.96 50370.63 42086.76 37258.25 35427.48 40943.37 46116.9 41941.98 41296.16 38018.67 32894.42 28123.43 30363.69 25428.91 27407.8 29940.12 35803.46 36083.34 40129.08 44787.38 52706.05 59445.31 73059.67 86715.63 116454.4 128942.5 144191.3 140798.1 150422.9 259211.1 235601.6 236234.1 373482.2 518694.4 642728.7 914028.6 1153314 1704218 2664414 7502247 8.090956 NA NA
17198.57 15668.81 11129.57 9361.155 7122.083 5748.563 5597.596 3786.76 2950.461 2169.878 2029.692 1574.156 1698.724 1572.379 1356.126 998.2001 980.6301 1006.073 825.3318 610.9945 412.343 307.3312 339.3545 251.6673 132.9226 83.93959 59.68932 68.53838 63.34957 45.42824 42.38071 39.95571 51.12928 66.31432 70.76197 57.86681 65.91442 90.38854 109.8599 394.7579 934.7688 1925.012 4479.435 7777.21 17309.14 14641.44 3315.257 94.68945 NA NA
100996.8 77543.46 74329.57 63200.57 57402.57 56978.83 49886.04 42279.53 39671.21 35452.87 38396.85 40621.12 37185.24 32289.01 33079.95 29085.09 27206.1 23593.59 21005.71 23290.06 22293.46 21017.45 21247.18 22605.7 20836.43 25611.25 30693.09 34222.83 40749.44 53504.24 54120.29 72178.7 81131.52 70947.66 74151.73 67627.7 74188.12 66826.7 98189.6 80897.41 149293.3 141461.5 164445.4 171406.8 40876.7 57418.55 235651.2 1226355 NA NA
143393.8 140649.6 118417.5 100236.5 85561.17 71243.31 68985.28 66363.28 60363.27 62230.84 66800.35 71826.44 68648.29 68880.5 64379.87 84301.39 84967.5 79135.82 75726 80958.13 77844.02 68411.2 74205.3 86951.31 100598.9 102949.6 105743 112824.1 157305.6 153399.8 178515.7 188863.7 226118.8 275554.5 392396.8 399564.6 488838.6 530838.1 888837.5 889790.6 1248730 1821492 2031163 1565891 2754817 3322763 12475171 105231.8 NA NA
777175.3 791499 686817.6 635328.9 554088.3 523785.5 498986.1 520438.1 513587.9 487779.4 476331.1 500383.6 584982.8 565217.2 546218.5 575128.1 576779.3 595192.7 650572.1 660692.4 691477.7 748110.8 836743.8 916562.2 960774 978404 1139460 1173215 1220231 1379207 1462596 1636347 1958456 2308404 2819422 3177160 3359075 3692845 4499411 5252329 6001903 7152041 7469247 11765637 17016918 18366506 23470926 48657292 NA NA
595684.2 432470 404577.5 378768.8 375128.4 362782.7 346114.7 332842.6 312441.2 328201 300069.8 306163.1 303216.1 283771.3 280865.7 327132.4 375818.9 380788.5 389632.5 432578.2 476473.5 502613.5 479180 453823.2 456854.8 514376.5 581108.2 532829.1 533297.5 479202.2 436819.3 470554.4 324003.5 183437.5 239516.5 154576.7 106110.7 61452.43 54451.61 46224.69 58100.2 23668.93 42017.14 14194.52 36368.82 34677.03 74686.8 101.3992 NA NA
414844.1 251224.5 208021.8 185392.8 157273.5 166769.9 171932.9 151571.8 141827.4 125850.2 125691.6 117609.3 104937.4 106780.4 92094.13 95415.21 83278.88 87104.89 72373.44 73136.46 79332.91 82344.12 71554.57 73678.05 68343.87 79655.08 83285 90293.73 90547.01 108592.2 115141.2 141245.8 124947.2 164466.5 218002.8 210967.7 320675.9 292908.8 311217.1 306475.5 280341 139341.3 17639.45 11194.29 2.214779 0.1144815 1.000004e-05 0.002774094 NA NA
193891.5 148988.4 169881.1 157167.3 151462.6 147426.6 145122.6 142115.3 159758.3 146689.2 138627.6 136454.6 138421.9 148315.2 135093 142167.1 135565.1 136408.3 138735.5 139305.8 138541.4 140361.4 161146.2 168416.7 163917.4 173060.4 201697.6 203230.9 231448.4 308503.8 376275.2 388154.6 454307.1 506676.8 569516.6 705148.6 735699.6 878943.6 1047799 1338204 1772758 2201154 2572412 2759676 4517412 4670232 279726.5 764101.5 NA NA
197436.7 102392 77416.31 66232.32 50503.06 39768.34 31889.17 25354.45 22227.19 18500.53 19332.81 18312.57 22641.98 20357.77 19957.11 16440.97 14775.75 16528.73 18890.01 19354.49 18297.95 22036.52 23103.63 26244.42 26146.78 29418.01 31155.14 34710.69 38268.2 37605.04 37259.78 47949.27 51513.92 57280.72 18581.76 26256.43 33131.14 47439.91 88660.27 127253.1 142917.5 289384.9 572288.6 765966.1 710968.5 1818410 1279158 2290309 NA NA
273822.9 227983.8 200898.2 189982 175818.7 179774.6 170061.6 166093.6 157571 148305.9 143511.4 134774.8 128245.4 117716.5 109799.5 98703.87 90485.23 110652.2 101080 111231.8 99288.75 109111.8 112112.5 105037.2 111385.9 116815.3 136664.2 130209.6 120026.7 116761.5 105955.2 130061.7 162268.9 204666 224042.6 229686.9 239867.9 248194.6 256278.2 279183.5 302901.4 333569 451311.3 714024.2 1195501 4423076 9277161 45752659 NA NA
173731.7 125595.1 108821.5 117471.2 88727.18 67338.36 55494.13 49208.09 42588.01 31931.68 28999.76 21459.18 23850.7 18652.59 15048.25 14283.67 13323.91 16245.07 13624.28 9601.26 8783.198 10541.63 7381.212 7972.061 5977.483 5815.363 4989.143 5612.057 6518.898 7291.337 6225.588 6289.094 4856.776 6451.591 9336.369 8838.424 7170.006 12123.21 15962.73 21608.71 27296.73 54105.22 54154.33 94306.97 166084.8 381944.6 2171268 15391265 NA NA
332914.3 277759.5 238550.3 222140 199271.3 189866.8 191777.2 202132.4 215363.5 205077.5 189238.9 200996.8 188368.8 194626.3 197123.7 161764.6 148659.2 113124.2 99459.43 79411.83 81109.02 75648.64 60740.78 66524.66 67859.4 64438.34 61246.85 62884.65 50034.3 63356.72 44843.26 32241.66 35237.72 34451.64 20852.39 22681.28 9324.462 6703.491 7359.699 20321.74 23744.61 4358.507 46.3118 0.4000016 0.009498145 7.319309e-07 3.720843e-47 7.864667e-28 NA NA
135880.1 101983.2 74439.86 78502.77 67882.35 74299.6 78720.79 73420.49 74977.23 82381.33 84721.72 90163.74 86020.54 95694.53 93567.15 91151.44 87172.96 84298.29 89623.2 103601.1 98525.74 113207.1 108895.4 106715.5 92879.77 77310.49 73344.95 60994.12 51003.35 56208.86 48904.93 47972.53 38343.55 37575.74 32859.51 37846.97 50807.71 68449.5 75171.86 73388.03 67709.73 56454.35 178240.2 326459.1 527466.1 1902622 1762610 32145.07 NA NA
264641.5 283069.8 289602.4 284920.5 256000.7 237577.7 234880.9 236968 247422.9 248236.5 250979.3 247860.7 235444.5 248827 236752.9 236904.2 220397.6 233201 249204.5 260156.7 278873.3 284805.8 312075 357775.3 343919.3 341144.7 330472.1 338102 314851 319744.5 302932.6 381177.4 456518.9 557841.8 605367 611129.2 726437.7 1144787 1165995 1602791 1446764 1282773 1147390 1879167 4507679 6301100 7289682 8970828 NA NA
489253.7 399202.1 344520.5 321572.5 304579.1 274564.9 249000.3 258619.4 270125.2 242808 250719.9 236391.6 232570.1 218011.2 222689 240700.9 252463.1 267525.9 276537.4 278879.4 277497.3 316051.9 336540.4 383585 436051.9 486610.4 411624.3 449993.7 473503.6 479103 478257.8 463156.7 443172.4 445029.6 539824.4 594296.5 713912.1 821866.7 758929.7 738868.5 859688.1 1079763 1592944 648272.3 994118.8 1376973 3607713 4521822 NA NA
657137.3 511664.4 535428 465379.8 464619.3 429197.2 427386.7 419766.2 403247.9 396798.3 374527 367683.3 371189.2 393061.1 418216.7 420357.2 400461.8 382683.8 423313.4 435548.2 418947.2 407563.7 467912.5 495162.5 521585.9 530676.4 604550.1 746878.2 759634.1 778802.7 977513.4 1137943 1255177 1400979 1923370 2333348 2631440 2914427 4116602 5015580 6730710 8388603 11498598 15438424 19535438 28993133 37018490 52062675 NA NA
183952 114878.7 99656.76 87873.82 70903.16 72537.96 73063.16 66493.8 62244.32 59929.92 57891.72 57582.39 52770.51 45743.78 42271.98 47237.8 41235.89 34375.32 34352.37 30889.53 35985.93 40264.11 37006.64 44612.24 41792.02 46107.92 54580.64 57098.75 58354.35 63528.56 74414.31 79324.28 89486.73 67760.48 63763.84 52628.73 36248.44 11000.69 10843.38 6097.567 594.9621 508.0608 1989.542 1667.194 3717.144 1971.248 2577.236 NA NA NA
562460.3 433522.4 407732 357441.1 303453.7 268234.9 251798.8 229606.5 214244.6 213139.4 216995 181879.7 142240.9 133184.6 120640.3 107909.9 92079.36 76382.97 64445.37 50468.06 49915.59 54310.79 51045.59 46482.79 46144.38 41868.42 27752.22 18805.87 14818.29 17631.56 17185.74 20097.5 13339.18 7708.434 4544.79 2270.63 2908.804 2348.423 858.969 169.0786 112.4994 416.0419 170.6227 29.20551 42.48761 0.6848168 37.05628 2.261536e-13 NA NA
566058.5 380541.4 309559.3 264249.1 239704.8 237235.8 213152.1 199059.1 197581.9 176827.2 158542.3 130134.2 125749.9 122174.3 113073.6 106399.4 111088.4 104728.8 96200.05 98059.99 83916.24 88025.57 76453.51 81935.29 68290.92 73523.26 80396.01 63844.37 57083.75 52209.72 56377.26 65907.43 62689.25 56878.38 81759.31 129474.2 107364.9 119219.8 148690.3 116402.1 82530.04 114030.7 86217.76 88846.55 23624.77 4912.819 51090.28 442.2641 NA NA
332141 244503.5 190050.6 179803.5 146544.4 121572.3 103456.9 94244.4 84034.77 81732.89 86083.93 73918.89 68558.4 58846.46 51958.13 48759.45 45425.17 50089.68 49082.84 44264.13 40213.39 36412.43 33592.19 27940 19122.73 14289.96 14315.01 20207.77 24528.48 22191.36 21598.12 14349.61 19511.01 30247.31 30178.3 39909.58 60002.59 64652.04 83538.75 67848.66 147851.9 254087.2 553783.4 815332.6 815579.4 84277.11 3358.622 33146.4 NA NA
424063.9 300369.2 251588.5 209450.5 205999 206455.4 195751.2 214004 217004 200180.7 196563.1 174601.8 153338 137506.7 148622.1 174353.5 163505.7 163184.8 156832 149308.4 159479.5 150096.8 136039.5 142772.2 140166.9 122887.1 117745.6 138836 156052.7 148625.4 139329 163928.2 192523.7 207912.3 223553.1 230675 238825.8 240729.6 270916 249087.1 375078.2 343708.5 485476.5 1172834 1128412 1833006 915366.5 9059264 NA NA
209481.3 188544.9 143222.5 113833.1 111828.9 87665.57 78864.72 62890.58 56787.93 51292.44 44464.33 45605.69 48899.11 45017.74 41304.37 40038.43 37232.74 39242.81 37004.15 40622.02 44436.14 43259.88 40656.63 40749.57 38764.72 46167.05 55615.09 54399.26 55767.3 61886.97 85048.84 54372.28 42079.39 41457.61 39821.44 34402.97 52063.86 53848.1 71557 68077.99 101519.8 44684.27 18415.14 3558.65 3532.058 24920.17 62284.55 140785.2 NA NA
248695.2 210455.3 187271.4 169249.8 151002.4 137309.4 133860.3 123573.6 122331.4 123854.4 125931 120197 122263.5 123555.1 129559 135060.5 134298.5 139267 139964.7 157976.3 154965.8 178643.5 191516.8 186410.6 193735.6 213962.4 239668.8 302923.7 365724.5 388098.7 402629.8 398621.6 535535.9 612484.9 817439.5 1049389 1567382 1777660 2291743 2654799 3154816 3988780 4993627 5584652 10856243 18864944 18726180 1.366287e-07 NA NA
331682 228762.2 205974.7 167341.4 141448.9 124638.5 107004.4 85395.73 70574.06 55709.76 43970.09 44103.63 40945.42 32657.67 31152.79 39119.12 41374.33 34413.83 36078.27 36380.74 36053.24 33931.15 27941.85 27465.52 21920.83 22493.88 22172.46 25983.21 34852.25 33816.34 39167.67 39391.36 31082.64 34149.81 52021.13 56685.2 51954.85 76603.16 100131.7 153680.2 231287.5 280603 317303.1 750430.2 584336.2 2001088 3332160 7736576 NA NA
408885.4 260538.3 229457.5 213752.8 185599.4 158842.5 135718.8 122346.5 112908.2 101487.8 93426.15 87559.13 86367.39 83707.17 84174.66 92441.41 87134.33 91624.88 93001.78 90483.39 84817.7 99955.07 104900.2 100321.1 112216.7 134468.6 164303.4 165014.5 167853.4 143397.6 133651.4 153377.1 163180.4 189864.1 302954 329455.6 354112.5 278371.9 161236.5 152662.1 269395.1 158102.6 130066.7 53320.84 23176.18 2857.19 564.2988 NA NA NA
35659.83 28026.18 20638.73 15049.03 12164.22 9237.696 8163.12 5090.009 3812.106 3857.176 2663.609 2552.655 1922.022 1478.213 1438.64 1148.077 1126.161 1195.104 1011.966 1027.763 942.831 1135.701 1193.411 1229.723 1208.508 1408.814 1124.52 988.2797 810.2178 686.0544 1029.844 1262.188 1311.253 1962.63 2351.972 1726.28 1767.031 1037.091 812.4515 866.9932 1785.892 791.6079 703.8156 133.3404 509.0051 30.8069 0.08798995 0.6317869 NA NA
98265.58 45596.13 39603.4 37651.04 30673.25 29503.77 29440.09 24438.74 23550.46 20073.32 21092.4 23686.59 23630.18 22790.42 18200.93 19121.36 17122.98 16763.8 15789.94 15773.96 18092.75 18108.11 18925.47 15156.29 11323.28 10107.76 7675.173 10202.61 9418.437 6794.419 6511.012 7664.15 7468.259 5067.939 2765.482 926.5994 75.10768 8.783548 0.1108423 0.002411913 2.701921e-05 1.974733e-09 1.576852e-12 2.164536e-21 3.94339e-42 2.074706e-69 7.668536e-72 5.749055e-47 NA NA
466199.7 385793 293149.5 244446.9 168886.1 117987 124244.8 116975.8 105170 92172.87 80998.36 79905.36 69314.73 59293.7 47989.17 46172.91 43691.93 38759.61 44133.21 42613.47 32883.21 32732.9 31753.64 28536.16 27738.92 24002.83 20203.26 14218.95 12950.34 13663.05 13382.34 14222.3 17989.83 23451.01 39042.64 40009.94 43511.46 69384.84 141080.6 152439.7 269227.6 304293.6 431676.6 608228.3 860458.9 1932016 3719656 5432396 NA NA
130732 87314.96 80547.84 67705.89 54121.37 48869.65 52131.26 45719.89 43770.16 34478.94 42656.05 39518.69 49693.47 55427.5 59716.9 61659.93 58907.26 58613.05 50864.72 46221.45 42003.17 41356.38 37107.52 40704.55 37792.51 30697.33 34750.97 33459.41 35953.41 42884.58 39712.86 40184.31 34428.92 59640.32 64295.02 81365.21 88156.87 94781.55 137904.4 207401.2 199018.9 136370.3 107108.7 249607.1 447077.1 1241269 1894964 11374406 NA NA
290230.4 186050.8 159716.9 151857.2 127179.5 103615.2 86802.87 83086.33 74374.15 69664.53 61492.05 66151.24 69161.14 76092.17 94635.42 92116.74 90502.14 98255.61 113770 114246 108577.7 101236.3 109898.6 119580 112739 139728.9 151071.1 146894.1 179009 181988.5 211002.1 226891.7 273970 193441.3 205023.8 277499.5 328517.4 419756.4 635974.2 768965.9 1125245 1475396 1908377 2075844 1890066 4224308 792196.4 465770.1 NA NA
147434.2 107159.9 98378.63 85752.62 74899.5 60264.37 54722.93 44446.55 30190.59 22608.27 18486.63 14076.91 12302.83 10151.05 6306.031 4935.273 3100.912 2467.69 2727.072 2480.573 2092.843 1991.83 1430.035 1261.862 954.2948 508.4834 519.9456 434.6237 659.6509 472.5218 252.2907 292.3752 164.4108 60.45306 18.19716 11.404 36.93388 31.94655 41.25714 38.83279 31.41957 66.09127 101.298 12.31893 125.9654 315.7224 6886.321 175167.5 NA NA
138743.4 113665.1 97824.25 73097.35 59830.98 46503.29 41951.37 35939.99 36319.98 29437.73 21103.69 16513.89 16770.83 14264.96 15134.67 14539.55 13106.85 13924.04 15596.71 13596.01 15425.61 13630.69 12310.97 11119.48 7294.772 5345.763 5741.798 5808.021 1072.494 440.6165 171.6814 196.6023 318.7623 396.5463 729.5332 1461.335 1929.477 4266.014 3674.663 4050.292 3825.729 2978.379 1986.774 10910.73 30329.37 107098 188756.9 16591.52 NA NA
264300.3 135225.3 86777.92 68252.04 46011.04 29584.39 24611.61 25389.34 26309.99 24686.47 26994.88 25510.19 24837.99 25628.9 26809.41 26519.62 25318.36 25586.76 24991.82 28737.15 29627.24 33457.56 40308.37 39559.5 40975.76 38546.3 46857.83 46400 51567.04 62229.88 61166.92 76785.25 95640.33 104801.9 131171.9 159973.7 261164.7 368328 596605.4 774456.1 1243390 1846119 3134018 6499452 8466936 29218472 45912091 119618308 NA NA
74828.41 39520.99 32771.38 26965.33 25076.96 17085.38 12382.03 14370.66 10401.72 8226.485 6498.165 7042.989 6757.388 7775.55 8746.837 10912.7 10476.06 11455.71 14743.69 14848.98 16606.06 17221.33 18423.42 17666.16 19671.67 19108.47 25043.96 29754.18 30543.1 32490.48 38768.02 53171.23 53559.5 50931.16 80073.25 108364.4 170274.3 247900.2 294123.4 394264.2 631936.9 866423.5 1520371 2023396 2642497 5323048 5769827 13823.45 NA NA
1338623 972592.7 873959.7 806524.8 748600.6 716542.6 689335.5 675035.6 658837.8 700634.4 685752.4 657082.2 709453.1 733008.4 739353.7 741451.5 840496.1 844676.6 827542.2 846408.1 862868.6 864482.1 956096.1 949135.4 917463.5 941656.8 1099831 1155501 1325566 1557632 1785341 1773480 2019207 2046555 1951948 2380153 2598188 3261636 4063190 4579313 4269041 4773730 6478862 8660536 10664631 12945093 830825 112936.5 NA NA
232565.7 160535.5 102045.7 78170.77 53930.97 37424.37 28862 20328.24 13114.58 8141.155 4491.721 2710.712 2361.047 1856.768 1521.613 1316.197 1502.636 1024.704 783.079 760.9859 579.8806 233.75 222.34 174.7909 122.4613 77.73743 47.38246 38.14919 32.60851 34.41169 16.15714 15.60623 4.383715 3.412604 2.077732 5.42234 1.782548 0.2710658 0.01303053 0.000190501 5.018736e-07 3.24063e-09 8.321661e-11 1.099203e-09 2.697082e-08 4.515091e-07 1.711011e-12 2.26052e-11 NA NA
136540.8 101603.5 79526.23 71787.19 62788.13 47490.26 48347.97 44994.56 40212.53 39380.35 37898.69 36541.6 32060.07 29661.78 24042.81 18796.12 15856.62 14637.78 13376.06 12440.25 10980.37 9287.197 8328.285 8944.826 8616.215 9189.245 9784.903 12242.24 9906.056 13264.79 13946.23 11913.47 13059.97 13956.14 17844.41 18100.14 28235.02 40275.79 52019.55 13516.52 17560.72 16962.3 7830.452 6077.795 1658.253 330.5966 43.8928 55154.23 NA NA
623608.7 594024 549011 521118.6 477504.1 462101.6 474024.9 459890 437001 513235.5 490072.5 523655.3 499408 542128.5 524608 515765.2 502937.1 536712.6 586680 596210.2 622373.7 633393.1 769545 852720.5 950182.4 1048632 1116402 1249938 1446115 1519717 1589120 1738046 1860095 2100846 2108944 2357542 2562859 3122943 3907254 4798368 5990067 7636697 10862227 14532584 18284039 24498602 9624766 15148693 NA NA
282077.8 232587.3 199699.6 202926 221941.8 232459.4 222320.6 222146.4 222373.5 209760.1 219626 200553.1 175789.2 182790.7 171720.8 169799.3 154245.2 139037.8 124546.7 109805.3 93075.73 83424.98 79836.87 82924.5 83174.65 80450.79 93507.33 106688.2 113903.4 136310 164009.1 174678.8 201319.1 163536.7 128434.1 194798.4 150215.9 207559.3 186679.1 75180.61 40906.36 22309.03 28455.15 10926.04 16639.73 77607.21 445714.9 137643.2 NA NA
170733.5 119243.3 104616.1 97039.97 95082.44 79910.77 73771.77 79414.03 84288.33 74775.78 71192.41 63312.45 61284.78 70525.77 55910.99 58035.28 59845.13 51991.42 45318.68 43658.67 38238.18 30922.14 35465.59 38957.73 45114.46 42804.04 39796.59 35268.69 37102.21 34813.9 39317.67 41094.1 68154.61 78376.19 59399.41 51459.49 90978.84 136179.5 174966.6 156299.7 168120.5 285428.6 302414.9 418443.9 378448.6 325.6991 6.696281e-12 1.922469e-54 NA NA
199640.4 227422 207587.2 192698.5 171862.9 162311.3 155758.2 145393.1 137173.1 134062.1 147105.4 141459.9 142648.2 134808.2 132618.4 126630.4 143733.7 141097.4 146730.5 159495.5 149824.3 144682.1 146877.1 158831.7 193861.8 188362.5 238387.3 279384.1 287222.7 341274.6 433698.2 486372.3 509837.2 584851.4 643204.8 656628.5 633873.7 582805.8 880135.7 1366598 1524505 1440010 2335134 1762840 3619727 4895998 4253247 2274063 NA NA
397023.9 351178 302818.2 258399.7 260135.3 265721.3 242577.8 225441.3 231859.2 208288.9 186331.2 185355.8 190005.9 159852.3 170585.9 145084.8 132189.9 146270.7 154612 148775.1 150313.9 146922.9 146988.8 140839.2 155048.8 161203.2 193538.1 218587.3 218380.3 209117.8 205709 247966.2 246497.2 298276.5 397842 400911.4 239101.5 359026.2 440767.1 473937.8 625418.2 592645.8 739677.1 762606.5 1606664 650598.5 25920.19 NA NA NA
203991 119702.6 103530.9 84457.92 88960.88 78137.85 79985.8 69363.78 60636.71 60522.55 54230.9 53885.34 49526.42 48935.06 40111.99 37304.59 33042.43 31468.81 26209.1 25353.82 26485.86 24502.41 22187.88 32622.63 31351.96 29066.97 26227.59 27313.12 37489.16 35081.88 29099.63 27289.04 23072.31 21589.41 22126.57 13642.52 13826.42 7038.029 6309.521 5591.016 8473.866 16532.5 22236.9 5056.693 12713.83 14332.92 161860.5 646096.1 NA NA
1063732 1064201 1076504 1062310 1037009 1047514 1032456 1049826 1052442 1067767 1065373 1107737 1096327 1171119 1202967 1243724 1300816 1305291 1358176 1488005 1501214 1532422 1686011 1844741 1913432 1951745 2160942 2492686 2877012 3133658 3570005 4181193 4685954 5036832 5317618 5872077 6006190 6606206 7089814 8845829 11922239 16169921 19783176 26289399 33397882 47717853 58676731 146800612 NA NA
489758.4 403783.1 366666.5 316739.6 272877.6 240970.1 215368.5 203407.7 173200.8 150543.2 140123.9 124674.5 104120.5 99771.67 90831.45 90246.32 78731.29 82699.43 95794.88 95544.84 101685.4 129073.8 132372.7 146935.3 138556.9 136549.4 152290.8 169834.4 200585 226720.3 234044 304885.7 299621 298581.9 293558.1 437078.6 545379.5 599355.1 576528.9 743150.2 857762.7 1544539 2203865 3477576 1240015 2291824 6089388 5787352 NA NA
267650.1 161220.5 129848.3 103085.7 99369.39 103767.5 105656.7 93314.08 80137.4 84500 72821.82 67210.41 60154.81 64964.52 62338.08 63253.72 62513.08 63303.55 60028.32 53875.34 59685.84 55559.25 51825.43 54316.65 47030.08 41329.79 44282.08 44305.69 47606.04 41318.81 31815.74 21477.81 34705.06 37004.61 25827.68 25290.73 21126.46 11047.56 11538.39 15605.07 22014.35 34239.46 29982.66 100344.6 32984.46 7386.425 33.82761 NA NA NA
398313.5 290299.5 243992 206280.8 196208.5 171183.6 165470.5 147405.1 121535.7 102307.7 91423.11 88171.94 82359.24 69523.18 54253.45 51858.98 45147.17 36765.09 26857.47 19826.63 17432.67 18210.28 16044.35 18951.49 20817.6 19809.17 17726.47 15822.69 14632.09 12044.02 9444.353 10876.09 8232.781 7688.775 5346.971 3391.732 3398.106 1271.187 56.36018 86.65449 231.5488 200.8641 25.0747 71.47626 70.59254 0.05000176 0.8037317 0.04203311 NA NA
67804.8 44506.48 36672.37 30040.51 25062.4 21985.91 18910.97 18828.35 16766.61 14276.2 12293.49 9991.127 10204.56 8288.053 9068.906 7892.939 7244.415 7772.859 8819.178 8400.524 8141.06 8633.094 7524.38 7831.482 7350.983 6155.878 5222.848 4949.111 7108.638 5409.069 4760.523 3646.83 3063.66 2636.523 4579.057 3297.644 1542.038 481.3 259.3166 146.0064 7.756836 16.77251 17.5581 11.16452 7.791498 6.806651e-08 1.667906e-51 NA NA NA
916857.7 840517.8 772781.9 709457.9 653652.2 625454.1 608717.4 624035 618465.6 594819.8 590364.9 623465.4 633469.6 711689.7 700531.3 725569.6 841411.5 967558.5 1065074 1066931 1071751 1122793 1211258 1365605 1498286 1752539 2007577 2184596 2356209 2645964 3049168 3232244 3794842 4224509 4899898 5173590 5732635 6889987 7832903 8992854 10855931 16733763 20050224 25154499 30548904 32154429 11472697 1469262 NA NA
507155.1 337025.1 294828.6 264350.7 224564.3 209044.6 189683.7 181603.9 154370.5 142357.4 113394.7 90710.19 103833 91859.98 93411.83 95722.02 83774.6 94095.79 99923.81 120781.1 133979.7 136173.1 132782.4 144913.1 161900.7 159869 146330.9 128778.5 121391.3 117784.2 128526.5 129908.8 121653.5 142154.4 159634.3 121002.6 73840.34 80129.72 72679.83 50746.56 48807.53 25654.8 57595.15 2638.34 2260.262 13150.09 41621.66 3417.115 NA NA
769616.5 588069.9 521663.8 515420.9 483653.4 431748.4 374754.1 344203.5 333076.7 314721.4 296386.7 260478.3 258861.9 298427.2 295626.9 299249.1 318281.8 357466.3 379390.8 398616.8 448425.2 529042 535612.7 558964 631434.5 722477.8 748192.5 867037 968350.5 1131349 1278632 1379006 1370583 1636509 1896570 1940773 2052340 2611774 760541.4 1105393 1870095 2467953 3277948 4080510 5767100 10080820 16177358 18547323 NA NA
580537.6 432115.3 410049.5 432566.3 401046.4 406158.5 388966.1 382018 358926.5 364627.2 356779.1 363890.7 363481.6 381539.1 365420.3 390878.5 393067.9 380791.4 381643.5 376259.3 368321.7 384708.4 394561.5 396853 444821.5 502666.4 558588.2 730249.6 795846.8 852214.5 1019864 1139427 1234268 1399453 1824043 2381933 3069898 3667791 4728612 6091831 7896153 9329420 11889635 15422093 18496570 2257601 25.38164 57711.8 NA NA
455741.8 328762.9 261322.3 239191.8 260299.3 240730.5 221378.2 201554.7 185996.8 188726 167663.1 144862.7 123704 132382.1 106148.5 96086.86 93264.06 76726.15 77802.24 68405.71 63723.41 59011.59 54425.27 45088.23 46057.35 54484.19 47660.96 53635.58 56677.07 59215.74 65596.47 76987.44 68072.75 66865.83 38672.99 25755.18 15501.69 11727.93 2178.479 6605.371 198.4276 563.2266 55.28881 1.838827 14.05571 0.4470298 7.610608e-05 1.398808e-08 NA NA
211926.3 127629.3 88396.28 82391.75 66042.58 54912.13 53902.35 51101.65 53614.75 54236.51 57693.73 56515.19 51701.34 45923.14 43171.86 37118.09 33180.39 26884.81 21885.65 19302.04 22807.13 18971.84 17996.95 21559.47 18912.52 21134.94 20106.11 19790.81 20473.75 17338.73 13937.93 12298.43 9311.881 9227.927 15511.08 11578.06 10533.8 6587.535 7852.324 7808.677 3793.094 11650.21 23677.64 56191.49 0.165151 0.2495763 2.035823 0.1057951 NA NA
345757.1 294027.5 276980.6 235721.5 214897 211188.5 202442.4 188516 172315.9 156948.8 155663.3 157447.9 152930.8 162231.3 155845.6 173785.4 159210.2 158630.2 161494.9 188766.8 175342.1 197242.3 203395.8 194815.1 172462.2 183534.1 147992 175468.6 141793.3 118854.2 141233.1 130762.1 143250.3 116343.5 129611.2 170688.1 220030.1 282386 274415.7 255727.4 294310.4 244742.3 372337.1 174449 170748.7 221465.3 60614.58 17720.58 NA NA
101161.2 85678.62 64429.3 52607.47 57059.57 56131.77 44634.01 32015.82 30506.54 23424.1 22971.94 16747.62 12614.53 13707.09 9202.205 8863.722 7529.996 7611.83 8027.965 7918.511 6550.314 5265.945 4761.083 5149.99 4510.673 2909.343 2701.093 1999.702 2303.874 2693.413 3664.392 4580.129 4058.881 3816.079 4326.178 5491.012 5337.673 5828.656 9836.393 5624.345 907.1149 18.77899 5.877065 2.827675 1.390332e-07 3.961335e-06 1.723908e-05 4.203871e-08 NA NA
72131.19 39202.36 28616.21 25330.26 23668.93 22419.25 18153.57 15506.96 14850.57 14224.59 12900.25 11054.42 9150.894 7981.06 6740.791 5896.056 6609.225 6445.22 6537.6 6996.832 8520.502 8563.13 9216.471 9591.117 10105.71 9747.343 8295.347 9407.293 8463.839 7699.082 6395.943 5791.531 6817.948 7042.433 8518.178 4443.614 3267.012 6058.031 5859.722 2934.07 2332.625 1603.211 1271.953 1461.82 971.1796 3284.614 1450.361 1049.785 NA NA
260179.2 208373.4 160941.6 115685.3 102894.3 87402.55 88659.81 85425.03 84756.42 76409.81 65324.79 67205.84 60238.57 61710.3 52388.19 51819.57 48124.76 38291.31 34167.67 30008.84 28367.22 19699.41 15755.96 18394.62 12514.39 14397.13 10463.9 8376.833 5659.981 4556.327 4191.532 1593.157 2105.4 839.3171 248.6558 44.95211 43.1406 5.241384 10.0003 5.626005 1.599063 0.006005326 5.662434e-08 6.010138e-06 2.040148e-17 NA NA NA NA NA
107728.1 63505.28 45735.28 33692.6 35747.43 27598.01 25366.54 22126.35 20552.44 16689.02 13629.62 11933.65 12236.65 9670.28 7010.146 6499.252 6434.174 7595.619 9070.83 8282.577 10645.96 13738.48 11414.3 12191 13791.61 10453.83 7968.771 5587.28 3333.317 2774.966 2118.372 1203.952 1616.46 2573.148 1333.137 903.6213 620.2583 178.1767 41.16004 96.77832 111.1936 2.833597 1.119549 0.008026997 3.158712e-14 4.249951e-12 9.223898e-11 3.008013e-10 NA NA
738553.6 448997 375230.4 323010.4 289149.6 279966.5 292866.8 291922.1 272326.6 277858.2 266514 257562.6 249745 278890.9 275272.9 280806.4 281387.5 280101.9 268674 261566.7 267637.2 255312.2 232105.1 213135 185843.1 235870.1 239525.1 202132.8 200538.3 152440.8 174448.8 185069.1 223103.7 294907 415705.2 534552.8 689076.6 709919 774221.9 789732.7 931850.6 1576931 1753245 2160455 1891557 1122989 54631.86 739541.5 NA NA
185034.2 101922.3 75641.4 66894.17 53728.37 37568.29 30123.04 20248.11 17789.82 16542.26 14140.06 10755.38 8098.95 10143.17 7999.551 6599.174 8508.854 8570.173 10799.33 10752.27 9735.223 8055.647 9202.376 7528.465 9513.98 10295.79 10564.44 15915.2 23178.96 25111.03 28175.18 31110.08 35135.16 46388.69 64831.03 65680.03 72513.65 97346.74 112369.9 103673.4 50261.28 117611.3 126790.9 117849.5 67556.48 1.01638 2.826674e-09 0.0003845315 NA NA
183235.8 109405.8 83100.25 70185.43 69139.72 79041 68940.49 66503.4 53526.07 44977.63 33817.4 25420.93 19413.3 19312.98 15084.8 12747.25 8871.444 6229.89 6656.341 4581.992 4163.543 3032.9 3050.891 2731.092 2981.287 3485.73 2976.592 2488.188 1335.135 1406.666 678.8863 548.2541 435.7915 267.4871 225.3759 189.5494 216.2463 367.5367 595.5654 735.8964 964.543 1209.5 4699.494 1673.286 42.22802 58.81431 35.86287 3.689181e-18 NA NA
347909.8 264932.5 255272.9 222936.4 228457.2 224614 226310.1 224054.6 210834.9 194262.2 184810.9 176007.8 189996.3 173979.4 160225 145142.2 163863.8 157430.9 170392.1 163165.9 154920.8 158827.6 163027.4 197972.1 215712.5 231193.9 239477.5 269587 267250.3 269092.3 270254.2 250618.8 250326.8 242221.3 257809.8 235542.8 279952.9 337378 405379.2 508966 535762.2 444782 286038.9 191417.4 17086.93 4673.713 7.45063e-07 3.343556e-08 NA NA
188127.1 115782.4 97110.83 76156.51 59949 62118.31 49238.76 41310.08 37409.24 28793.99 25599.66 30338.82 24308.46 19020.24 14371.49 10950.62 9762.277 9488 8673.598 10304.08 9753.396 7329.59 5995.363 6304.637 6892.204 8847.805 11606.15 12505.41 14816.7 15695.5 17071.45 21542.95 28368.82 24910.02 25312.63 22468.22 13518.42 21708.4 21181.58 10485.89 13082.63 5874.359 9211.539 3546.083 1116.395 213.0324 161.889 38072.68 NA NA
83989.13 32907.33 25023.43 21616.09 15573.09 11414.57 9169.602 7729.429 5868.749 6722.784 5883.822 4771.534 4109.141 2765.24 2369.891 1642.83 1073.579 611.1764 407.0703 615.3181 488.9829 465.6679 455.2575 377.1081 210.6212 234.3088 199.2472 299.4669 240.7966 251.1197 191.7809 329.2678 394.4675 262.0834 337.2576 249.6434 277.4019 192.5762 184.5974 148.0755 176.2958 106.1158 123.7101 19.69508 0.6201665 0.1319687 3.627743e-09 7.16129e-20 NA NA
791986.3 648068.7 567482.5 566249.5 528603.2 544823 559644.5 568722.2 581057.6 593575.8 617813.2 602438.4 626036.7 646802.7 647630.7 676606.5 655284.5 665478.2 663515.4 732543.3 810016.2 865351.1 814327.8 870737.3 858030.3 798292.7 786099.9 824032.3 795067.3 757687.1 785628.7 833551.2 934104 1017439 849462.6 878461.5 647704.7 545383.3 845078.8 639724.1 1116748 1725473 1976498 3562292 4652057 5165237 13601639 62569222 NA NA
278506.1 218088.4 186836.5 160450.8 130777.2 111708.8 103305.3 86523.98 73717.72 62015.21 57322.82 51510.78 45113.08 52881.27 51404.79 53039.54 53959.1 58824.42 63213 67201.16 62083.66 60051.86 67447.17 83945.63 81172.25 93858.28 122300.2 152513.2 188159.4 189207 247866.2 251355.3 302805.2 289244.7 250902.8 198171.5 161783.1 148510.2 106834.2 94849.98 77603.04 73838.22 44646.36 21587.85 152.3786 21.26999 583.8771 8114.358 NA NA
509116.2 377057.3 309882 279948.9 243879.6 206176 193263.5 180173.1 188657.5 170246.1 179610.8 192160.7 168336 145589.9 156440.4 138477 135586.5 154930 155022.8 141561.3 123105.2 146385.1 134116.7 145915.9 138947.2 162922.6 182660.1 165393.7 133842.2 129693.6 115280 131313.9 124611.2 110910.1 107129.3 113659.2 167952.4 202107.8 282115.2 366311.9 332607.5 311604.4 210903.6 98057.49 99249.03 30262.16 19326.45 6.027345 NA NA
501083.4 422512.1 356072.1 293027.4 262170.4 227426.2 189812.8 176040.4 151486.7 121091.6 111437.4 91788.4 79361.4 64797.04 72593.16 70982.24 71804.5 63454.41 58853.92 43259.74 37576.94 34482.1 43400.17 38666.18 36267.56 41827.53 44933.58 59302.7 53614.43 58166.09 57046.98 73997.34 81940.09 106803.5 146338.9 172520.4 193802.2 231400.3 304762.9 342749.8 523254.9 499922.1 737039.8 1058171 2138437 5487650 14755713 29230666 NA NA
351772.4 286943.8 292449 288488.8 292294.8 287882.7 280389.2 285233.3 267146.7 266280.8 276072.1 266831.7 287290.1 287513.8 294425.4 287529.5 287604.1 293598.4 316979.4 303526.5 299057.3 343740.8 350223.8 367772 384082.4 404817.9 416359.6 472105.1 347738 511013.5 547637.7 592650.7 776892.2 906827.1 1060800 1482264 1806614 2258246 2784377 3568278 4183313 5511613 6728331 8988135 9360534 11946606 13804948 17893512 NA NA
857623.3 848047.2 822774.8 796141.7 859196.7 876916 847485.1 829227.4 797868.7 839145.4 910811 906046.7 905377.5 923046.6 972295.2 969558.3 980158.8 979502 975829.1 1097598 1185910 1332783 1384219 1557364 1774743 1851363 2081397 2156292 2270217 2396789 2498637 2766546 2905854 3120977 3608796 4119999 4686840 5085351 5935958 7368012 8674895 8965291 11662969 16012828 21398935 1.510614e-08 9.747804e-39 2.49385e-24 NA NA
234263.7 147357.2 142245.8 140840 122034.4 127957.1 119046.5 114749.3 105790.6 96136.1 105922.3 98418.14 120837 109333.8 111114.5 101464.3 107968.9 102483.7 89725.06 80607.55 79443.37 65845.41 68138 65787.47 48988.87 64943.84 57435.89 61560.76 69291.99 66738.9 74323.56 74286.01 70430.27 52989.28 71011.2 40433.17 29515.46 34891.82 34813.99 29666.47 20324.64 23167.19 24212.41 17567.08 72829.33 58974.89 172414.3 7345322 NA NA
218185.5 151593.8 110414.3 98211.05 87179.02 90402.85 86860.32 79788.56 81209.88 77524.3 69228.42 73014.84 64764.22 62207.56 61188.53 65198.26 64467.26 69927.43 75803.04 78638.03 82350.28 72204.49 63997.39 61738.71 59728.61 67155.28 59320.83 55346.32 50160.85 47597.24 23685.26 33668.44 26285.12 28770.97 23286.46 41692.02 30329.65 34589.61 9560.386 5062.015 2219.786 2374.306 641.7138 0.08922665 5.406368e-07 0.00244707 3.488796 0.3533388 NA NA
268423.8 238126.3 191788.6 185767.3 165774.3 159356.3 148277.8 138302.9 152241.4 144788.8 152993.5 142578.1 144660.3 139302.7 135081.2 136201.5 156515.5 150999.1 146149.1 151741.9 140463.1 130594.7 117965.9 108562.8 112145.6 119335.6 120061.4 101971.5 92086.49 72898.15 65514.57 57081.12 56615.35 56386.93 80269.92 89359.6 153480.8 187091.2 229219.2 311746.6 442973.4 536645.7 913142 1552347 2072143 1587087 2854426 4765591 NA NA
433256.4 250514.6 197194.6 205107.3 189976.7 199989.9 184710.3 187853.7 187482.4 180787.3 175143.7 168191.1 174507.4 180359.3 184152.4 181186.4 207167.6 245793.6 242861.1 262827.4 254376 255041 248177.9 261060.9 259493 297167.6 291220.8 337290.9 314525.4 297005.7 336274.7 358606.2 314312.7 397582.8 429400.4 549493.3 539620.4 520152.4 494517.7 558397.8 477053 946272.4 1163202 960666.9 820993 410687 255.0766 NA NA NA
157424 105307.7 86481.1 77534.97 66870.31 70973.78 67682.88 57348.31 48264.7 42698.63 37519.21 35226.81 30487.74 29341.68 33980.56 31798.14 26577.33 23281.09 21313.69 19346.55 21641.13 24242.33 26800.46 33220.39 39856.47 41889.27 38602.42 36048.5 33309.83 33727.93 39806.91 34580.11 40496.21 42536.3 35276.2 32384.22 25442.1 19299.24 34907.88 41699.74 44770.11 50695.02 13586.09 34872.7 11577.81 19528.38 641.6098 4.369054e-06 NA NA
504300 428347.7 398450.2 384297.5 373436.1 349342.3 310587.9 280453.1 257225.4 241311.2 209392.9 194829.4 188304.7 173700 157827.2 152729.2 141107.1 140523.2 144755.4 156461.9 184809.2 189915.9 191568.7 176926.8 193459.1 201862.2 194553.4 189407.2 200405.8 240714.3 257593.7 266813.4 287716.2 325911.1 498512.4 559973.2 742681.2 1040841 1343970 1645219 2019836 3771440 9050609 11945058 11943534 8683755 413291.3 NA NA NA
368378.2 323965 285288.8 261126.8 236818.3 231246.4 200943.6 152640.6 131546.6 131892.7 143327.3 122687.1 123667.4 136904.3 133573.8 136426 127704.3 116926 107705.8 95748.82 82223.47 73144.85 69702.99 65600.46 68443.61 62071.38 67305.93 65682.33 64195.88 70860.93 85515.37 95375.99 87975.77 79959.24 55133.42 44796.29 22049.86 18284.57 8052.223 9658.249 2146.21 414.062 740.7304 644.0294 751.2331 7846.891 1905.439 1.126496e-14 NA NA
263336.8 253217.6 217812.3 199864.8 208811.7 189505 186444.8 176750.1 154218 137868 125793.7 111009.2 99574.85 88759.67 80715.91 78405.1 74782.16 71196.65 59783.33 61087.3 59973.49 55049.73 56607.21 50560.92 56412.25 44928 55972.19 48436.48 28754.69 35105.93 40711.47 34060.9 38485.26 27839.98 23064.78 41124.02 66603.8 102502.5 145150.3 199929.4 346382.6 481165 787250 1285076 1012963 1484888 2752163 30876.79 NA NA
346751.9 261470.5 201273.1 193069.7 171846.4 152760.3 145509 151886.3 132969 125088.8 123081.5 119087.5 109621.7 106549.5 101173.3 90315.49 97908.51 83189.07 74640.27 80367.23 88799.91 84398.06 88146.57 88747.91 77859.14 65694.27 73823.25 65755.31 60587.35 49676.43 39964.6 34685.62 33213.3 33648.51 35788.75 36711.91 67173.26 63209.42 93991.2 64517.76 143891.9 185691.6 149556.3 169120.5 688544.5 291813.3 191522.2 663937.3 NA NA
210637.2 125241.1 111705.2 96995.21 79453.15 66386.02 62155.25 57320.69 51158.7 45084.41 52268.52 63675.36 57251.56 56835.81 55823.1 51194.78 54062.6 66323.85 67632.35 61601.95 57918.64 57893.95 58478.5 54358.11 63177.74 65635.95 61611.62 65753.18 79943.07 91881.92 88916.41 120169.4 143986.4 147536.2 207738.8 207403.5 216404.1 323945.1 428181 465428.1 389718.3 330799.6 132875.9 199094.7 929077.1 429091.7 11497.39 190234.9 NA NA
331046 272115.6 258723.1 265470.5 244587.8 226903.5 213676.1 207347.7 197186 205647.6 200839.7 222472.3 203300.8 184911.1 170406.9 172651.5 173887.9 164084.9 155385.9 171759.8 187249.3 182621.2 155129.1 137398.2 110784.4 107905.4 109238.9 91827.84 57802.8 68128.73 60594.64 67033.8 91735.27 129313.7 108232.7 130458.8 104227.8 83773.14 19717.28 13032.47 12694.26 36883.26 9114.268 1413.149 23.81227 3.389414e-07 1.47702e-07 NA NA NA
334445.9 263094.8 231549.5 200607.3 187499.8 160084.3 152520.6 136731.2 121010.7 113595.8 115803.7 139529.1 144340.9 137481.8 134910.9 146405 155368.7 163141 175428.8 177953.1 201614.5 225301.9 235420.2 241467.4 233836.5 222476.5 239112.6 256567.7 239147.3 258302.5 311513.6 400629.3 449618.2 566486 584092.6 615591 722533.3 918924.9 1009752 1379594 1348611 1601253 1234709 1733645 2563702 2462032 1739415 3261144 NA NA
295754.4 280837.1 248345.8 233030.8 230666.2 203151.2 186297.6 158926.5 139292.5 111267.8 98388.6 75319.71 60133.93 43114.64 33103.43 28953.49 35248.92 27508.24 23502.42 15095.08 12843.64 7108.554 5170.332 7213.225 8184.541 8071.95 10280.97 8846.413 11767.5 10335.02 9674.339 9813.242 13589.15 12705.46 17591.81 16702.64 12633.97 16700.7 18898.17 16242.14 21525.44 21118.94 24593.22 50879.12 207375.1 689522.5 2825905 4689085 NA NA
223267.2 137502.1 126904.9 113441.7 100461.7 87690.2 75020.6 68883.2 64725.64 62248.03 55498.87 53002.13 54565.73 50559.76 50347.86 46903.35 40628.75 39124.43 30899.94 23084.36 22219.47 17778.84 15761.52 17409.35 14496.19 14702.48 14214.63 12220.24 15607.31 18311.78 29885.45 37450.87 44720.37 56581.63 59033.02 58204.18 81285.55 100062.6 210478 223553.8 263140.1 172874.7 381687.3 630948 1007099 2351770 6396723 12937713 NA NA
397600.5 344720.5 330198.5 310180.5 294636.2 303504.9 309039.2 308823 298882.7 287367.2 283925.2 262800.1 247043.3 251274.1 254294.9 227137.8 243451.9 213748.5 228100.3 232272.6 205861.8 200626 208848.1 254040.3 286500.7 295516 338228.5 310897.5 300001.5 361473.2 356912.8 386933.9 345926.9 349093 311625.9 356174.9 397905.6 471577.4 464453.4 334501 341011.5 344497.8 327860 31656.51 9980.03 529.1951 0.01691041 NA NA NA
91990.87 65468.35 59613.27 55424.54 45932.26 40446.31 37649.91 38612.54 32966.63 24430.21 18400.92 13507.88 11884.58 8951.568 7108.502 8916.111 6948.632 5423.591 4830.451 5051.381 4512.407 4615.144 4660.174 3265.88 3591.341 3207.465 4016.147 3595.662 2730.718 2911.302 2355.24 1484.72 1446.523 1145.024 833.5134 1205.896 1196.314 2902.231 2402.315 1461.49 1283.384 735.5666 641.3442 552.9092 332.7664 0.005642339 1.012731e-09 1.149834e-05 NA NA
577996.3 498500.7 495075.2 447717.4 416740.8 374266.7 341332.6 302468.1 276172.4 251513 238031.6 237332.8 205126.8 198984.1 217025.5 193566.1 221417.9 198356.4 225984 210293.9 217602.6 245337.6 226558.5 266235 243278.8 232974.8 282363.6 331742.4 366403.7 440978.1 556506.4 663590.9 922111.7 1078979 1299136 1648438 2132609 2399600 2661451 3471040 3906012 3804023 3924186 5901184 13048172 18884797 29856775 40507465 NA NA
343133.5 263956.6 268327.7 229327.6 195320.3 186205 177843.4 165285.6 152203.8 130664.2 103055.3 87921.4 68804.11 65660.73 79769.51 80927.94 84056.32 76706.08 67447.69 61655.84 47708.73 48999.19 39977.03 56182.79 57965.7 46948.81 36390.01 36121.42 34034.34 40103.83 35025.95 29851.81 29857.85 36793.67 35043.88 58962.24 68857.08 75159.67 80172.23 86382.46 124819.7 227822.3 317667.5 469101.1 1738424 3365650 5147633 19211309 NA NA
86520.2 49407.01 42337.09 33351.43 26228.19 21537.31 18307.26 13523.08 10940.64 7662.656 8649.504 9222.183 7407.709 6475.663 5554.357 5864.019 4887.104 4810.856 3689.463 2888.29 2087.583 1683.688 1119.407 1262.004 1289.472 1080.099 726.2554 719.96 596.069 640.6508 660.2786 388.6566 351.8368 197.7863 302.0904 108.0913 9.876467 1.117201 5.581635 19.82355 7.653968 3.451027 9.690678 1.568026 0.9131645 0.04194982 0.2838084 0.0005021951 NA NA
277750.9 229890 206356.3 179943 185833.4 202839.5 204809.5 218868.6 212597.3 218680.4 222402.3 229702.1 247078.1 264824.6 280149.7 289339 297408.8 317128.6 321316.5 330202.1 363438 375334.4 385580.2 411608.9 434123 452302.1 450766.4 461868.3 503830.9 517734.1 560324.2 579351 592831.2 617101.3 710660.2 889296.6 911020.7 1152525 1240409 1476717 1680691 1341908 2419082 2059435 3390622 5919611 8209739 1631987 NA NA
529608.9 490600.1 450918.3 446250.7 409827.1 379081.8 363635.7 349123.7 331515.3 351195.5 347324.6 342344 379131.5 402226.7 421452.2 438075.7 476073.5 479668.1 517747 514369.2 536046.8 613706.5 643142.3 679709.1 685747.1 787809.4 845870.1 813814.9 810408.2 899010.4 875566.3 1014627 991350.9 1068223 869439 1048912 1194908 1145078 1340090 1186573 1482395 1554894 2377809 3130017 4481039 8925644 30175155 44833711 126234747 NA
86595.85 47482.02 32900.18 22209.19 25038.85 19676.98 13851.61 9079.385 10231.98 8470.459 7331.12 8166.342 9180.011 8555.457 7060.277 6961.523 5910.285 4461.628 3485.269 2953.982 3048.839 2918.722 2429.161 1929.054 1649.699 1383.416 1259.043 1047.698 851.9303 890.1058 1033.338 877.0864 885.6088 846.2801 591.9651 642.243 307.0699 234.3856 188.6165 264.7862 206.3635 320.6167 110.7154 291.1487 20.27719 27.62262 2.508135e-07 1.81234e-33 NA NA
220352.8 129259.4 92252.06 70421.18 51062.99 50837.89 45111.99 37241.77 38017.33 34405.45 33697.47 34730.18 37063.23 34899.7 32650.45 33540.47 31908.23 31745.92 34500.78 31574.98 33952.77 30011.18 34619.14 31001.6 27179.14 28027.05 28126.51 26934.25 25026.64 30026.56 28910.61 47933.56 55482.78 73609.34 103262.1 137100.2 192873.7 246249.7 357429.2 623366.9 1054052 1568276 2595091 4141982 6418256 14872039 23830276 37243970 NA NA
337734.1 269642.5 267623.6 243935.6 226912.5 232066.2 227996.2 218253.7 229848.9 208244.1 189375.1 186807 180152.2 168667 168620.9 148900 130179.1 134096.9 169652.9 175947.3 199479.2 184617.7 192437.3 198643.1 190242.1 179800.1 202088.7 200278.8 209669.6 283126 306063.3 338504.7 316170.1 305466 318609.5 371974.8 358761.6 483190.3 522952.3 481463 632915 867622.6 838534.1 763510.6 594035.2 368063 136292.8 NA NA NA
203988.5 143105.7 116766.2 95457.8 77721.32 62965.59 52141.72 43133.33 34518.13 30451.12 26694.64 23948.31 23709.32 22168.3 19434.58 15895.91 15258.68 13285.43 12960.31 13300.73 11297.59 12497.62 14289.29 12294.67 14295.31 13325.74 16048.13 17207.66 20658.16 21489.17 16481.19 16420.88 19315.46 25595.11 29615.7 23897.5 26770.63 28570.96 49332.3 74047.6 95827.06 149559.3 135852.7 201528.7 283672 106532.1 62964.44 121467.6 NA NA
219067.2 160996.5 148086.2 135510.9 105505.4 87954.46 92971.44 85852.51 75414.49 67508.06 61667.12 75013.47 75859.79 65811.6 56257.81 59840.91 55675.32 47180.06 43801.21 36348.56 32236.86 39602.62 37147.25 30765.71 29183.91 38484.12 50103.28 46290.31 44835.35 38655.49 46015.17 48303.08 52343.32 54892.64 86144.12 96484.43 136673 165117.7 213982.8 262313.2 276457.1 614447.2 783739.3 1792469 3268674 4594123 12249945 29711487 NA NA
304121.3 266772.3 230386.8 213287.5 208482.7 221523.3 227479.5 224942 212216.5 200525.7 188814.1 174107.3 168097 177008.3 175398.2 174271.1 166238.3 160997.7 172772.4 185938.6 177184.3 161188.2 144662.1 145094.1 156096 185190 173946.1 175378.6 159163.4 177945.7 188655.6 235272.2 290437.7 310396.2 377916.9 417275 434719 409514.6 566557.2 733779.4 841159.6 1794470 2316494 3762884 7530916 11524679 19005223 29310784 NA NA
355156.8 316843.3 285899.8 257303.8 218537.4 188147.4 171014.5 154028.1 152765.5 143059.2 137551.9 130035.2 124305.3 148760.9 145352 148615.4 152322 145572.2 143779.2 138389.8 141782.3 137038.2 161694 178056.3 187900.6 212014.9 211004.3 206642.4 238579.6 254114.8 223894.9 185825.4 153326.7 221739.3 203572.3 185285.5 206197.4 305033 348422.6 584511.3 834914.2 1146895 1808088 2651451 4809821 6967339 6705454 1073828 NA NA
562891.5 527924.6 481816.2 438563.3 402344.7 400496.4 392807.6 366161.5 359079 349291.8 359081.3 350518.6 327491.3 315166.8 291229.9 317836.9 316426 390495.6 407048 435696.1 469148.1 465797.9 470820.6 459613 443182 403012.5 513750.9 533096 486144.2 410733.9 326249.9 361930.5 332837.8 414238.7 467231.6 607923 749123.7 954043.3 1230598 1363864 1112579 303909.2 63714.49 34740.46 1079.115 84.90611 94.51772 NA NA NA
145313.6 111278.9 91659.54 78176.79 61205.42 63166.07 55695.25 44755.61 37886 32847.25 27044.06 28645.44 21886.22 16813.84 12904.78 10670.41 9117.448 6806.055 4950.567 3504.594 2363.39 2234.346 2873.495 3484.961 2505.059 1676.716 1493.415 1047.1 878.8738 754.7501 677.4517 778.999 1289.694 1342.433 1399.243 1275.967 1176.922 1403.266 763.0624 273.581 787.3625 0.3881616 0.2215932 0.2960946 0.03041157 9.605461e-10 NA NA NA NA
879766.4 810656.5 761331.9 718220.9 664670.4 646649.1 655772.3 695214.1 739580.4 700236 753792.1 750803.9 829046.4 812896.6 876929.7 874235.3 879222.5 975228.6 1031324 1076942 1184479 1167537 1155466 1205180 1194239 1382118 1504639 1471444 1579408 1949431 2573076 2751942 3060421 3482070 4979923 5562829 6271883 7198082 8169166 9408960 13242332 16171325 21843675 25116700 30810000 38249369 60418692 63338329 NA NA
250823.2 148763.1 121834.4 106963.5 94859.64 88507.62 72046.89 62538.94 47268.99 44309.68 47212.77 45456.27 41322.88 36081.82 42020.03 32738.48 26908.17 24177.66 17985.74 14605.37 13998.25 11560.72 12244.63 11812.23 13105.11 15309.91 12969.88 13082.78 15767.25 23025.45 22848.32 22438.76 17283.29 11637.68 15711.33 15764.12 11875.7 7285.966 5562.607 6814.988 3947.82 11828.77 2711.035 445.2049 0.0003828185 0.0007091076 1.001482e-08 NA NA NA
1227334 909314.2 757304.2 629304.3 545043.8 456417.9 461642.9 457396.4 438117.2 371039.9 331913.2 283195.1 237932.4 203293.4 176778.5 157044.1 159492.1 148715.1 120179 121237.9 107676.9 88782.47 98015.71 94672.43 70408.83 60104.56 44503.61 41931.13 56100.78 71511.12 83208.18 76738.61 72702.97 85422.41 142396.5 140210.8 228734.8 266114.2 359474.9 566227 537228.5 346759.9 119902.9 141223.9 15793.78 23723.52 3.568319 0.4326298 NA NA
217063.2 182177.6 144451.8 123996.8 102019.4 109278.4 99539.58 91045.52 92523.47 77297.5 67196.4 58083.67 48110.63 38749.53 33578.77 27813.9 22073.53 18115.22 14844.51 15451.69 14770.42 16178.75 14470.62 12480.66 13639.4 17181.36 20465.01 22917.86 24365.84 21775.7 20905.99 22300.13 17783.18 14318.92 17702.25 18698.01 16613.4 19186.25 8172.064 11920.68 13093.5 28239.48 17040.35 5519.004 1215.517 2461.45 3168.383 2150.077 NA NA
785648.2 652192.8 663019.4 647972.8 675433.4 620010.3 608925.4 611481.8 582141.5 535291.7 475646.4 511820 479757.6 481593 553148.2 545132.3 575835.6 578374.2 642028.2 647371.8 750548.2 786039.8 845035.7 944311.8 982984.8 1133420 1310107 1528964 1682792 1843926 2001719 2277771 2665317 2954862 3401945 4233516 4955497 5935141 6944678 7250256 8584469 9142999 11189461 15878854 23882479 40083310 76302717 173527920 NA NA
431232.9 393583.5 346856.8 312081.3 279196.3 240984.4 247013.6 216548.1 198264.4 182397 171658.3 162764.2 150605.3 182317.3 174080.6 159855.1 147014.4 132412.5 114020.7 120207.6 101659.5 137083.9 135890.6 132339.5 129457.3 144268 138429.1 136170.4 162454.9 131682.7 130297.2 140091.8 127627.5 118129.7 133242.6 127183 113095.5 92005.71 109591.8 69298.78 112536.7 75813.06 198035.6 340375.8 345766.2 77084.16 3.573218e-06 NA NA NA
200648.8 152044.1 125812.7 103744.8 91126.09 78268.16 69310.46 62384.55 63359.25 71529.86 73262.98 79245.54 72217.64 66903.35 73383.51 64485.46 69312.91 72675.07 71530.43 86755.42 94452.83 89867.18 87848.27 80829.64 79881.3 74999.77 76035.43 80821.05 81285.76 94215.72 117990.5 115114.8 134706.7 138569.5 132838.7 123081.7 174823.3 187206.7 193591.7 243433.1 389680.6 806249.2 983402.6 1147993 1486800 2391551 6132609 2332949 NA NA
471202.2 439937.4 342341.8 315825.5 280841.4 275897.3 240969.6 206325.9 190669.2 187545.7 184456.3 170060.9 183754.3 162446.3 160078.9 144141 133931.8 136458.8 125906.1 108383.7 96574.97 114271.4 126986.4 146682.5 151852.4 145220.6 149993.9 162017.4 148730.6 150129.5 138840.3 160946.3 178907.9 206924.8 212581.5 316045.2 361615.8 368921.9 479253.6 566490.1 743266 1148233 2089594 2480957 5589548 8425050 10528896 26452250 NA NA
161162.1 94974.55 72772.81 68686.09 56213.81 42605.43 32641.4 26264.08 21909.45 17426.15 14348.14 11902.02 11435.9 11093.86 8452.868 8921.338 9271.597 9262.068 11313.25 14055.63 12025.81 10309.53 13064.66 16087.84 15324.98 14543.35 14575.6 14605.91 18366.24 19713.46 31055.36 42613.29 51586.77 67433.41 117698 132925.5 161578.1 198432.9 246750.9 333883.6 420078.6 392163.5 398526.1 591182.5 823286 1360837 2433491 300273.2 NA NA
114919.6 72259.47 60766.94 48740.68 44029.37 40761.94 35997.49 43421.02 43549.02 40734.72 37386.96 31876.53 28074.07 26468.07 25036.39 26372.54 27384.32 28243.1 25816.97 22093.56 22585.33 22494.08 20759.74 23056.05 20154.78 16837.47 15033.46 11793.65 11143.52 10724.73 14609.91 11229.06 8644.362 13845.77 17416.58 19540.15 2162.413 3945.884 4796.219 8880.456 11657.81 10153.1 5105.796 2947.65 1186.959 1912.019 10590.42 204.2941 NA NA
379563 348106.2 299241.4 261302.9 274069.3 273796.6 256720.6 259062.4 229278.2 194484.3 172832.9 141740 134483.5 116722.8 100288.8 114762.5 101366.4 102995.8 109826.2 122099 115574.9 116486 116581.3 127729.8 113598.3 102980.1 126132.8 111249.7 117561.2 121306.2 155587.3 153883.2 165563.5 163413.8 159694.9 205659.8 203128.7 179507.9 216260 186891.3 285443.3 235766.6 290641 61160.63 13783.17 17420.15 0.004409724 NA NA NA
503559.7 339924.1 291720.1 257595.9 236325.5 213266.5 185150.9 183978.4 187454.4 166254.3 155448.2 135701.8 139820.6 152503.9 161552.2 146485.7 136811.3 125314.4 127644.1 127825.3 107889 83884.81 86314.65 79775.61 70115.92 98204.5 105321.8 96620.51 97338.79 115982.3 114160.2 120964.9 122763.5 143874 134759.5 155183.6 132446.7 142769.5 151679.7 182419.6 225097.6 199735.3 144300.5 142829 282362.3 484529.2 364202.5 4078443 NA NA
280441.4 165739.4 131232.4 134958.6 115573.7 109844.3 93942.73 78633.58 71176.4 73315.04 69219.91 65942.04 57962.95 47871.87 44026.31 36079.11 31652.26 24897.43 24807.36 18196.44 13079.35 12838.48 10359.3 11666.1 10565.17 8976.923 10257.28 11514.6 15612.24 24324.58 22378.42 17153.43 14396.28 19135.74 16657.8 17349.48 11108.23 7776.364 5646.886 5376.954 2610.328 3263.095 5622.55 11146.66 14759.7 18960.58 16168.5 75.21786 NA NA
214516.8 162952.2 127420.9 98814.63 99663.13 82439.97 69458.54 60222.86 63037.67 56903.28 53272.02 49182.18 44838.61 40081.34 43159.93 48439.72 46729.47 47107.41 46605.65 52420.92 66727.51 65328.71 86208.69 89310.38 104338.4 102455.4 118132.2 110508.8 121185 136045.4 155016.6 138412.1 171180.8 162725.8 177149.6 166998.1 177589.7 164908.4 290972.3 371708.2 546789.8 480207.4 498874.2 716657.3 469411.5 875080.4 381007.9 6361884 NA NA
198154.4 136788.7 103265.4 95949.6 87931.69 87994.96 78980.97 66351.08 69286.29 61218.16 56436.49 51210.3 51160.02 47380.46 44420.14 41948.66 47302.72 52995.45 47317.76 44536.2 39335.54 34501.24 28155.18 31346 32250.15 28556.87 34737.95 32719.14 31590.18 42775.53 34323.09 22414.03 21142.56 23952.47 41465.45 37308.76 26635.67 21795.62 32866.69 22150.86 2851.535 3248.791 8501.957 43255.12 126063.8 178551.3 353360.4 22308.82 NA NA
215628.4 184803.1 145254.3 146095.1 135198.7 131206.1 115317.9 103416.5 101441.5 109017.1 107910.5 107137.9 103745.4 108531.6 114992.1 124841 135478.5 150267.2 147868 148518.9 145740.7 161155.9 185077.3 191686.7 234439 249171 286118.2 287825.9 376194.1 429281.3 467380.8 560405.1 657442.9 761623.9 875720.9 1140395 1347308 1620979 1835454 1959477 2116201 3167606 3511694 3985844 4330001 5531682 10359417 88547.98 NA NA
518091.8 457715 430417.4 424159.2 395553.6 363094.8 342537.4 380913.1 400388.5 371681 344651.6 369709.3 340495 356267.8 327092.2 367075.9 330526.6 352808.5 361463.7 388789.3 386754.8 354481.9 395810.6 431063.8 538424 527395.6 523639.4 584235.5 693175.3 733587.7 729876.8 634111.4 677070.6 771976 1014439 1176026 1438689 1710865 1985257 2148487 2199724 2862587 3969551 4501677 7155627 8959878 19751943 59124592 NA NA
473390.7 321942.1 294690.5 262123.3 243041.8 254455.1 239055.6 226428.1 192540.3 168948.7 138093.2 113519.5 101256.8 97451.39 104037.9 117900.1 120612.4 126629.2 112074.9 124193.8 104906.3 113520.4 102057.8 102337.1 109642.4 102187.2 112827.8 108992.8 117315.3 130137.9 177661.7 181424.8 214875 256149.5 335026.6 381365 450797.9 481258.1 672076.4 799446.9 1215918 2109566 2085742 4125644 4904866 2467156 369489.2 524638.6 NA NA
172268.2 113963 94528.68 79915.41 67709.3 73915.84 60868.69 59319.06 48651.01 38565.51 40132.67 40497.56 41541.91 37324.49 33884.97 32162.24 34688.12 37532.04 35257.44 32054.68 30263.33 27132.08 30362.47 27417.16 26114.04 30876.63 29412.33 34551.19 44726.6 38077.5 55359.23 55338.82 62366.39 57073.57 69433.43 88177.06 95828.61 107936.5 152842.1 145177.2 130579.8 101584.1 142492.4 103957.8 193949.2 452679.8 874274.9 1583921 NA NA
75044.38 49778.99 38235.49 38053.31 35120.71 28572.53 25658.5 22021.61 17902.63 17313.74 14944.18 12674.31 10730.21 11519.91 10630.16 10285.32 10057.51 10339.38 8011.02 7766.123 7639.738 9776.467 8104.807 5737.508 4316.571 3422.874 2290.713 1881.136 2193.634 2491.63 3283.271 2436.121 2568.714 1536.429 1409.901 574.322 257.7996 33.5406 11.96928 7.073748 0.3649616 0.4412322 0.1643376 2.436541 1.20517 8.834017 0.0001076756 8.703137e-07 NA NA
310112.6 210324.5 175734.9 175466.3 183948.6 167044.8 155721.1 141779 132569.8 126371.1 129155.9 140352.4 144338.4 143106.9 149028.3 147552.2 137269.4 133422.8 124980.8 146983.5 135128.6 127915.2 118839.7 131227.2 133312.6 142220 157524.3 175376.8 173747.1 173445.7 172189.5 198944.9 180036.4 189143.9 177676.8 217546 244478.2 300375.2 405755.3 445113.8 841660.3 661713.8 293497.8 128431.3 294628 212803.1 222069 1753.402 NA NA
459061.5 356908.1 280778.7 298972.1 257014.6 270013.5 263427.9 257429.1 250868.4 249390 270040.2 303314.1 322260.2 316169.6 308507.6 307484.6 323698.1 331247.5 326412.2 357128.5 359981.8 404777 438882.6 448346.2 402879.4 389482.4 355945.3 438644.2 489271.9 434484.7 444475.4 573810.8 662924.6 732966.5 960976.3 1061351 1040406 1294192 1676078 2185449 3148061 5235991 6683886 8910843 11369091 14075688 24103212 40276050 NA NA
308438.2 208669 179565.9 175643.4 154752.9 138528.9 112343.7 89361.04 71053.42 69125.89 72236.76 73367.09 83449.41 76007.7 77845.45 67675.24 53463.07 50204.67 43296.99 31846.43 26508.31 25918.95 24362.94 30864.34 27437.98 20867.09 16331.9 10461.49 9119.794 10239.94 12582.39 14441.72 19216.96 14955.4 13954.98 19600.12 20543.07 19287.86 18943.25 13847.4 10147.62 16404.92 9247.129 5216.022 47.01906 0.2078152 156.0659 1.371577e-23 NA NA
412339.5 277375.2 252137.7 217321.3 175660.8 172032.5 167303.4 164275.2 152693.2 145615.2 129377.1 120461.7 103415.2 99780.25 92279.17 79499.76 87812.7 92555.5 79064.63 83984.38 90590.01 81154.31 87838.26 91123.85 104632.4 100019.4 121913.4 140365.1 159074.3 182278.6 189257 226332 263046.8 266878.9 269267.6 334780.9 362003.7 482957.6 403509.6 504856.4 395225.3 341441.9 556653.4 1164157 456327.8 2013351 1264946 3552991 NA NA
225538 173340.3 163611.2 137886 140827.1 117721.7 107990.8 107970.9 93599.49 80325.89 98199.71 89195.19 78952.11 75634.63 70565.53 65718.45 76509.45 74819.35 74216.75 78152.07 83933.7 86450.78 82140.63 81741.86 93332.32 122710.2 127558.2 137169.4 138650.2 122072.2 154413.9 160807 133782.9 145508.1 183631.5 127416.6 98911.46 94297.89 79928.16 35545.7 25338.02 18915.76 23559.62 13952.64 6149.279 2.283543 11.26701 NA NA NA
674528.3 492669.4 418523.1 429356.1 438242.3 416839.7 394026.3 359615.2 323721.5 332547.4 304501.8 266934.8 258012.6 218254.6 199902.1 158515.6 149717.9 136845.1 120363.8 125543.1 103420.7 92309.97 83582.5 76327.92 92267.09 94105.31 108532.4 105542.7 88933.72 109135.2 128136.9 134037.8 163493.2 203386 316660.4 376624.9 406620.3 423850.2 401248.3 413394.2 580234 841543.7 1987233 3003181 6088981 9830456 17994841 33456264 NA NA
85707.73 70982.05 58620.45 50903.3 43327.42 41586.21 38289.26 35381.6 33059.22 27849.98 24260.02 23473.7 24314.93 23935.9 22410.79 19855.69 23054.08 21754.46 21277.89 20124.66 20666.91 23194.55 21528.05 20112.32 23324.7 22926.09 30704.33 30459.57 31372.05 40379.45 49162.35 48092.63 47914.24 54609.91 54958.33 51743.1 63898.45 48985.07 64551.62 44507.01 70379.31 61441.05 115296.9 209603.1 346054.6 1567725 4039809 18672962 NA NA
339490.4 276054.6 232934.6 236939.1 262146.8 242525.3 218346.7 206818.4 223404.8 205427.2 191310.7 226609.5 205474.9 183632.1 180939.4 180997.3 179406.3 201040.3 215400.1 244091.1 244049.7 223822.1 252532.3 240236.3 226182.2 220403.5 186964.8 195516.4 180252.5 181981.8 157166.6 164591.2 127998.8 145860.2 109848.7 131668.8 179647.4 221546.5 189605.7 243439.3 353115.2 399617.8 556695.2 811546.6 1102594 925875.4 4806.583 83310.29 NA NA
379077.2 260111.7 203178.8 164459.2 140626.2 123205.5 102962.5 88191.65 74554.56 59440.37 48652.85 39694.74 30688.22 27094.71 26813.79 29605.95 29606.83 23519.92 23896.07 18230.03 20255.7 21058.27 21378.58 22073.01 21572.87 20679.72 23828.71 27746.33 30134.29 35518.92 32805.86 39155.11 45693.87 38106.78 36810.33 24907.29 15668.16 20923.25 18084.48 16509.44 14730.41 32277.49 23557.73 19911.01 5985.787 270.8464 279.5503 9.243026 NA NA
99176.56 76150.29 67279.38 58431.79 53330.1 43541.76 35761.57 30790.29 26734.04 25755.58 25156.43 24898.91 24867.98 21481.82 18939.12 16158.74 20107.66 19299.54 18034.31 18946.04 15955.46 13305.13 15134.22 14943.84 16134.04 15617.41 14144.26 9022.661 7535.291 8442.296 10480.12 11917.89 13716.1 12874.71 13729.36 12610.05 13870.15 32234.66 41788.96 41334.73 77214.64 105054.2 204938.5 295461.8 498515.1 1280718 4796970 23042045 NA NA
308364 288959.6 309296.8 290242.6 248175 235378.8 220447.2 235187.6 234253.6 224997.1 228510.4 219830 205859.6 200519 184865.2 187487.3 172812.1 162843.8 150965.7 154383.4 155861.7 150481.6 158718.9 166801.1 167259 152720.7 150791.3 164391 188666.4 229970.6 258999.1 266015.3 353209.7 396827.3 390001.9 433136.9 532652.3 526097.5 686952.1 643221.3 480622.3 684348.6 579216.7 806596.4 1783606 5920993 9413960 0.2969309 NA NA
242615.7 151582.9 118994.5 94560.14 79247.69 74201.79 65688.67 57295.15 45725.61 36631.51 27421.62 21015.14 15101.58 10470.6 9183.703 6927.739 5090.162 2674.006 2414.222 1245.461 679.1272 466.478 333.8635 208.0321 226.9445 226.1313 155.6226 128.1602 102.4804 126.0519 194.8491 296.43 233.1598 352.9468 470.8298 447.6711 623.9819 955.8736 1080.524 454.4877 209.7293 29.17742 81.2225 38.26611 4.350578 2.582904 0.0007317719 4.124126e-21 NA NA
510590.7 375949.6 326963.5 312007.3 294259.7 269605.1 266512.4 232945.1 255305.3 225055.7 243171.6 226605.5 229970.7 228416.1 223589.4 240333.8 245926.6 230579.6 247445.3 234608.6 221508.5 214476.7 209681.3 190658.5 198566.8 223290.8 261537 270897.9 269312.8 305734.8 303564.7 304992.6 336329.4 394506.8 516135 671001.6 927464.7 1018773 1145493 1227252 1750827 1746234 2332694 2869253 5435237 6228873 14557364 22425248 NA NA
60478.66 58782.13 50175.01 47269.56 41965.9 36481.62 33163.18 27187.71 23618.93 19165.07 15803.35 12301.09 9942.018 10224.2 9107.192 9861.092 9469.415 8568.92 8659.292 8800.45 9283.731 7672.774 7498.87 8155.856 7283.494 5566.837 4641.838 5119.047 4548.943 4495.914 5319.633 5191.709 5291.707 6544.537 7921.864 9178.575 9903.366 9266.263 9753.095 12140.14 19021.15 22500.5 57049.44 128641.4 202172.9 470730.2 77425.1 98.83655 NA NA
222615.4 171535.3 177194.4 158120.5 155794.1 129834.6 136231.1 119983.7 105883.4 111790.1 101421.1 101848.6 102005.1 92717.38 78594.2 70761.41 64022.42 59204.49 56637.07 44512.59 55289.38 54543.91 68079.19 59920.53 68604.29 63792.28 68803.27 60018.51 70254.21 92514.6 102587 123222.3 170463.2 194870.5 290958.7 392897 448117.2 592970.8 664126.9 753964 1066129 1067249 1281542 2619894 1550563 95074.63 235030.9 301440.5 NA NA
297753.4 233516.1 246158.1 218481.2 199652.8 176645.8 156339.2 153161.8 138310 130966.6 121733.5 130611 143831.8 160804.5 152267.5 162565.3 162943.1 155525.2 173995.1 180409.1 201150.5 223282 239314.6 223479.6 200742.2 216085.4 212088.8 202714.6 205052.9 245013.9 176532.7 162911.4 189135.7 300012.4 412349 397793.6 386074.7 328980 508513.9 482575.9 595848.5 844573.1 677432.3 1123663 1222748 12332.85 108.9404 52.79017 NA NA
818320.6 952434.7 917963.5 875583.4 884444.8 883983 857134.1 832925.7 786567.1 752993 777756 774963.5 735408.4 720598.1 829436.3 896718.1 897750.3 895967.7 926051.6 933043.7 949400.2 1061134 1119668 1163471 1227686 1439241 1499885 1672346 1948616 2179267 2219821 2423530 2744986 2804942 3263371 3884148 3866561 4140802 5005663 4798381 5107931 5966839 7132088 6908365 5401639 1474321 3798142 18826663 NA NA
168504 138621.5 156712.5 153246.4 127919.3 108445.1 90115.51 79597.88 66148.32 54719.15 48078.47 37152.47 31785.83 35814.76 28976.37 26061.72 26617.58 27630.4 26342.01 25388.98 26941.86 32197.8 30183.45 34157.87 33458.34 36478.26 32999.15 38162.55 30011.37 23444.05 19089.19 16587.9 12520.12 8965.199 10862.47 6667.183 6433.349 2485.527 526.9445 345.6518 21.40156 9.715811 76.47411 9.277708 0.2435671 5.843e-12 1.131331e-25 3.106398e-09 NA NA
225717.4 153904.6 159648.2 144393.2 139955.8 133164.9 123962.6 124026.1 117252 109472.8 120593.9 134278.9 103817.8 105806.1 102911.6 92605.64 92668.54 92708.69 99092.51 93500.69 92368.39 86675.29 84625.58 86122.83 83237.92 87353.63 102670.2 129870 150275 187199 236247.7 282201.7 390962.9 423232 469906.6 560331.1 709569.2 870997.9 1062204 1570805 1991933 2369037 3001147 4676418 4544232 4648619 3601247 448.1045 NA NA
130972.5 131663.6 114380.5 89316.01 71749.23 65786.15 54790.48 45602.1 34866.92 31214.9 26018.67 18097.04 14993.24 11107.2 10461.87 11366.79 10775.29 7661.865 8090.981 6456.09 4077.163 2995.379 1647.126 1468.737 873.0746 1016.052 1015.608 864.9393 539.7167 259.4472 224.4649 224.2593 229.912 176.7866 70.88958 44.46333 29.99426 24.36189 35.12885 64.80593 27.47081 14.3143 13.39065 1.632807 2.751449 0.1122527 0.002970325 3.875122e-05 NA NA
338836.4 239127.5 200470.8 183972.7 155273.2 137080.2 128566 124853.3 110688.8 97710.59 86179.89 77224.52 69625.89 61840.08 58667.55 52474.76 47704.64 43038.23 47996.55 41902.04 42054.47 31176.25 29790.02 28530.72 26834.76 24262.14 29985.38 31780.5 35671.14 32775.62 30968.2 35196.74 42889.19 38476.43 60226.43 73224.49 69388.01 102432.5 189277.8 311192 436121.3 426199.9 539840.2 148970.9 341.1145 7.256732 835.9198 6282.368 NA NA
252710.8 205023 189600.7 172304.6 177312.9 156816.3 141230.7 128375.2 108133.5 112639.4 120154.6 124246.5 113308.5 105603.6 93891.09 79585.59 76143.55 79745.38 56173.44 53054.12 53023.33 41854.35 43176.72 30087.04 28872.14 33131.87 33876.16 32129.07 26767.65 18539.17 11448.1 10298.48 5878.324 4119.666 3075.342 2910.363 3962.223 2009.824 1802.713 393.8596 490.1769 397.5795 1458.995 1292.488 88.82642 0.0002120671 0.04118085 9.835234e-09 NA NA
186651.7 127603.2 119794.4 105850 78905.35 61858.02 58550.67 48664.74 41542.43 37142.48 29571.31 21721.08 17497.76 16763.45 16906.46 17635.66 13065.22 11203.17 9842.478 9842.222 9290.811 9555.189 7586.064 5369.761 4925.944 4601.452 2929.687 1594.885 966.4962 1213.201 1095.092 1564.309 1645.409 1393.758 1962.894 1549.108 1341.873 658.6769 1296.058 563.0607 479.6441 1080.523 253.7493 670.2942 90.8164 22.49496 348.0427 1089.33 NA NA
328018.5 204206.3 241159.2 197968.2 168330.6 145667 131438.4 119641.2 106979.9 90995.91 80774.22 75349.14 63171.21 65250.17 58402.17 46994.21 36695.91 36293.63 27925.24 19666.48 13232.12 9316.903 9807.682 12065.5 10414.67 8555.985 4815.714 2323.643 2094.175 3377.823 1742.143 1763.732 2343.889 1652.262 1902.674 1663.066 1307.767 883.4274 2468.422 2200.291 1473.057 565.3237 3.672636 0.274548 0.03360133 5.267471 0.303163 1.262297e-31 NA NA
267330.4 213929.2 209042.6 186000.4 167907.3 162069.3 150205.2 128520.9 125356.9 113523.3 105176.8 87465.64 77299.44 67039.24 58627.28 53433.01 54417.76 54830.26 48760.3 54219.78 60083.31 54935.89 54431.01 59146.96 56549.23 51474.77 54106.13 61185.23 83910.64 103894.3 106128.1 114238.3 123084.4 113082.6 164019.4 203121.6 241166.6 225111.4 254749.7 263000.6 327385.5 326589.8 815737.4 958406.3 1665541 716948.4 346300.8 1821681 NA NA
455162 320986 320180.9 293329.2 266937.3 268221.6 250087 251163.1 221409.8 193715.7 177081.6 169203.6 138307.9 111500.9 91523.82 71203.01 72914.11 64455.96 62381.93 65757.65 68749.82 72630.77 71343.64 61448.06 67304.46 55800.22 61050.45 52789.96 64917.06 58564.89 77506.18 78086.82 81037.57 79946.71 83994.9 60774.55 55870.88 111018.1 146301.2 158517 221965.5 126168.2 72391.34 14081.52 17926.42 6025.738 2983.401 84.49997 NA NA
115310.9 71482.54 54174.48 45230.55 37108.87 37639.4 34507.85 37357.63 32796.18 28716.79 25703.21 23163.46 21333.6 21071.96 19574.34 18156.34 19378.13 15784.05 19210 17192.96 17842.06 17254.44 15681.51 12954.34 15272 13221.99 12170.84 13352.66 16155.97 12312.08 7557.22 5633.5 5866.727 9019.675 9329.35 7122.824 15286.55 9784.718 20936.2 21794.12 16217.34 46206.58 21592.29 29429.72 31505.64 70480.92 19501.49 344765.5 NA NA
234852.1 194596.5 173881.8 150551.7 146210.4 148199 127624.1 121016.6 101853.9 85452.38 85287.86 79329.13 72009.5 72562.08 62602.7 52292.21 43702.58 45230.96 45962 37925.73 34131.74 29703.94 24396.35 20097.78 18212.44 15826.6 8950.046 9620.32 13895.83 15741.5 10628.81 6222.933 5204.723 3992.257 6429.351 8382.148 7936.538 5794.773 4281.299 3405.377 694.7026 2949.643 476.4708 65.64277 225.1929 231.5126 0.2020776 0.005135704 NA NA
643140.6 518872.2 461048.7 425105.7 362165.9 313805.5 281406.7 249736.2 215711.5 187714.9 184138.7 181412.7 163587.2 159528.8 166188.7 163268.7 159209.3 179278.5 218215.8 251028.1 264317.2 264155.3 268191.5 323464.6 333595 352795.5 373693.1 381233.8 365160.1 382713.8 399490.8 384715.8 463960 435376.2 570878.7 630699.8 826130.7 957814.2 955143.5 1526931 1912927 3299828 3886673 4786956 6727417 9834982 14267110 49.09044 NA NA
431356.5 423455 406741.7 373765.7 332316.3 332017.6 280563.1 232903.7 203038.8 172546.7 169895.4 161695.4 168034.2 157854.9 157242.1 148882.3 136655.5 130920.3 140042.2 131702.5 128851.6 118876.2 119169.9 139309.5 134781 120170.6 104773.9 99810.88 93928.88 105830.7 94655.67 108834.3 129638.4 200589.4 269290.6 278247 294584 359472.7 405911.1 601337.2 940953.7 1200507 1713606 2751195 3904152 5701352 2164577 5355232 NA NA
169292.4 149177.4 119600.2 103387.3 99228.29 85673.75 92438.64 76864 71655.66 57995 46747.29 43914.57 38054.94 31489.11 24124.9 26165 21492.93 16951.71 13561.92 11847.63 10327.56 10479.67 10343.73 12202.19 9612.906 9316.709 7421.501 12454.59 13468.67 17531.79 20821.33 16708.75 15606.82 13707.52 8931.986 10656.25 6368.911 2036.607 3609.524 2014.855 7393.901 13970.64 10496.42 11613.48 7741.715 11858.84 3407.207 582.5251 NA NA
947253 801589 749209.7 690608.3 706427.2 738250.6 701147.1 678343.7 698915.9 659260.3 704357 690428.1 646680.4 583502.4 562546.6 625863.8 579952.6 543282.1 498729.2 498525.6 511065.6 432355.8 472839.1 432408.1 506956.3 423920.4 379208.5 301147.1 341474.1 309566.2 301268.7 445456.9 391865.5 366982.5 349061 342834.7 467960 515351.6 840606 1107417 1483880 1984357 2069451 5299821 6996926 11796740 21016385 NA NA NA
547493.8 518127.1 484310.6 477717.1 480364.3 466793 442614.2 465057.1 477792.4 456017.9 501836.4 480723.8 480179 467458.5 472228.7 462322.3 463993.6 531768 509464.4 540168.1 543079.9 520380.6 476784.8 447186 456270.2 442553.9 523447.5 498337.7 452948.9 420117.9 371393.4 340478.6 521708.4 495702.8 565310.7 877419.9 964507.1 935273 1228643 1372911 1886429 2831270 3215201 2328359 2723101 2639171 3275919 987.568 NA NA
656381.7 598598.6 572097 546465.7 511807 462541.1 408023.1 356459.5 304002.2 285870.1 273644.7 241647.6 229006.9 204834.9 207046.1 180957.3 177038.1 180897.2 159012.8 139111.8 123860.3 103871.1 90300.13 96462.65 76416.53 92414.71 103146.3 109721.8 104272.5 68027.63 90166.53 93652.57 107630 143311 147873.3 170351.7 211661.5 222526.2 199166.3 140433 58708.48 74113.17 18232.24 24191.78 4233.475 3.039034 9.469183 5.029321e-11 NA NA
428469.5 369530.7 304310.1 271915.4 237348.7 228963.1 251242.9 237583.4 238728 217227.6 212784.4 193110.1 188075.5 179962.4 185244.2 195736.9 180031.2 194056.5 220888.8 231590.2 261245.9 284471.6 308014.7 357761.7 352594.3 314460.4 276838.6 312112.6 294080 284432.3 364352.8 367722.7 480647.1 462170.3 467052.3 512967.2 547638.2 773029.4 783854.5 1281112 1742618 2521545 4081473 5228537 8302554 15813692 24139080 59640611 NA NA
675761.8 524112.4 514191.5 477290.7 460786.5 439924.5 421368.8 400079 379048.5 389850.5 377091.8 388062.9 402599.5 438194.4 443074.3 459841.9 465742.3 501550.1 530216.3 557842.6 557972.6 566103.3 567059.5 601099.2 593836.6 592401 600446.3 609277.6 563332.3 569465.9 569135.5 545727.8 633107.7 807741.3 815300.6 788291.4 937902.9 785624.4 1041060 951329.3 1278115 1037846 437646.2 562859.8 603889.3 947660.7 1697490 48149.33 NA NA
390737.2 305149.1 294950.5 293257.2 266463.8 243616.1 221690.5 204857.4 196241.2 178280.6 180975.5 181470.2 179182.9 190883.7 169083.7 172215 150790 153100.2 132280.8 119404.5 109586.2 115169.9 122575.2 109913.6 100333.8 77191.77 75020.65 63695.96 79616.24 93741.6 141639 183937.6 192686.7 171816.2 169115.2 169381 214860.9 205698.7 170008.4 127984.2 195740 27817.08 1596.876 1027.442 483.3953 1093.068 3.219436e-14 NA NA NA
103557 73275.68 58830.5 57870.95 57916.52 49126.97 39224.49 38335.74 31899.69 24483.21 25094.61 21688.44 21909.87 16625.8 16249.77 13200.37 13090.81 11484.12 15740.24 14175.4 15178.82 14313.7 13804.88 13951.97 13855.3 15534.04 18339.3 17383.16 18285.14 22527.82 24685.1 28842.01 37118.3 45750.81 67456.2 81370.39 129611.2 183007.8 248477.1 366069.4 497286.4 1077017 1743819 3789624 5525200 13421296 21302024 46161361 NA NA
339418.9 286529.2 226163.1 175707.3 133484.9 125311.2 120684.6 97596.84 116009.7 102045.9 94724.9 88677.22 75460.11 80149.8 80312.6 68798.98 60691.18 48402.72 39165.7 45003.97 45602.97 59794.49 61157.23 68708.81 68221.85 72121.61 67564.01 70342.42 74626.01 82493.55 82680.4 80129.47 90314.46 23647.1 28044.42 36958.68 45449.4 45178.16 50406.47 35714.5 42526.01 23752.8 31734.25 77563.09 122391.3 211062.3 272255.7 882331.3 NA NA
426663.3 363051.2 309365.9 297107.6 269128.9 238186.3 207227.5 183607.6 160022.4 151925.8 126501.2 105908 94974.76 118700.4 115049.5 125731.1 124771.6 111940.3 107305.4 100465.5 104673.4 99728.56 86350.18 74483.28 59866.5 49439.28 46892.4 50802.33 44715.64 39189.66 42444.43 34851.08 5546.855 4995.97 8506.56 8489.761 5895.406 8735.233 9799.9 6399.797 8014.199 10296.67 12100.79 77360.51 27992.06 41.10232 2.896915e-05 0.1953655 NA NA
354927.9 268190.4 197961.9 168458.8 168504.6 142658.7 120378.9 104389 88900.07 77873.12 72543.03 82033.72 78195.94 77244.58 74028.5 69356.89 74892.98 72701.89 74353.65 86821.78 94341.39 108680.6 113128.6 145689.4 164214.6 178088.1 220784.1 237767.9 231577.8 239658.9 266595.2 274500.5 248600.2 225394 197803.6 204137.1 188307.7 328976.6 407264.9 495860.2 357339.1 494831.1 381698.7 635465.7 1674903 3211355 3711649 8520434 NA NA
726189.4 603628.5 549874.7 484593.9 495331.7 473664.7 487175.6 446766.1 419694.9 404338.8 411274.5 406604.8 408162.4 405289.1 399892.5 424405.6 485568.4 473756.8 526224.5 547580.5 599458.6 702561.5 795907.6 861057.4 963159.1 1080642 1161906 1225526 1544740 1663998 1673533 1859692 1987849 1976187 1698714 1828972 1801409 2245209 2036470 1642998 2269927 1412529 116485 273703 875376 25906.36 6.71393 NA NA NA
515782.6 390953.2 307456 306595.8 243886.9 222944.6 217458.6 193776.6 206642.1 202497.1 183650.4 168076.3 148848.8 147410 145995.8 139825.5 126830.6 128939 120916.6 120195.7 118895.6 133161.5 122975.9 143811.4 173913.1 199822.7 247354.8 299294 341589.1 411054.1 420969 413160.2 402574.1 351251 391582 401142.3 585373.1 846417.4 995155 1224303 1140707 1224268 1133735 1226895 2508852 444704.1 748850 5887199 NA NA
210056.9 184182.8 162819.2 139109.9 119888.2 103598.2 116097.7 110686.8 102552.7 97055.77 87283.65 92800.72 82344.01 81480.88 74476.78 70009.51 61173.36 65982.22 61801.1 63134.21 61130.25 53342.96 58744.62 64357.01 55405.38 53431.1 50267.65 52535.64 48543.02 57541.47 51969.5 47806.68 47905.94 46791.2 57421.42 65533.02 94715.74 92423.15 86316.96 183706.5 267733.9 395052.1 545603.2 956278.9 1222857 2111486 1132944 352701.9 NA NA
246355.3 175230.7 148814.1 137074.4 113752.7 112647.2 111932.4 118736.2 101303 90281.45 82020.31 91094.06 98134.68 106454.8 109548.2 124622.7 137601.9 150920.6 175466.9 181364.3 198862.8 197734.7 193626.3 194323.1 192321.4 228161.5 252028.6 247323.1 266345.7 274605 292626.1 353354.8 460628.8 544668.8 576022 740675.8 927682 1414417 1705410 2289832 3044190 4568725 7050429 9575180 13158358 20767646 33629509 NA NA NA
149810.1 95445.42 68427.29 51422.18 35776.16 31706.93 24695.61 20903.47 19493.2 16624.24 13467.17 13414.92 11669.82 10322.76 11052.86 8519.065 8158.016 6607.39 5421.113 4889.523 4491.863 4810.993 4142.679 4789.162 4209.78 3278.518 3523.806 3071.255 2975.735 2434.45 2405.274 1502.655 1032.002 781.7803 340.2358 141.0478 19.39353 7.932244 7.697345 10.38566 8.876456 0.8543786 0.0009962149 0.002324982 0.01418636 0.2960051 0.04910745 2.188971e-05 NA NA
