"obj" "V2" "V3" "id"
"1" 1 0.298500000407857 0.801537064213199 1
"2" 1 0.305418802360275 0.783958927159912 1
"3" 1 0.296123498978853 0.790832510169162 1
"4" 1 0.29210749929106 0.77662164300333 1
"5" 1 0.299140272356879 0.789895534625566 1
"6" 1 0.288240987046856 0.764782633774059 1
"7" 1 0.295178092998447 0.779643828192448 1
"8" 1 0.296945583623125 0.782644610709972 1
"9" 1 0.28698851977573 0.765623945860075 1
"10" 1 0.294089585320037 0.789242702416768 1
"11" 2 0.279411754875163 0.690068575410705 1
"12" 2 0.278733871779644 0.678782164809876 1
"13" 2 0.26759564938255 0.701308334552765 1
"14" 2 0.274137149113032 0.714057915385354 1
"15" 2 0.283368223060064 0.709954110441454 1
"16" 2 0.275576587621851 0.698841485295724 1
"17" 2 0.282455772907233 0.702161963189782 1
"18" 2 0.280818737028292 0.709837074041845 1
"19" 2 0.283440133298268 0.710989039064472 1
"20" 2 0.269187875677796 0.680549058426453 1
"21" 3 0.268999645063352 0.761355907127408 1
"22" 3 0.269005767044567 0.7735863326409 1
"23" 3 0.270438774173527 0.765014828707669 1
"24" 3 0.27096406458417 0.744576574909719 1
"25" 3 0.261185720488509 0.729830414488026 1
"26" 3 0.269721783656549 0.754802224737154 1
"27" 3 0.284124416205227 0.746116875704737 1
"28" 3 0.266996698231846 0.736538888344054 1
"29" 3 0.273614402012769 0.740469083560592 1
"30" 3 0.269530769062098 0.720408221337083 1
"31" 4 0.266668332736082 0.754641471554251 1
"32" 4 0.2760927698041 0.758413168391485 1
"33" 4 0.281483967608621 0.773879146004435 1
"34" 4 0.285770446549189 0.775921051389556 1
"35" 4 0.270166804023361 0.772270868743071 1
"36" 4 0.2632703350612 0.738481823541168 1
"37" 4 0.278802231547376 0.744871338993288 1
"38" 4 0.2722599774294 0.756559611702302 1
"39" 4 0.271297058921637 0.748015204168376 1
"40" 4 0.281007370944018 0.749763493078536 1
"41" 5 0.278915544621914 0.731880176496127 1
"42" 5 0.287841666432786 0.76333939225439 1
"43" 5 0.291862594612498 0.750994061651837 1
"44" 5 0.284158046032175 0.735963273845973 1
"45" 5 0.272677566986075 0.74691133368006 1
"46" 5 0.284473329551999 0.750310566056618 1
"47" 5 0.290854290993423 0.753530878420084 1
"48" 5 0.287911029775516 0.737682481907054 1
"49" 5 0.263715574364216 0.736678086643575 1
"50" 5 0.271498624302586 0.722870300194186 1
"51" 6 0.27950577351991 0.734156413727607 1
"52" 6 0.277320570868897 0.739946803259479 1
"53" 6 0.272713811336757 0.730584562422349 1
"54" 6 0.272016166564843 0.719261488305824 1
"55" 6 0.27997705719071 0.737836394806849 1
"56" 6 0.285807353608452 0.749235532446743 1
"57" 6 0.277746338562464 0.723045064510086 1
"58" 6 0.26590959097678 0.732815303017425 1
"59" 6 0.280357308295605 0.744519952600125 1
"60" 6 0.288937927268555 0.762280722307079 1
"61" 7 0.296904005405625 0.785273240330287 1
"62" 7 0.291652313834481 0.767378310908724 1
"63" 7 0.287339973252163 0.78835963764106 1
"64" 7 0.28924872158069 0.766162215467289 1
"65" 7 0.30260520928342 0.790250565498493 1
"66" 7 0.292257539079811 0.786128462756552 1
"67" 7 0.291604496960762 0.790087561412993 1
"68" 7 0.287545698593757 0.803667957382351 1
"69" 7 0.297504731129527 0.770139362141438 1
"70" 7 0.297765623990293 0.768778012109013 1
"71" 8 0.252757733824996 0.684230179074323 1
"72" 8 0.236229150014908 0.627621475590994 1
"73" 8 0.235514939240786 0.606727498050497 1
"74" 8 0.239075606683381 0.623973127136034 1
"75" 8 0.23796916666659 0.663248496630252 1
"76" 8 0.233395948501257 0.630206535398108 1
"77" 8 0.233394418444056 0.638355203363283 1
"78" 8 0.23861390259175 0.670483419036543 1
"79" 8 0.235238319329408 0.642668685164084 1
"80" 8 0.234669052223811 0.664042524173438 1
"81" 9 0.267819687568418 0.777409815021019 1
"82" 9 0.263530930476518 0.785047195639611 1
"83" 9 0.27075826170169 0.783552645066476 1
"84" 9 0.255017526492412 0.756010140670372 1
"85" 9 0.264487978247488 0.769660997276392 1
"86" 9 0.271134353030754 0.791254505585882 1
"87" 9 0.263418127022432 0.790437144747265 1
"88" 9 0.259183560923238 0.768399576452641 1
"89" 9 0.248481431529472 0.768024054206702 1
"90" 9 0.262671642135056 0.780825434978092 1
"91" 10 0.291572850484815 0.712345354405518 1
"92" 10 0.280371116003898 0.712037072189489 1
"93" 10 0.295908052675232 0.722976766440174 1
"94" 10 0.295205238177091 0.707786548770435 1
"95" 10 0.297380735495865 0.70867921252498 1
"96" 10 0.278172564910595 0.712321041100347 1
"97" 10 0.299045749670426 0.72042775147505 1
"98" 10 0.290661632727369 0.707705021528882 1
"99" 10 0.293977375333272 0.716129497724046 1
"100" 10 0.293343367151203 0.718979855275838 1
"101" 11 0.306307237556701 0.745112242618424 1
"102" 11 0.293476082803274 0.710789035910042 1
"103" 11 0.286427926772991 0.755442590491672 1
"104" 11 0.293306141969352 0.719569045199153 1
"105" 11 0.301290130404594 0.748264956542714 1
"106" 11 0.294569910937753 0.751879336000151 1
"107" 11 0.299011147522469 0.713216023006541 1
"108" 11 0.295872411616814 0.730597416165994 1
"109" 11 0.29135976102338 0.738529315967518 1
"110" 11 0.278867679619209 0.701285190575042 1
"111" 12 0.268131708271088 0.737986088106635 1
"112" 12 0.264002462856728 0.743439113996538 1
"113" 12 0.273560320460663 0.734205795586679 1
"114" 12 0.272406130355207 0.743002305184705 1
"115" 12 0.262614650191689 0.720694766225628 1
"116" 12 0.271903037039802 0.747277579585965 1
"117" 12 0.272526748651701 0.747374080536202 1
"118" 12 0.27368016609234 0.744294661011109 1
"119" 12 0.275713700639619 0.742136596659423 1
"120" 12 0.26294526512387 0.751681630115202 1
"121" 13 0.266675115574219 0.674954399905244 1
"122" 13 0.263233222813622 0.70478279885301 1
"123" 13 0.27079184296528 0.739993172967855 1
"124" 13 0.259210407848376 0.73498887454668 1
"125" 13 0.261648713904014 0.730302272217763 1
"126" 13 0.267899558652093 0.737111412598121 1
"127" 13 0.262047032605623 0.738448263916012 1
"128" 13 0.27494742639981 0.7313737474671 1
"129" 13 0.278742883809382 0.723740559447785 1
"130" 13 0.270030347580104 0.737973635851878 1
"131" 14 0.300957225549031 0.711300167549661 1
"132" 14 0.322472919189871 0.743690763166367 1
"133" 14 0.309429792598337 0.718390486170898 1
"134" 14 0.313071690577672 0.719816441219198 1
"135" 14 0.300084955468444 0.69884052740884 1
"136" 14 0.306700780923451 0.734803561298456 1
"137" 14 0.310518832153882 0.724346093940995 1
"138" 14 0.316771519256843 0.732914534489532 1
"139" 14 0.315936333433166 0.716166109044201 1
"140" 14 0.32140127419502 0.721121542271343 1
"141" 15 0.302732160578309 0.708293335339462 1
"142" 15 0.303265954827907 0.696023980305519 1
"143" 15 0.300435256326211 0.69864536996134 1
"144" 15 0.303691030984598 0.713626560749963 1
"145" 15 0.295021067084826 0.694323064686455 1
"146" 15 0.308568809264786 0.702453171098457 1
"147" 15 0.29177305679841 0.701157257505558 1
"148" 15 0.311419782722153 0.696799570804687 1
"149" 15 0.297972310839886 0.67899945079542 1
"150" 15 0.295564181704299 0.689241661109171 1
"151" 16 0.269556615840151 0.710474032421787 1
"152" 16 0.257273815691027 0.661629915665434 1
"153" 16 0.257541912258024 0.675218337499268 1
"154" 16 0.255728730066873 0.69355097240735 1
"155" 16 0.257478335589479 0.668800823583364 1
"156" 16 0.248043177844753 0.674702998655356 1
"157" 16 0.27254432784698 0.702663871569301 1
"158" 16 0.27685396722466 0.713839802075599 1
"159" 16 0.267098851480355 0.702256625893867 1
"160" 16 0.270583964753451 0.687225150366573 1
"161" 17 0.227375500090907 0.614152010696775 1
"162" 17 0.222748049818606 0.623283351086032 1
"163" 17 0.228831651473564 0.612497326077175 1
"164" 17 0.229705698149657 0.598354102726169 1
"165" 17 0.224235040282775 0.629319503506049 1
"166" 17 0.219625952505142 0.591613066993557 1
"167" 17 0.230942566824937 0.614792428311832 1
"168" 17 0.221514870107089 0.607878619100201 1
"169" 17 0.228211744484744 0.59524672142005 1
"170" 17 0.23682840755617 0.621645981169437 1
"171" 18 0.282797406397701 0.723202956379022 1
"172" 18 0.294450199483018 0.715371907488487 1
"173" 18 0.279351803959585 0.70948273986399 1
"174" 18 0.286561493424282 0.717870690152284 1
"175" 18 0.28161307025022 0.701517645930358 1
"176" 18 0.288697598368031 0.722142073099182 1
"177" 18 0.284045142840105 0.708429773663443 1
"178" 18 0.266841987639762 0.714939534931474 1
"179" 18 0.284897252681529 0.705001290633713 1
"180" 18 0.270702769462949 0.69321193599491 1
"181" 19 0.27521949905476 0.740177701001111 1
"182" 19 0.245880990081458 0.728880412707887 1
"183" 19 0.268305574544966 0.716886515974679 1
"184" 19 0.248197199263011 0.707676559536737 1
"185" 19 0.258515222164526 0.688717986867274 1
"186" 19 0.264502978896016 0.719156480201316 1
"187" 19 0.271294997036413 0.744530016248068 1
"188" 19 0.249645450774942 0.711688092932484 1
"189" 19 0.264766854965604 0.716613530205736 1
"190" 19 0.272092490882607 0.722011116901033 1
"191" 20 0.272375540655873 0.744540634766007 1
"192" 20 0.277500615689805 0.735979795662881 1
"193" 20 0.272424415621466 0.708028098033316 1
"194" 20 0.27562559984826 0.716738426052623 1
"195" 20 0.283664790556008 0.721242196991962 1
"196" 20 0.277150240476988 0.702044322177102 1
"197" 20 0.268651193872421 0.727270202529479 1
"198" 20 0.269262668266183 0.740178702556051 1
"199" 20 0.285114388380903 0.749763030201266 1
"200" 20 0.281081306308514 0.720682767350565 1
"201" 21 0.279383524510315 0.730813583072196 1
"202" 21 0.277273565831503 0.716598913839934 1
"203" 21 0.284962039898554 0.729953773086885 1
"204" 21 0.268493896724651 0.716835989548464 1
"205" 21 0.272133657802388 0.717940574334516 1
"206" 21 0.285305366247562 0.727681286807316 1
"207" 21 0.281183448786278 0.714863368391522 1
"208" 21 0.283999294877094 0.727657004061152 1
"209" 21 0.278553099121445 0.716718155504948 1
"210" 21 0.271501830402307 0.738875992001178 1
"211" 22 0.256759047220382 0.680091909336326 1
"212" 22 0.255716544987591 0.723661587149732 1
"213" 22 0.257357544215157 0.714039682160851 1
"214" 22 0.264824965835449 0.747942508459419 1
"215" 22 0.264258100260179 0.704981966536034 1
"216" 22 0.258279934106054 0.712524541807128 1
"217" 22 0.260118665188083 0.714478757362084 1
"218" 22 0.255630410074471 0.726274002871814 1
"219" 22 0.257443764832501 0.717739881638025 1
"220" 22 0.254745936013572 0.706391664066316 1
"221" 23 0.300434819125584 0.734113117847099 1
"222" 23 0.295731443736067 0.704493026447903 1
"223" 23 0.291020941324715 0.734744593923913 1
"224" 23 0.296642647380091 0.743639284511227 1
"225" 23 0.304067217780945 0.743864509105834 1
"226" 23 0.289204373645388 0.741499570579567 1
"227" 23 0.300654023730657 0.715923726335974 1
"228" 23 0.291913711267371 0.70453296623459 1
"229" 23 0.29642378482176 0.756233284377636 1
"230" 23 0.285096811010851 0.702213901636417 1
"231" 24 0.281424948819125 0.686298364994635 1
"232" 24 0.271582180884251 0.673811456956699 1
"233" 24 0.281498673310788 0.701448185297801 1
"234" 24 0.266004355795572 0.687125754681993 1
"235" 24 0.265908510920885 0.695845894349348 1
"236" 24 0.274128388585512 0.678809925836554 1
"237" 24 0.275198644197384 0.671528412380302 1
"238" 24 0.266656336621015 0.687960889878389 1
"239" 24 0.263222149920318 0.685105827349128 1
"240" 24 0.269037908740131 0.693544935802703 1
"241" 25 0.256503797512642 0.603026954655516 1
"242" 25 0.264226161290794 0.618197521315562 1
"243" 25 0.269641211971752 0.626271676050439 1
"244" 25 0.272061569759818 0.614676342597971 1
"245" 25 0.259040995269243 0.598418104231208 1
"246" 25 0.256429509543378 0.596760073629276 1
"247" 25 0.273606233774575 0.610106905917471 1
"248" 25 0.278515804011086 0.602877782970309 1
"249" 25 0.274951797823461 0.611977583290299 1
"250" 25 0.259302596347567 0.619832027410788 1
"251" 26 0.281560056533405 0.637885994687222 1
"252" 26 0.287927773279352 0.645716043358054 1
"253" 26 0.281410213274708 0.642274633298075 1
"254" 26 0.279689746997312 0.624072544901453 1
"255" 26 0.27721946833438 0.59065975400355 1
"256" 26 0.290511994080159 0.629793541961139 1
"257" 26 0.283732022828195 0.603070750038711 1
"258" 26 0.286191901605504 0.639499238449542 1
"259" 26 0.283833605092139 0.600484830987055 1
"260" 26 0.284594821059153 0.620392422249963 1
"261" 27 0.251439486079006 0.638650636972956 1
"262" 27 0.255295351292682 0.625735667685885 1
"263" 27 0.257350328977598 0.636559689201523 1
"264" 27 0.263833537053752 0.634950384726697 1
"265" 27 0.261650915699996 0.631096422341865 1
"266" 27 0.254714886354527 0.625750370749677 1
"267" 27 0.246071459169133 0.607035862145254 1
"268" 27 0.248291099047579 0.620581175860364 1
"269" 27 0.257803502252426 0.61881485228309 1
"270" 27 0.25160905658842 0.635410833808036 1
"271" 28 0.30036786276199 0.781442504403444 1
"272" 28 0.313907228511343 0.809939614916563 1
"273" 28 0.308188284234308 0.788549724324944 1
"274" 28 0.298354430539141 0.770427300760194 1
"275" 28 0.300254983623322 0.782535216730281 1
"276" 28 0.307080086812276 0.791191378608636 1
"277" 28 0.299113036673358 0.779352826755051 1
"278" 28 0.302029233411621 0.762089991946581 1
"279" 28 0.304284293721823 0.758391044113333 1
"280" 28 0.316390147310182 0.791154699073958 1
"281" 29 0.240376863938609 0.621943535468252 1
"282" 29 0.242075447148279 0.652099524302583 1
"283" 29 0.247340062948828 0.61924010043846 1
"284" 29 0.254990408087421 0.662433267309374 1
"285" 29 0.248860406418813 0.643675962017026 1
"286" 29 0.238438844144861 0.633622537549828 1
"287" 29 0.240744484135753 0.627338474211662 1
"288" 29 0.254738503778201 0.64406415023053 1
"289" 29 0.252536366725366 0.643678253409404 1
"290" 29 0.226388766310888 0.627596760540723 1
"291" 30 0.283412604895206 0.661218972254766 1
"292" 30 0.282836438691509 0.658085544183827 1
"293" 30 0.291221148075193 0.663150685655263 1
"294" 30 0.272714978861892 0.655391960326 1
"295" 30 0.265840534516379 0.612858860008009 1
"296" 30 0.277614965743421 0.653526935374515 1
"297" 30 0.286135874449625 0.646418110559517 1
"298" 30 0.283149268698441 0.656354826282949 1
"299" 30 0.262442442477378 0.622901590019396 1
"300" 30 0.275009436285989 0.65385264938421 1
"301" 31 0.271184243544657 0.693660051234941 1
"302" 31 0.270441180022551 0.696056381675646 1
"303" 31 0.288212450268215 0.713220909238627 1
"304" 31 0.279157537566538 0.71576805019709 1
"305" 31 0.288477957593814 0.717148118333065 1
"306" 31 0.272597246283257 0.703012887049101 1
"307" 31 0.286140348976096 0.709501366121025 1
"308" 31 0.286049336455889 0.690280173090886 1
"309" 31 0.29463578120041 0.692055638069371 1
"310" 31 0.275384155030895 0.697298584840256 1
"311" 32 0.304764445942998 0.723875455223809 1
"312" 32 0.317409064960898 0.727545589985776 1
"313" 32 0.3057547820694 0.711236038511916 1
"314" 32 0.316969799686112 0.72944243812351 1
"315" 32 0.295479146537682 0.721499654605163 1
"316" 32 0.324508359783005 0.714245115751689 1
"317" 32 0.312796307055511 0.723311222875602 1
"318" 32 0.315152943409571 0.743494589183529 1
"319" 32 0.30817752589166 0.739052734904138 1
"320" 32 0.306366153931988 0.736012875923333 1
"321" 33 0.283689741202704 0.743793243478513 1
"322" 33 0.290477132523327 0.742202250006508 1
"323" 33 0.296510862154094 0.75625109503192 1
"324" 33 0.293660267839388 0.763637064420429 1
"325" 33 0.292570658350066 0.731714522610439 1
"326" 33 0.288243284770203 0.738314302123478 1
"327" 33 0.294948268566206 0.734355888186256 1
"328" 33 0.288270799849038 0.730636082672387 1
"329" 33 0.301075694892116 0.778375310244589 1
"330" 33 0.290579192500425 0.748290874024044 1
"331" 34 0.320965731367968 0.66524395060288 1
"332" 34 0.30750778642014 0.682287550803251 1
"333" 34 0.317933451844575 0.652921676242648 1
"334" 34 0.323307941755126 0.687733872959705 1
"335" 34 0.31534513329185 0.690459453689497 1
"336" 34 0.319177368593449 0.682911404555231 1
"337" 34 0.32278515066656 0.689750609388072 1
"338" 34 0.30796731714712 0.686345651423252 1
"339" 34 0.32322236447252 0.67258021678916 1
"340" 34 0.309963867556368 0.677921745712321 1
"341" 35 0.531124855576162 0.768004533662958 2
"342" 35 0.523386974936253 0.785429539334959 2
"343" 35 0.522403186634003 0.793790879061324 2
"344" 35 0.526821443630595 0.787926203890985 2
"345" 35 0.527870305292711 0.778495998581692 2
"346" 35 0.538009083056402 0.805987053735227 2
"347" 35 0.513955890442049 0.767063105489667 2
"348" 35 0.531147651257272 0.779902739248526 2
"349" 35 0.528703849083703 0.795791745273317 2
"350" 35 0.519705133882133 0.773672036025474 2
"351" 36 0.474673949327521 0.814053343958697 2
"352" 36 0.466090304680461 0.799630980949583 2
"353" 36 0.481922877449424 0.815401184355658 2
"354" 36 0.469970228711253 0.822473718242945 2
"355" 36 0.476724045642101 0.815347285153231 2
"356" 36 0.466860691048093 0.81432627477572 2
"357" 36 0.482885005848432 0.842514801874442 2
"358" 36 0.483832848013742 0.827745081940603 2
"359" 36 0.469787341786665 0.829446542692917 2
"360" 36 0.467321685210591 0.814240179894422 2
"361" 37 0.507626072864331 0.805626089845705 2
"362" 37 0.520254422869985 0.820221271660834 2
"363" 37 0.50322781104085 0.802615068971723 2
"364" 37 0.519891309798224 0.817140195899377 2
"365" 37 0.515158280666117 0.819422400756686 2
"366" 37 0.513251188583521 0.814297446919136 2
"367" 37 0.517063917392838 0.799587558807396 2
"368" 37 0.527685867347776 0.843444845556655 2
"369" 37 0.518427209150494 0.824012011131497 2
"370" 37 0.51744264173045 0.823696037803011 2
"371" 38 0.480319625361303 0.889255269513132 2
"372" 38 0.473549377130021 0.866130107910475 2
"373" 38 0.482712612903301 0.870057964067224 2
"374" 38 0.49159936288386 0.884381020677877 2
"375" 38 0.485949862790237 0.883763898611576 2
"376" 38 0.47702023223469 0.849739478370778 2
"377" 38 0.477078569245653 0.886470093513593 2
"378" 38 0.481315885139867 0.886374155373246 2
"379" 38 0.481668975066371 0.872844348417952 2
"380" 38 0.471547334182681 0.855590887577971 2
"381" 39 0.490217228126116 0.792369174706185 2
"382" 39 0.483259446472716 0.79708665716731 2
"383" 39 0.492053565044542 0.771373928476569 2
"384" 39 0.490323176912668 0.768035210838589 2
"385" 39 0.495024290611027 0.793869684526821 2
"386" 39 0.490644260356144 0.784017553392023 2
"387" 39 0.499411530492338 0.79744185499002 2
"388" 39 0.488778352242317 0.813618138430955 2
"389" 39 0.478648315652285 0.777962499521634 2
"390" 39 0.490252862396283 0.796337647506383 2
"391" 40 0.521621341506042 0.831863376975249 2
"392" 40 0.52663012320787 0.852181774232737 2
"393" 40 0.537770075829168 0.875905083995214 2
"394" 40 0.530260227293959 0.847260429807188 2
"395" 40 0.52529280288106 0.866361934570135 2
"396" 40 0.525924571343765 0.855214804730801 2
"397" 40 0.527560145057642 0.870792013321649 2
"398" 40 0.527491927875878 0.846869413050088 2
"399" 40 0.523870321791422 0.842640667796897 2
"400" 40 0.520474561753361 0.822563807458244 2
"401" 41 0.498242123309906 0.773291645046195 2
"402" 41 0.487228237050625 0.773094759282832 2
"403" 41 0.498171836415288 0.773023326089828 2
"404" 41 0.498738011061591 0.770271899080012 2
"405" 41 0.492729804701656 0.794422142287741 2
"406" 41 0.500155467400528 0.800500624303833 2
"407" 41 0.487108763410211 0.791367945493412 2
"408" 41 0.495832809311522 0.803406933109431 2
"409" 41 0.487981308298283 0.794100735211466 2
"410" 41 0.506497680149063 0.794665129885999 2
"411" 42 0.471222421358299 0.772526479911239 2
"412" 42 0.465903046844464 0.800825265248142 2
"413" 42 0.466780400263752 0.781307411799575 2
"414" 42 0.460627962397665 0.76058101378749 2
"415" 42 0.47040274040684 0.791404584413527 2
"416" 42 0.464981353441579 0.789079070037342 2
"417" 42 0.449936814997406 0.772548260788757 2
"418" 42 0.471919961649309 0.786489650291672 2
"419" 42 0.463987056235283 0.77583442330541 2
"420" 42 0.454660436541377 0.781429108453643 2
"421" 43 0.489393471636567 0.847831186652757 2
"422" 43 0.478199541222364 0.847006197577434 2
"423" 43 0.484958614527882 0.844372476332773 2
"424" 43 0.502039125408057 0.865121754594554 2
"425" 43 0.483414478591507 0.85695728759884 2
"426" 43 0.497578497597073 0.859686054767786 2
"427" 43 0.492480943602321 0.853547730602317 2
"428" 43 0.488424499643046 0.849847857952451 2
"429" 43 0.484689945633588 0.851888931577664 2
"430" 43 0.480746687592862 0.873102695397178 2
"431" 44 0.518534339360485 0.823724152632899 2
"432" 44 0.51804131214516 0.819202879054099 2
"433" 44 0.523641206471892 0.8452511015535 2
"434" 44 0.506234775674813 0.817392564854478 2
"435" 44 0.5174807507407 0.833745943952851 2
"436" 44 0.516075124376942 0.824570130708777 2
"437" 44 0.525158201702504 0.843559739687007 2
"438" 44 0.515696629676014 0.823976776411137 2
"439" 44 0.521908797792595 0.841826060818924 2
"440" 44 0.512437709711616 0.836327642550762 2
"441" 45 0.453668522915292 0.867614576396506 2
"442" 45 0.44503678791323 0.836789941406161 2
"443" 45 0.451677820807035 0.831273282770857 2
"444" 45 0.44615077784497 0.819544963117372 2
"445" 45 0.453200905771763 0.821013244938014 2
"446" 45 0.46800953377275 0.844264576516653 2
"447" 45 0.440016554031693 0.802090626611132 2
"448" 45 0.455403206373723 0.831370351036749 2
"449" 45 0.466433467287003 0.85270925648271 2
"450" 45 0.446445815072116 0.823685803814313 2
"451" 46 0.516631646210643 0.787694666118334 2
"452" 46 0.503511438333487 0.750936814426658 2
"453" 46 0.508831834572866 0.77473364755326 2
"454" 46 0.51805726204457 0.782365227419068 2
"455" 46 0.514770383113147 0.779786921970834 2
"456" 46 0.513135296909892 0.784327964085822 2
"457" 46 0.521871855244897 0.779020565743011 2
"458" 46 0.513756949059819 0.774031244382427 2
"459" 46 0.512776342212499 0.791021682514952 2
"460" 46 0.511141662586461 0.801839663983863 2
"461" 47 0.579581885531779 0.875027637553907 2
"462" 47 0.567584677315492 0.85831030220612 2
"463" 47 0.593413274357915 0.885069100789299 2
"464" 47 0.588121584957083 0.876028369184502 2
"465" 47 0.567934390465723 0.896558452079871 2
"466" 47 0.580591914796784 0.885147237830635 2
"467" 47 0.570655243756482 0.88393136530925 2
"468" 47 0.577033191708401 0.873082199546545 2
"469" 47 0.582706465874212 0.897166464201229 2
"470" 47 0.58285821846229 0.869664792575817 2
"471" 48 0.475880191988065 0.835395790755215 2
"472" 48 0.481734562646423 0.817772661806069 2
"473" 48 0.46575149307464 0.811929647022437 2
"474" 48 0.47158906621139 0.83267460764858 2
"475" 48 0.471890395117712 0.837206649198769 2
"476" 48 0.47091827547922 0.835846657243271 2
"477" 48 0.472806926497756 0.794934712263266 2
"478" 48 0.476466985907648 0.854624162391552 2
"479" 48 0.474746565626638 0.822206816990001 2
"480" 48 0.466292501668681 0.812451183181269 2
"481" 49 0.43989830987104 0.823209696013485 2
"482" 49 0.445077422036941 0.82880222115257 2
"483" 49 0.435379975838809 0.835635489925891 2
"484" 49 0.454943799005771 0.822690822148677 2
"485" 49 0.460261897849556 0.831850467964581 2
"486" 49 0.446091713561735 0.821394071305644 2
"487" 49 0.455380076458336 0.828747289445261 2
"488" 49 0.435355021169228 0.808152073720427 2
"489" 49 0.437753555147562 0.828371764843804 2
"490" 49 0.43454216611162 0.801813828668304 2
"491" 50 0.506004016258572 0.767385494475085 2
"492" 50 0.501483983642887 0.761548166554344 2
"493" 50 0.494301141297181 0.764798830629689 2
"494" 50 0.501349774399764 0.734163723683795 2
"495" 50 0.488745867527438 0.753920951816959 2
"496" 50 0.497295131129227 0.763963058091504 2
"497" 50 0.500937592774108 0.753996264548452 2
"498" 50 0.483101371160751 0.742864188266295 2
"499" 50 0.491103856661189 0.759395624295916 2
"500" 50 0.492366438536415 0.769497862530104 2
"501" 51 0.495659443311018 0.821786048725745 2
"502" 51 0.486205093765454 0.811184235958629 2
"503" 51 0.48931685976157 0.810591455182443 2
"504" 51 0.493804439824079 0.824590358406987 2
"505" 51 0.499396406842166 0.835765352105998 2
"506" 51 0.479875642019567 0.802411688943431 2
"507" 51 0.496790818718476 0.823204769958972 2
"508" 51 0.489884642501527 0.814103642182 2
"509" 51 0.476485388122855 0.812198107555677 2
"510" 51 0.487099795071128 0.811761818096117 2
"511" 52 0.506123595197667 0.8637757984295 2
"512" 52 0.484299742356193 0.805878324030694 2
"513" 52 0.497020290187737 0.825383472269838 2
"514" 52 0.501768661224321 0.80701273993393 2
"515" 52 0.504519278761536 0.842483528283461 2
"516" 52 0.50610294754812 0.833449267814735 2
"517" 52 0.500170369604936 0.831857116580478 2
"518" 52 0.496082365364912 0.838714713194731 2
"519" 52 0.51128282420967 0.837243460534653 2
"520" 52 0.503498487591732 0.843022358736045 2
"521" 53 0.479041205965992 0.783276832576218 2
"522" 53 0.485119426492386 0.808980477426286 2
"523" 53 0.476427468747115 0.796919630360133 2
"524" 53 0.479116588499871 0.781079524890698 2
"525" 53 0.483632553753106 0.784094830811876 2
"526" 53 0.477269832216136 0.787838063875019 2
"527" 53 0.477633678853405 0.790486189778123 2
"528" 53 0.476371826734547 0.804876250461166 2
"529" 53 0.486925663428438 0.790672351908336 2
"530" 53 0.490453361599094 0.803223737609648 2
"531" 54 0.523182270549823 0.861843628787815 2
"532" 54 0.49893573333327 0.83804819916686 2
"533" 54 0.515669506872678 0.853258941275891 2
"534" 54 0.501283309037605 0.858884172569977 2
"535" 54 0.505776820387759 0.829991932441576 2
"536" 54 0.509321190327131 0.852362087877391 2
"537" 54 0.511009722711195 0.847257005537121 2
"538" 54 0.516199274915309 0.839999742380965 2
"539" 54 0.509444815989551 0.841255683728707 2
"540" 54 0.51994955620866 0.835478482379537 2
"541" 55 0.525658901102382 0.845943556117849 2
"542" 55 0.529442472838208 0.854569230148941 2
"543" 55 0.530669600855906 0.858878465283335 2
"544" 55 0.533110159068437 0.851574171927419 2
"545" 55 0.539599445285305 0.84881702603566 2
"546" 55 0.524500277549772 0.865942383199093 2
"547" 55 0.535169108974087 0.870806994588705 2
"548" 55 0.525149408040154 0.852313992598976 2
"549" 55 0.520686844980005 0.836907810204872 2
"550" 55 0.525689568838372 0.849337390529542 2
"551" 56 0.550075423557787 0.772304847144826 2
"552" 56 0.527690634375769 0.780071774618426 2
"553" 56 0.532490657357459 0.792733157917584 2
"554" 56 0.54392548926533 0.767566316552097 2
"555" 56 0.536260716952099 0.783574698917136 2
"556" 56 0.532159513854705 0.792408943136669 2
"557" 56 0.541196363124995 0.79543106896561 2
"558" 56 0.544170616861091 0.798458437050821 2
"559" 56 0.545323318206471 0.766396747372697 2
"560" 56 0.540194747759213 0.797026859464838 2
"561" 57 0.494487698737146 0.833445677265786 2
"562" 57 0.498303778437108 0.839058280304636 2
"563" 57 0.51154100199272 0.862653787566111 2
"564" 57 0.49646579605831 0.83437639584383 2
"565" 57 0.497888756374748 0.838708538767067 2
"566" 57 0.484045613614141 0.821770597961094 2
"567" 57 0.490076184381884 0.851179704598897 2
"568" 57 0.490839131627507 0.861097731587065 2
"569" 57 0.496676804431448 0.837796939886833 2
"570" 57 0.494150276075858 0.85065822321549 2
"571" 58 0.506206712508151 0.782740660814552 2
"572" 58 0.509268963484594 0.802373691020959 2
"573" 58 0.502640445171013 0.773251649931204 2
"574" 58 0.478072322921704 0.782689399915656 2
"575" 58 0.500606892564324 0.784361791500012 2
"576" 58 0.5001668980294 0.74868483367213 2
"577" 58 0.500613554087932 0.772349457814039 2
"578" 58 0.489150370943402 0.777438290397411 2
"579" 58 0.499527772730156 0.77248273785699 2
"580" 58 0.503875403271386 0.795953637040669 2
"581" 59 0.480650423886646 0.733042842011233 2
"582" 59 0.475179311207695 0.738441185636425 2
"583" 59 0.485695289942756 0.744181218344126 2
"584" 59 0.486934690795697 0.732848615050514 2
"585" 59 0.487594766102777 0.74456651524137 2
"586" 59 0.476937841385691 0.727032594399318 2
"587" 59 0.481433483745992 0.750475596561733 2
"588" 59 0.492643728011816 0.740763192846109 2
"589" 59 0.496145766944005 0.748694711061254 2
"590" 59 0.48656978571586 0.756994799857452 2
"591" 60 0.519636108555798 0.699447365785891 2
"592" 60 0.514838524862164 0.71991154961629 2
"593" 60 0.502721565760752 0.719429573311913 2
"594" 60 0.526363808257964 0.750903342066563 2
"595" 60 0.523699012875791 0.72706467536932 2
"596" 60 0.523863080095321 0.749432859344147 2
"597" 60 0.510966895262401 0.718682189869876 2
"598" 60 0.518464705113659 0.726643229440255 2
"599" 60 0.518100350239036 0.725641112369311 2
"600" 60 0.507178317558168 0.699231089963902 2
"601" 61 0.485784530279188 0.900902837590981 2
"602" 61 0.486681398361143 0.901893768288294 2
"603" 61 0.471259318067018 0.889104317942834 2
"604" 61 0.483096536571146 0.903064640117151 2
"605" 61 0.487499448396669 0.911401921586842 2
"606" 61 0.495025433504473 0.918008332982628 2
"607" 61 0.483149477828426 0.908528584903137 2
"608" 61 0.475117337302324 0.893485810144594 2
"609" 61 0.482672063833564 0.91693242934241 2
"610" 61 0.4824455265285 0.913067098884768 2
"611" 62 0.51754299370857 0.826497715851242 2
"612" 62 0.528759660509975 0.858263594690616 2
"613" 62 0.52334788007327 0.841406907468836 2
"614" 62 0.530362498160423 0.845659020947755 2
"615" 62 0.523456691005096 0.829508394520018 2
"616" 62 0.544112157098624 0.840362896770317 2
"617" 62 0.531325606477451 0.815497299825786 2
"618" 62 0.522072551790119 0.828014985362265 2
"619" 62 0.514395885027635 0.813096746189938 2
"620" 62 0.522844918374263 0.835532247536656 2
"621" 63 0.499072427105403 0.830995742340612 2
"622" 63 0.500550753236393 0.812748512609609 2
"623" 63 0.491557937019599 0.8433513043199 2
"624" 63 0.493708490135076 0.81237567165356 2
"625" 63 0.500638927624546 0.856925792608304 2
"626" 63 0.496875147643477 0.83363437502358 2
"627" 63 0.494182371490487 0.828733821046936 2
"628" 63 0.495191787940351 0.84274176726888 2
"629" 63 0.500790017866898 0.827029598712966 2
"630" 63 0.487287322873167 0.826807142171709 2
"631" 64 0.526377162704409 0.834122289140962 2
"632" 64 0.529648858734754 0.840186335863392 2
"633" 64 0.530596680590666 0.84004454797537 2
"634" 64 0.507787809346802 0.793567131609125 2
"635" 64 0.526100000968873 0.806955561881539 2
"636" 64 0.528805526898043 0.828266485546745 2
"637" 64 0.527894804460072 0.838354875749824 2
"638" 64 0.51065817986525 0.835865898782163 2
"639" 64 0.522923165113886 0.833076886087713 2
"640" 64 0.523028436744289 0.81445957748181 2
"641" 65 0.497908389315099 0.833591029821698 2
"642" 65 0.461513585200998 0.808088067405257 2
"643" 65 0.485413794637567 0.831518489454021 2
"644" 65 0.479750670235786 0.827579975887666 2
"645" 65 0.483489696885963 0.813483388703822 2
"646" 65 0.494658600103493 0.818209210891629 2
"647" 65 0.497247814037328 0.82377914308319 2
"648" 65 0.501110306975079 0.844572042052027 2
"649" 65 0.480892188505315 0.839176876755113 2
"650" 65 0.4917911587741 0.828270837163842 2
"651" 66 0.500359112643758 0.829425924154299 2
"652" 66 0.491156538548166 0.793887487158809 2
"653" 66 0.506158769872959 0.800884464757838 2
"654" 66 0.50308051199652 0.827175569134129 2
"655" 66 0.504169959451173 0.808228522864138 2
"656" 66 0.511655268219774 0.831830294526349 2
"657" 66 0.509482735133953 0.831699030101905 2
"658" 66 0.495255521866957 0.808043790096931 2
"659" 66 0.50503079427709 0.825305235813259 2
"660" 66 0.492161877116467 0.811908211281956 2
"661" 67 0.543902486434323 0.906445502177853 2
"662" 67 0.525453843777249 0.888471527290646 2
"663" 67 0.535263592279454 0.86456778090731 2
"664" 67 0.541153099247947 0.889589589806288 2
"665" 67 0.538385091763263 0.881418340692122 2
"666" 67 0.529396486030129 0.880119875761633 2
"667" 67 0.533394849205725 0.880365422969873 2
"668" 67 0.532417523064298 0.877299542354905 2
"669" 67 0.524844637190012 0.86044915957183 2
"670" 67 0.529756749908158 0.878909226451083 2
"671" 68 0.469773365186442 0.842573979610893 2
"672" 68 0.479702781662466 0.851276060479056 2
"673" 68 0.475661951077587 0.858765290655365 2
"674" 68 0.46472063255508 0.804383694808731 2
"675" 68 0.471507732916076 0.848240763638791 2
"676" 68 0.461506453930868 0.818957082043272 2
"677" 68 0.466656553956042 0.805197154667933 2
"678" 68 0.45774861107632 0.823151980418588 2
"679" 68 0.482898789263521 0.85728846411881 2
"680" 68 0.472106913838425 0.84553272329652 2
"681" 69 0.475416277144275 0.79470875158349 2
"682" 69 0.469240875990243 0.739117601440455 2
"683" 69 0.476532364289184 0.764190358161524 2
"684" 69 0.476684866901609 0.787015744779511 2
"685" 69 0.464685696761118 0.769527578247472 2
"686" 69 0.478079097112596 0.814764906631624 2
"687" 69 0.468234966749728 0.761952000340004 2
"688" 69 0.480194620531885 0.789198498907414 2
"689" 69 0.46551541182277 0.771198710868423 2
"690" 69 0.480273954778529 0.812211056011406 2
"691" 70 0.479964034446984 0.877772100804057 2
"692" 70 0.491228527884223 0.892997852314731 2
"693" 70 0.494919053021206 0.849833851237098 2
"694" 70 0.506525125992005 0.888743683144175 2
"695" 70 0.480089878374596 0.865163417887132 2
"696" 70 0.482178771510582 0.856698340570386 2
"697" 70 0.483092237164664 0.873021289174885 2
"698" 70 0.489486584709122 0.889244177709127 2
"699" 70 0.487928835563213 0.891324512956831 2
"700" 70 0.494868574708904 0.901284011894041 2
"701" 71 0.462487218969174 0.723980331606222 2
"702" 71 0.46680678322085 0.746218067164273 2
"703" 71 0.466364772784769 0.758137278782389 2
"704" 71 0.472883382812852 0.744181257831974 2
"705" 71 0.459625684454673 0.732441064238736 2
"706" 71 0.462537134895145 0.733781385561223 2
"707" 71 0.466459203952052 0.730061230169131 2
"708" 71 0.466165317677447 0.742028400237955 2
"709" 71 0.465326435409733 0.735094455959448 2
"710" 71 0.457907870686623 0.746850595628147 2
"711" 72 0.66274375890243 0.853950444306435 3
"712" 72 0.63506384130122 0.86252171784581 3
"713" 72 0.650289764627233 0.841791653094039 3
"714" 72 0.646008742383593 0.853356760700593 3
"715" 72 0.65410924591193 0.847451331188849 3
"716" 72 0.6550157855712 0.867532547131028 3
"717" 72 0.638484735458951 0.851812210257748 3
"718" 72 0.647746813507143 0.842100284189095 3
"719" 72 0.650351214859452 0.862964546300495 3
"720" 72 0.643383728795817 0.83381428003421 3
"721" 73 0.68344334221701 1.01880380259501 3
"722" 73 0.683966988898362 0.993720148096731 3
"723" 73 0.676002100745797 0.973298978422568 3
"724" 73 0.686574731253073 0.996393243631977 3
"725" 73 0.676540242005296 0.989127435670986 3
"726" 73 0.676266598659222 0.984634619362892 3
"727" 73 0.665636125157351 1.01217666191207 3
"728" 73 0.687618886431736 1.01455051737137 3
"729" 73 0.664184762454348 0.98852578351916 3
"730" 73 0.670520102224286 0.981769495528872 3
"731" 74 0.667986092753784 0.907912436034617 3
"732" 74 0.649498642740036 0.879830447386059 3
"733" 74 0.656800035267777 0.868281514807117 3
"734" 74 0.657562549107511 0.870206799960555 3
"735" 74 0.66438586317801 0.912967389687196 3
"736" 74 0.670976382588796 0.884551756474787 3
"737" 74 0.655358979427703 0.854895159667714 3
"738" 74 0.645333418756209 0.88066532847374 3
"739" 74 0.658632256277791 0.859558919595733 3
"740" 74 0.659483870215834 0.87694361769395 3
"741" 75 0.662418128943186 0.833818130181929 3
"742" 75 0.650130831403125 0.832281486565691 3
"743" 75 0.660323074334618 0.833211691435136 3
"744" 75 0.662976804763733 0.85541718199607 3
"745" 75 0.673688752293753 0.888095699862403 3
"746" 75 0.659518619255591 0.853024553087216 3
"747" 75 0.651269604031851 0.833864915720333 3
"748" 75 0.648302488590384 0.797738975548764 3
"749" 75 0.652096459418824 0.830358966901345 3
"750" 75 0.663469814541434 0.842598401921347 3
"751" 76 0.639497688276299 0.920833088055053 3
"752" 76 0.637616634990793 0.92089589970523 3
"753" 76 0.633848876700976 0.924477712369061 3
"754" 76 0.658381096792745 0.942400375799015 3
"755" 76 0.639379364228157 0.90477527731289 3
"756" 76 0.643590737262355 0.912953259453608 3
"757" 76 0.635690044097172 0.916513038191666 3
"758" 76 0.6506176929548 0.917851591336765 3
"759" 76 0.657557464334141 0.926474806905718 3
"760" 76 0.639582401727092 0.938884844163773 3
"761" 77 0.664304326315729 0.870112933511138 3
"762" 77 0.671010244317906 0.884188254300851 3
"763" 77 0.67472582386631 0.889778116028325 3
"764" 77 0.665992530286249 0.865854364207842 3
"765" 77 0.678301059781872 0.890379328900849 3
"766" 77 0.671438279172903 0.86792953903899 3
"767" 77 0.672590735549453 0.870105364524403 3
"768" 77 0.664056360048272 0.871413808654207 3
"769" 77 0.668300468195008 0.86127929580607 3
"770" 77 0.660900592681155 0.873863495115828 3
"771" 78 0.625730371838917 0.7933153583818 3
"772" 78 0.621519011516543 0.778444021187411 3
"773" 78 0.625197566650418 0.761050599195671 3
"774" 78 0.628454634180995 0.805779474610851 3
"775" 78 0.625212494595084 0.778037505229486 3
"776" 78 0.621652864991262 0.781792322565858 3
"777" 78 0.605702934684042 0.790384977142571 3
"778" 78 0.626736381428749 0.778762637618915 3
"779" 78 0.622704011219376 0.777160126338471 3
"780" 78 0.623495732913012 0.769937120340213 3
"781" 79 0.690024017640764 0.967930039211377 3
"782" 79 0.700830802293706 0.986064255304901 3
"783" 79 0.701030938901465 0.941731878984826 3
"784" 79 0.691405943844239 0.956461178035629 3
"785" 79 0.685920565745201 0.971559148574812 3
"786" 79 0.695775435724066 0.979697262867948 3
"787" 79 0.69359356147673 0.959308313025482 3
"788" 79 0.696710556256421 0.993680982921939 3
"789" 79 0.699902547045055 0.975747366052851 3
"790" 79 0.690832174804697 0.981732864001417 3
"791" 80 0.651412496637792 0.955172033767038 3
"792" 80 0.668366110330127 0.949856625817782 3
"793" 80 0.659284758763973 0.932717684272062 3
"794" 80 0.668198543722303 0.941616467642243 3
"795" 80 0.675284860032484 0.988186780186171 3
"796" 80 0.667846062094975 0.948073449653904 3
"797" 80 0.676687740451805 0.937785259785229 3
"798" 80 0.666304219771378 0.973115392232645 3
"799" 80 0.671153684984385 0.954939110535918 3
"800" 80 0.679915066759988 0.931122579820839 3
"801" 81 0.631649124540524 0.960491814843144 3
"802" 81 0.629162222192651 0.934156990248636 3
"803" 81 0.644756713110773 0.949911809923214 3
"804" 81 0.636369650298776 0.955778840194281 3
"805" 81 0.633691174586109 0.957862354501923 3
"806" 81 0.631240882088643 0.935111835169005 3
"807" 81 0.634199795416856 0.950466045636136 3
"808" 81 0.634272802452119 0.952710770633659 3
"809" 81 0.639742940918605 0.95341969136185 3
"810" 81 0.6397790520472 0.948576060478659 3
"811" 82 0.706383526688656 0.968022858599202 3
"812" 82 0.697514121243793 0.94771569542459 3
"813" 82 0.690829724728077 0.948376167214513 3
"814" 82 0.690802625770986 0.943089916651497 3
"815" 82 0.700185336920323 0.948761290814527 3
"816" 82 0.693288263782998 0.969730519942951 3
"817" 82 0.697311655147099 0.969167783785051 3
"818" 82 0.702106926669021 0.956718525983302 3
"819" 82 0.693422286556408 0.952639353976874 3
"820" 82 0.693249544953754 0.94000152733719 3
"821" 83 0.635548175228898 0.866547566543385 3
"822" 83 0.622314387106053 0.82440997590168 3
"823" 83 0.641781176912304 0.847796566778564 3
"824" 83 0.622268099390443 0.83459573141075 3
"825" 83 0.629742308895836 0.84784775819037 3
"826" 83 0.638460290981435 0.88046678297085 3
"827" 83 0.637687940550588 0.835052439905507 3
"828" 83 0.641718220382344 0.864670568454217 3
"829" 83 0.628066104655892 0.863593171808715 3
"830" 83 0.638136391112172 0.863470837117288 3
"831" 84 0.728092281837483 0.840174740273311 3
"832" 84 0.710364139847326 0.83931038556378 3
"833" 84 0.727255125868019 0.835929118163504 3
"834" 84 0.723127502634906 0.835155397740652 3
"835" 84 0.724028781700642 0.835168184913534 3
"836" 84 0.704018593673677 0.811176732188414 3
"837" 84 0.714588548423488 0.849607059193512 3
"838" 84 0.712933369221851 0.827205467182113 3
"839" 84 0.716354220262824 0.8325946033324 3
"840" 84 0.7184656330097 0.885676892834346 3
"841" 85 0.663812149499001 0.925455487856594 3
"842" 85 0.668173270090752 0.932247892267871 3
"843" 85 0.667694346387321 0.927161166889357 3
"844" 85 0.657614231531395 0.908897094688222 3
"845" 85 0.654123697258015 0.911845872115031 3
"846" 85 0.655070710225911 0.933248631818955 3
"847" 85 0.67409612125115 0.936345265123842 3
"848" 85 0.662594243189536 0.922884055537575 3
"849" 85 0.655024582453771 0.910253063622209 3
"850" 85 0.65715599841505 0.879448107059203 3
"851" 86 0.622150859397725 0.787691618638006 3
"852" 86 0.614509586643245 0.813450477894374 3
"853" 86 0.62698805360548 0.805721967829583 3
"854" 86 0.614860000928549 0.798294619483412 3
"855" 86 0.624917738010922 0.810523835341387 3
"856" 86 0.618248442819894 0.816101042244098 3
"857" 86 0.628995966780914 0.807819266824326 3
"858" 86 0.627290021643502 0.831042207660598 3
"859" 86 0.605573113127216 0.808144446146615 3
"860" 86 0.615961402899283 0.80348667157606 3
"861" 87 0.669939138799255 0.907393329596829 3
"862" 87 0.675642790596566 0.906025989033075 3
"863" 87 0.669321580540179 0.921163117181065 3
"864" 87 0.676933735684297 0.910172380242234 3
"865" 87 0.677056772774134 0.916136459327787 3
"866" 87 0.670446231384662 0.91331416178413 3
"867" 87 0.68178570248697 0.941152958369057 3
"868" 87 0.672285048619833 0.920066385516847 3
"869" 87 0.671498028402074 0.9247201834972 3
"870" 87 0.68141820267589 0.910067969230492 3
"871" 88 0.702347654370942 0.950456762232986 3
"872" 88 0.703917657953924 0.91928371357818 3
"873" 88 0.697973966906352 0.935036655994469 3
"874" 88 0.700218948495325 0.916777325586767 3
"875" 88 0.699791734102422 0.928744247000833 3
"876" 88 0.694371468101706 0.918923316958952 3
"877" 88 0.693393100371441 0.948815240784722 3
"878" 88 0.688528454290863 0.901556544101621 3
"879" 88 0.698288421113209 0.932171901909764 3
"880" 88 0.677602397112853 0.927920241213531 3
"881" 89 0.654872136335269 0.951064169358419 3
"882" 89 0.640949073005607 0.937592753461966 3
"883" 89 0.651214952685135 0.932339104616825 3
"884" 89 0.640908870208737 0.928364875086791 3
"885" 89 0.628899865593438 0.9295970478371 3
"886" 89 0.65112736542097 0.933455132195002 3
"887" 89 0.649710525771728 0.933109232793997 3
"888" 89 0.645434246988517 0.961685356098479 3
"889" 89 0.657074324352926 0.944541149894181 3
"890" 89 0.643078512333451 0.94149588576062 3
"891" 90 0.647788591909698 0.868176963091874 3
"892" 90 0.657292501354048 0.866802023686024 3
"893" 90 0.647586751198009 0.874066484024932 3
"894" 90 0.659700450004491 0.878688066643882 3
"895" 90 0.644805238529333 0.860382075440414 3
"896" 90 0.645652319788667 0.876545708802838 3
"897" 90 0.650023410815791 0.891743167066589 3
"898" 90 0.662188912727479 0.856762982829901 3
"899" 90 0.662792809767645 0.887778985251621 3
"900" 90 0.644807485179519 0.861340426331901 3
"901" 91 0.659348371024183 0.891330907730752 3
"902" 91 0.65947574593232 0.887927203345919 3
"903" 91 0.657567576752697 0.863415468770016 3
"904" 91 0.647619259100405 0.863932412284278 3
"905" 91 0.663029846821727 0.895043361382504 3
"906" 91 0.669821243115626 0.888720324006727 3
"907" 91 0.665417746813513 0.897069383371907 3
"908" 91 0.651080867173162 0.906181103147067 3
"909" 91 0.651159877968845 0.901153949656455 3
"910" 91 0.657514493710187 0.888938805057379 3
"911" 92 0.685192418204878 0.885309616951732 3
"912" 92 0.690946417672981 0.906273953868742 3
"913" 92 0.679391162531374 0.872610425979455 3
"914" 92 0.67490721069643 0.876190779504357 3
"915" 92 0.66850421047287 0.853246246548038 3
"916" 92 0.679669265045759 0.882998166855221 3
"917" 92 0.672160522744947 0.887118724956012 3
"918" 92 0.67561845867058 0.876012242040003 3
"919" 92 0.698359114803259 0.89290818588737 3
"920" 92 0.684566710340369 0.872879247610267 3
"921" 93 0.664575472331661 1.01840383670174 3
"922" 93 0.662073853095423 1.01314355399809 3
"923" 93 0.662231126714857 1.01898494489018 3
"924" 93 0.658680853149388 1.02928153503026 3
"925" 93 0.644251299371243 0.99033722832255 3
"926" 93 0.674968801057629 1.01126650212328 3
"927" 93 0.659682497812644 1.00662724926339 3
"928" 93 0.664139804783196 1.03404963995612 3
"929" 93 0.656122990816763 1.00277636142397 3
"930" 93 0.67424776698936 1.01611139914063 3
"931" 94 0.678913804685092 0.884527582185581 3
"932" 94 0.675937964166675 0.889743247758268 3
"933" 94 0.68649548312495 0.886495235616231 3
"934" 94 0.680744151876431 0.899883147334898 3
"935" 94 0.665706432996011 0.885323012370877 3
"936" 94 0.675247459304026 0.86635793907657 3
"937" 94 0.675512059674276 0.888928404266183 3
"938" 94 0.669795758779608 0.898100176327371 3
"939" 94 0.676887173050281 0.870534597092565 3
"940" 94 0.661968302505424 0.845349056940891 3
"941" 95 0.642387340399744 0.915855865786847 3
"942" 95 0.66968597327753 0.916395691101091 3
"943" 95 0.658940627804121 0.913219647840808 3
"944" 95 0.663338908315892 0.901949361774867 3
"945" 95 0.663517980968509 0.925842497851723 3
"946" 95 0.656362568185821 0.915496057452846 3
"947" 95 0.663564998562703 0.944799581033092 3
"948" 95 0.66926248532165 0.933659518967424 3
"949" 95 0.664268181883715 0.925557431844641 3
"950" 95 0.661263474766511 0.907720673242424 3
"951" 96 0.601387905420617 0.964828183156347 3
"952" 96 0.602384906178428 0.959104185749052 3
"953" 96 0.605937630681977 0.949753755650512 3
"954" 96 0.594920120062981 0.975427653402074 3
"955" 96 0.605077233797683 0.983018053836546 3
"956" 96 0.605524956385619 0.968039403167473 3
"957" 96 0.609140313954888 0.967847402425757 3
"958" 96 0.59386423704558 0.949775231384961 3
"959" 96 0.618461072584956 0.969805748823163 3
"960" 96 0.608592711879445 0.982773104876322 3
"961" 97 0.634079697658596 0.984658326407415 3
"962" 97 0.626183906909016 0.953521595258209 3
"963" 97 0.62429089022648 0.97125844899953 3
"964" 97 0.628293040369047 0.982168826499579 3
"965" 97 0.622142720051307 0.979938327461744 3
"966" 97 0.636915109012631 0.98859722909062 3
"967" 97 0.631080788247504 0.976995468342393 3
"968" 97 0.622198450942045 0.993458924508299 3
"969" 97 0.625075200146387 0.965969659457024 3
"970" 97 0.640794842854933 0.974343127156756 3
"971" 98 0.655092182315257 0.895512431140513 3
"972" 98 0.642148394580552 0.904096159424334 3
"973" 98 0.650159651938637 0.904883443925805 3
"974" 98 0.660217829802758 0.90632137717002 3
"975" 98 0.646950533622309 0.906399545615281 3
"976" 98 0.646107114191653 0.902631297592228 3
"977" 98 0.65748868412667 0.907426385508547 3
"978" 98 0.650726512840387 0.904346320247279 3
"979" 98 0.650439103265913 0.913055808988992 3
"980" 98 0.640425232333812 0.881586180221198 3
"981" 99 0.701546644358218 0.936601977830884 3
"982" 99 0.672126446946693 0.920241633885905 3
"983" 99 0.67633341463871 0.931679255097231 3
"984" 99 0.681018553510798 0.927871429881919 3
"985" 99 0.683657878521438 0.936807498773993 3
"986" 99 0.684480743802592 0.916461691341167 3
"987" 99 0.682021479094534 0.923019563225504 3
"988" 99 0.673700062860893 0.924570605230872 3
"989" 99 0.674195376402319 0.908476414557623 3
"990" 99 0.67882133140701 0.93962438835365 3
"991" 100 0.667386590766839 0.892916028114914 3
"992" 100 0.661172493161662 0.906593871893771 3
"993" 100 0.662526529064283 0.898221084997407 3
"994" 100 0.664889048440673 0.90086507262683 3
"995" 100 0.663794355243034 0.907666144070848 3
"996" 100 0.663438133595475 0.919949994440076 3
"997" 100 0.658273447933432 0.905374548172093 3
"998" 100 0.665867164907331 0.92010222926207 3
"999" 100 0.662911807452136 0.903401981045703 3
"1000" 100 0.662113254963494 0.911683074319432 3
