464.3405 445.444 435.98 424.6361 413.1443 402.3913 391.1721 384.0087 375.9824 363.5266 353.7024 342.9599 333.9483 322.1778 311.9131 302.3983 287.8475 277.5338 267.8429 256.4428 246.8248 237.3544 226.8871 218.3194 212.3151 206.5973 204.9274 204.9686 202.408 212.6267 250.1254 438.8425 445.755 478.5483 540.4243 495.7436 480.3463 480.3454 428.8602 463.6286 488.4338 437.3761 379.7624 254.3072 256.9426 220.1255 155.4074 146.9483 NA NA
374.0583 361.1954 354.3512 349.5583 336.249 330.3346 325.2905 319.1985 312.1013 304.1851 297.1267 290.0039 283.8162 277.0297 273.3899 264.1711 257.7484 251.0501 243.2636 236.5251 234.3924 227.2929 221.4017 213.9972 207.4933 206.257 204.4555 197.9361 202.2242 210.6487 242.8506 304.723 788.6721 20370.25 48325.33 36262.76 33199.86 44356.49 42553.93 86396.53 154572.2 387835.2 1707752 2503119 17665260 14291434957 1.429679e+14 NA NA NA
533.0275 513.6644 504.5459 490.1048 482.5168 471.2804 461.5593 447.7025 436.559 429.5684 417.356 408.9666 398.2089 388.8455 380.2849 371.7042 365.0006 354.1215 350.5018 337.3849 325.3965 317.0966 309.1606 302.3181 291.6701 283.9284 272.2223 260.4408 255.86 254.7418 259.8925 286.9486 373.4765 772.8648 809.933 756.2281 708.7212 657.7349 598.2908 538.8357 508.8845 539.318 434.8939 338.4625 422.2466 253.0113 177.7406 128.8914 NA NA
495.3467 477.3352 468.0837 461.8734 452.6525 444.9331 434.852 421.602 409.4672 400.4447 388.9151 376.3811 365.7752 354.8184 346.3788 341.9662 332.6554 328.0014 324.22 312.8823 305.7313 301.7677 292.9274 286.3574 279.4365 273.6091 268.2216 267.3724 268.8581 291.0461 338.8126 568.7458 1437.587 1351.479 1439.29 1555.054 1856.154 2019.685 3045.286 6132.656 8511.594 7375.787 10897.68 7469.478 2767.084 3355.091 4113.061 6518250 NA NA
536.0758 519.3472 506.2261 492.8304 485.2494 475.8169 466.5464 453.6574 450.72 441.5194 432.0578 420.3928 411.5503 403.3391 392.1503 382.0467 371.5958 357.1999 348.1659 341.4257 330.195 320.1582 310.7358 302.8638 294.0907 285.916 284.5604 286.3328 295.2343 330.8863 448.297 829.7561 893.8459 835.7204 778.4171 736.8876 745.7717 787.5137 855.1849 936.5626 1059.113 937.7021 552.9295 531.8939 427.7458 226.1678 117.0915 87.05271 NA NA
458.9192 438.9661 425.144 414.7661 408.622 401.1752 388.0422 378.6997 372.7907 367.9233 360.6079 353.5712 346.3566 337.8438 335.5762 335.4502 326.1017 316.8384 306.4388 300.9073 292.5377 285.8779 280.4283 276.8098 272.2927 269.0862 272.7223 296.1473 321.8776 432.4015 978.003 4361.517 5880.078 7185.201 7518.69 8062.551 10406.95 10373.07 11832.78 13390.51 11560.25 8122.973 8564.745 5326.687 8032.366 3842.836 2051.448 33934.62 NA NA
712.7795 691.1617 688.2019 675.441 660.2935 644.0803 629.0504 616.7507 597.138 586.556 584.9651 565.9432 553.2378 542.904 532.5622 518.4994 510.2611 503.1962 496.0969 481.5417 470.442 455.512 439.9158 426.6185 408.0306 404.7825 406.5354 394.8119 377.8915 367.6307 374.5733 395.4865 434.1877 536.5822 445.7125 368.4452 329.9738 286.409 271.1483 236.4516 222.3187 199.9678 175.0569 157.7856 157.4432 145.8856 120.7939 76.68238 NA NA
469.6182 459.1057 451.5799 440.4362 430.1582 419.8848 408.7156 401.3919 390.5515 379.251 369.8447 361.943 354.518 344.7404 339.8731 336.3168 331.7601 324.0061 315.9397 307.4948 295.714 289.3174 282.7044 275.2128 267.6328 262.8601 259.8121 258.3792 261.9337 285.4606 335.8906 580.9614 38490.92 54880.63 60166.54 93758.53 92463.92 223842.6 617702.6 3184712 2864713 1523796 1843027 2150853 3389284 14312900 5808614 4580583 NA NA
486.234 469.6343 460.338 449.7746 439.4574 429.6866 416.0542 406.999 397.4836 387.4398 377.6083 369.4281 362.0749 357.2961 350.8975 345.3423 337.9528 334.6715 330.0375 325.1424 317.8502 315.4069 311.6539 302.4445 303.1539 306.5352 313.5446 329.918 374.1265 475.2001 613.5845 570.8369 538.9647 507.1118 481.9586 453.3473 426.3326 400.3971 361.1563 335.2753 304.8123 262.4226 229.6553 199.1544 172.8724 130.5884 101.0298 177.852 NA NA
482.5951 469.3464 458.053 444.1268 436.1622 426.682 415.6557 406.0477 396.2316 386.4745 377.0865 365.2714 356.9749 343.7258 334.146 327.2485 317.3257 308.3217 299.0706 282.9189 273.7105 262.601 256.6871 239.1906 232.6787 224.3107 217.203 211.3664 206.6658 200.5217 203.721 210.3354 240.5069 278.264 279.5571 279.5524 253.0287 226.5388 193.515 185.8525 184.6478 168.1339 130.9489 108.13 77.66793 65.95453 63.94724 67.73727 NA NA
482.0798 466.1679 456.4877 447.9626 436.9301 429.3561 419.7852 410.8478 405.2251 400.5545 398.9763 395.3059 385.6603 378.8637 368.626 356.993 347.6749 340.4012 331.9083 319.7155 313.1293 306.3491 299.1512 297.4355 297.5764 292.383 299.5393 315.285 360.2277 490.2106 1073.639 11494.83 69593.57 183635.1 409325.1 314678.8 937377.4 2102354 3872980 5461494 1950592 6207267 4335782 3867968 6426494 743790003 1.28461e+12 7.118744e+13 NA NA
430.274 416.4149 411.3337 403.334 392.5723 382.3708 373.5278 367.4213 361.752 350.0225 342.184 332.8981 325.5219 316.9384 313.4059 308.7689 301.1426 293.9659 281.2369 269.4812 262.1771 251.6477 243.0074 238.6574 231.1749 221.6582 212.7895 199.4039 195.6953 194.6268 194.388 202.4605 234.7091 360.6932 37246.64 183778.5 405845.8 622632.5 2552050 4511378 12221936 7348147 83098770 450219228012 1.143171e+15 7.701732e+14 2.41159e+16 1.258804e+14 NA NA
558.3947 543.0424 531.5639 520.0839 508.5083 495.3054 485.4554 475.4696 464.1356 452.3145 440.6893 432.8991 420.8826 405.679 395.6349 385.6823 380.9735 374.1733 368.1559 358.4596 338.2485 329.082 317.8456 308.4145 296.8337 281.7425 268.9958 263.1465 250.0354 241.7602 236.712 233.7501 222.9899 225.6283 256.4862 401.931 26266.11 48353.3 256592.9 396540.5 3621053 1189241 679505.9 204181.4 2337980 3566854748 27038542 75980525 NA NA
540.8854 525.0469 512.3347 505.6918 495.9595 486.7475 474.8082 464.3232 455.953 439.8599 428.7357 413.9477 402.7349 388.9056 378.2625 368.0514 358.1051 351.6012 341.2607 331.7805 323.6095 313.842 306.3632 294.5674 290.6606 287.6456 282.2892 283.9532 297.0025 330.8542 437.3556 3309.931 3626.831 5446.724 10056.04 10495.34 9858.517 10871.02 9020.458 13717.54 9317.476 10860.62 8525.297 12383.67 14830.53 18418.95 69545.28 4982512 NA NA
520.6636 504.9794 496.187 486.9888 476.897 468.6068 459.9136 449.9383 439.161 428.9401 422.2115 419.1799 418.6331 409.6002 397.7174 386.5773 377.8187 370.0327 364.6707 360.5096 344.7602 337.203 333.4883 334.5383 337.7896 346.0507 382.0997 444.8075 581.1679 947.7662 1979.371 1707.302 1958.704 2355.505 2674.367 3698 2813.864 2341.046 2162.057 1921.313 1505.184 1915.954 1520.344 1325.307 1267.187 532.8192 333.2882 239.4094 NA NA
413.8085 399.9451 392.1342 386.1107 377.1811 373.3212 366.031 360.2495 356.109 350.6476 343.7285 338.0352 331.4449 323.1529 313.6479 306.5676 297.1779 288.3777 282.2147 274.2844 266.288 261.5135 256.2951 253.4939 247.866 246.6561 247.8979 260.217 290.6076 368.7971 981.5355 1221.794 1377.536 1374.433 1401.136 1427.38 1385.199 1477.748 1566.615 1623.108 1280.78 1359.58 2295.252 3006.281 1799.991 7226.732 13280.06 4932.823 NA NA
543.6924 521.1142 507.4571 494.242 485.7282 470.7546 456.6729 443.9941 435.5215 427.2292 416.5682 402.2837 388.7041 378.7923 366.3012 354.2535 352.4892 346.683 339.8479 327.0307 316.5207 306.547 300.041 294.7938 283.1716 281.0938 274.7195 268.3888 261.786 260.6613 264.9246 304.5101 378.3112 1031.377 1083.603 992.5627 1137.844 1315.686 1790.96 4404.202 3604.115 2531.978 4144.86 3774.745 2186.216 1259.558 2169.012 3469.76 NA NA
694.6474 668.5677 653.785 641.924 628.5277 616.4942 597.8617 581.0495 565.4493 550.268 535.1727 524.5658 512.9079 499.6394 480.578 465.0791 456.2748 442.9274 425.1858 410.1178 399.5817 387.6469 370.978 359.515 351.2282 334.361 317.1878 310.2467 299.1558 289.2202 280.6664 285.3996 304.7762 362.7015 784.1099 804.2911 1530.598 2455.041 2796.965 2737.177 2968.814 2395.34 1458.71 1188.879 1543.757 2542.568 6116.491 2868.959 NA NA
500.2185 487.8122 479.0499 467.1801 454.0459 442.3466 424.4856 415.4752 407.6678 398.338 392.4558 385.7268 376.6471 369.9298 362.7853 354.9319 349.3245 339.7543 332.8351 321.2099 312.3174 302.4293 294.6938 283.7267 271.9326 262.8588 254.59 246.0374 235.3853 229.4074 224.9546 229.9428 255.4467 393.5747 722.3283 701.4642 789.9602 814.7355 893.4381 948.3039 869.3119 940.9161 818.128 879.5257 518.8398 384.6974 343.3657 1540.909 NA NA
535.1197 519.0767 504.3227 496.7247 487.6647 476.8293 464.7657 445.6973 434.4323 422.6885 411.6052 401.5177 390.9559 377.8719 370.1782 360.6804 355.1162 345.2618 334.864 333.4175 332.8669 331.5962 315.0927 306.388 298.3954 289.5207 278.2882 269.0121 266.1819 257.7834 261.3395 279.4355 352.905 720.4344 2181.589 3274.19 5108.072 10531.43 30002.82 62653.97 44944.43 23192.31 22922.19 27897.8 9931.291 11943.95 5419.947 68178.08 NA NA
445.6886 426.7597 419.562 413.6936 406.3744 399.7201 391.8452 385.3857 379.6164 360.2271 351.2257 345.8566 339.9158 336.2507 329.6772 328.8039 320.6398 312.615 301.7185 288.7772 281.2062 271.5783 265.3856 261.2837 257.3994 251.2491 250.2655 258.24 280.2958 326.2105 430.322 431.8477 368.432 313.705 285.9468 261.7845 241.9339 230.8464 215.3933 198.8952 174.385 163.8941 128.5437 113.7879 93.19321 78.50378 62.24644 26.43782 NA NA
444.8654 431.4819 423.7535 414.5135 407.2703 400.3734 391.5788 383.7316 379.8088 375.6877 374.0317 373.4583 366.3698 359.5273 357.4736 347.4586 340.9547 335.1951 330.9346 319.022 314.6957 308.7441 306.8178 312.097 318.5644 332.2855 362.1152 421.2809 655.4168 3291.304 666177 932055.1 1595701 4329531 19524335 68368921 142209891 940418496 15459210090 23122818287 951905455869 7.354578e+13 2.214946e+14 1.581014e+16 2.321521e+16 6.678357e+21 1.453132e+23 9.073178e+19 NA NA
681.4431 659.8595 651.9141 632.0756 612.4666 596.3978 580.3322 573.2761 560.0693 544.1074 535.5869 519.6734 505.3879 487.7075 481.9981 461.3322 448.4516 438.2341 418.802 401.1589 382.9861 371.8118 365.065 345.3322 334.8811 330.6247 333.0758 314.8154 309.9349 307.1288 316.0941 350.4286 405.9174 660.0889 23705.2 146890.4 137925.5 126734.6 147633.9 76030.38 47219.61 100434.5 49409.69 37988.38 25255.79 42753.25 242318.5 1.956068e+12 NA NA
473.377 461.4024 453.7928 446.3976 438.6572 431.6089 421.9589 411.3296 404.5113 397.4088 390.7645 380.129 373.1416 374.5663 374.9001 374.497 365.6045 358.0245 348.1818 334.4244 327.5047 315.4901 302.8951 291.4518 284.3602 275.8635 268.6883 260.1801 254.3223 251.2816 247.5561 248.29 256.6508 285.0997 365.6857 1950.1 2341.254 2434.868 2554.864 2096.007 1489.118 1582.484 1483.704 1777.624 2171.296 784.1307 514.9486 234.3077 NA NA
377.9589 369.8773 363.7361 358.7831 352.3087 346.777 338.7238 328.7312 322.2565 315.5925 309.3905 294.9828 287.6948 280.8797 277.0239 269.8936 266.6826 261.6096 261.5356 264.523 260.8124 258.8979 253.7805 249.8172 242.9936 236.5834 241.6235 248.5856 288.8783 395.971 749.6879 1694.223 2583.421 3005.971 3631.357 4135.038 3915.176 4269.186 2851.386 2145.177 2132.866 2177.22 2169.531 2305.167 2834.269 2014.473 1032.822 1675.629 NA NA
634.6295 616.7381 609.0403 595.3157 587.8912 579.2997 572.2366 561.4079 546.6403 533.9652 524.0921 516.289 504.0611 494.0137 481.8762 471.4011 462.1776 453.0995 431.6528 409.815 394.3862 382.6198 367.0588 354.3392 344.858 336.2627 322.4244 312.8533 301.557 285.2049 280.2221 275.1604 280.0384 302.7492 393.8701 634.0805 670.8959 683.8954 620.7467 595.0865 542.0065 487.9448 418.2552 307.979 269.7746 263.5665 437.9788 727.8847 NA NA
837.1473 813.8026 799.4984 786.1304 774.7104 761.8976 748.3187 747.1016 742.1033 731.2495 731.6851 728.1024 730.6747 718.8462 701.0763 687.6003 682.7173 669.1324 653.9578 642.5889 631.1254 618.0236 618.8127 613.9195 619.6126 633.4932 679.1997 764.6036 1070.548 1856.699 7194.028 157958.2 279253.2 431534.6 689604.7 1255015 2460185 5931270 3366933 3279467 4523141 6255006 6096680 7276789 163496560 6943092718 2464753092 NA NA NA
522.8408 510.5845 500.4599 491.0485 483.9416 471.9168 460.7187 450.8684 441.2661 430.5933 422.6365 416.3675 405.4459 402.3557 393.9987 386.4323 378.3698 363.9696 353.9272 343.7987 329.6541 320.1772 305.4388 293.657 280.2245 269.0017 260.5292 254.6542 243.0314 227.4043 221.1169 215.5698 212.5322 219.1987 256.4466 429.9792 807.3654 1011.281 1025.329 877.9476 822.4196 710.1848 656.4624 746.7918 488.5742 356.1324 429.7674 195.5933 NA NA
492.4044 475.3096 463.1385 452.8031 442.0096 431.0742 424.5038 414.9232 405.1381 395.1988 390.307 385.6388 378.7359 371.8508 361.6176 351.0025 343.2584 334.709 328.3076 319.3296 317.8295 312.4129 307.0855 306.2916 306.973 311.9267 335.0416 387.8035 561.501 1531.145 1627.721 1987.895 2407.108 2175.776 2313.734 3031.564 2502.475 2125.112 1914.684 2064.582 1901.498 2590.595 5308.241 2485.393 1305.028 1003.013 523.989 236.5635 NA NA
413.3192 400.9998 392.5647 384.5809 377.3656 371.0846 362.5217 361.284 347.3794 345.0176 337.3096 336.7172 327.4961 319.0017 311.4081 303.8258 294.2282 288.2281 283.345 272.7223 263.4121 260.863 254.5209 247.2817 246.628 244.6625 259.3671 322.5552 391.0861 762.6187 1983.627 2129.045 2356.74 2736.888 3476.852 2971.489 4073.846 4317.754 3698.837 2400.893 2494.051 1532.255 1667.328 2054.733 9207.241 8041.983 89291.59 16583681 NA NA
477.2351 464.8996 454.7994 444.6537 434.5487 425.0453 416.6811 410.3255 399.1021 389.2954 380.9179 373.0146 359.714 349.4852 341.1949 331.9119 322.3899 314.122 302.5536 291.0481 283.6461 268.8159 261.7669 256.7708 247.0487 240.3145 232.5961 213.058 207.6801 199.9283 193.1657 188.6501 182.4056 175.4119 185.079 221.2914 277.3004 286.5428 269.0331 264.3632 232.0992 235.2499 199.9483 174.9809 113.9522 75.28924 44.75028 26.49759 NA NA
647.1092 629.2254 614.522 607.4419 595.4588 590.907 576.3568 566.8992 564.029 544.0194 532.3391 521.6874 507.7129 502.0239 496.004 486.3563 469.1735 455.9636 442.9622 430.3672 413.927 400.1797 388.109 361.9579 348.9296 337.1516 319.323 310.9593 301.1983 294.9179 282.347 270.9189 266.7734 253.8621 256.9909 277.6478 354.0612 803.3355 3338.181 4423.157 4731.558 5864.692 7136.823 9453.834 5794.548 4069.437 9007.265 2710.246 NA NA
466.9038 454.4925 442.4996 433.7336 424.3934 419.0062 412.1111 404.4609 395.0794 388.0334 379.0074 369.4174 361.1711 353.0698 346.4169 341.324 336.2052 324.6074 318.9308 306.4878 297.9572 285.4734 279.2736 267.0271 257.402 248.5421 241.206 235.7714 230.4062 223.9232 230.0031 234.4864 270.1115 396.2782 720.8343 803.3902 839.029 841.9404 916.9237 797.4555 981.6941 889.2534 1136.599 836.8825 508.6698 364.8514 166.7856 62.17679 NA NA
541.1094 526.0921 514.5744 504.752 495.4942 481.3389 464.8077 457.4859 445.0682 442.3447 428.3875 416.7665 411.3784 409.5252 397.0364 380.3743 373.3714 368.8709 360.7218 344.634 339.595 329.6034 316.9748 306.8821 301.654 297.5109 290.9262 287.2458 277.429 279.8162 265.261 264.6815 279.6818 329.1798 611.2252 82207.36 167219.7 651542.4 937649.1 5496261 5776502 13673328 204479249 8713639597 6.198155e+14 1.719214e+16 1.340143e+16 5.77957e+13 NA NA
656.0198 632.6865 618.87 603.635 589.1043 577.8532 562.0648 548.7252 534.6359 519.5347 505.9851 491.0812 479.1637 465.9658 452.7805 440.0183 425.5977 417.2445 402.9751 389.8003 376.3828 362.2128 347.6748 333.5711 321.3112 308.2168 297.5789 288.5977 275.4117 263.6118 254.9243 245.243 230.5306 219.9477 210.4814 211.2981 251.6256 469.3447 573.8654 588.8392 499.9503 552.0758 751.1284 1256.967 2091.008 45790.51 10554.49 49353.4 NA NA
426.0734 412.6748 410.718 392.0639 383.5397 375.0704 366.2796 354.7341 343.0145 332.2344 325.3285 314.3945 306.6111 295.0879 286.1638 281.3382 272.3402 266.2533 260.1289 254.46 244.4079 239.5671 234.6307 230.0972 223.4265 218.852 210.6898 206.4337 195.419 184.2471 178.951 174.662 175.9097 184.3969 282.2261 686.4507 955.8669 1002.766 983.1075 1265.839 1522.708 1554.403 1885.247 3381.582 2446.806 4919.289 280980.8 37905206 NA NA
485.7574 466.609 458.928 447.2891 438.8257 428.5656 421.2905 409.7893 399.1355 387.7997 377.5261 371.2735 362.8153 355.0486 342.4594 332.4228 323.6836 312.3616 304.1536 293.3624 286.1887 277.6338 270.6183 266.3006 259.4275 262.1996 273.2515 294.5277 349.4 572.9715 1194.555 1394.495 1729.25 1898.774 1822.126 2409.17 2295.906 3146.198 6662.765 7895.625 12307.87 8735.901 5719.827 2260.13 1383.862 565.1808 387.6868 1045.435 NA NA
483.2622 469.7454 457.4132 447.2522 434.8272 422.531 411.2427 398.57 387.1677 373.9548 363.7015 351.4864 340.5565 329.8745 323.5446 314.33 302.988 294.7241 286.3155 279.4876 272.6635 263.9892 254.3834 246.6809 236.6941 228.2011 223.1721 218.0596 204.9757 201.9885 207.1441 228.951 358.2772 10376.62 25044.66 35724.06 79533.3 201583.4 245889.4 1212015 4019559 88039223 560497026 4.946754e+12 1.563649e+17 1.165859e+19 1.729838e+19 NA NA NA
436.2388 424.7463 413.8068 407.5457 400.4086 391.2389 384.16 376.4503 370.3488 364.1055 357.6055 349.3644 339.483 331.6589 326.6968 315.7762 310.4705 302.8242 293.9017 287.8741 273.2772 265.8583 257.1832 252.266 243.3152 232.6608 233.0581 222.5604 219.579 219.1039 235.1877 294.0052 871.1301 29875.5 60305.16 103396.9 308180.7 459584.8 3714338 88350285 6056631921 10062393740 37388968255 1.762615e+12 2.247824e+12 452717444860 429825597721 3497282764 NA NA
681.9825 661.3373 650.6795 635.0775 622.4086 607.5307 592.7191 587.1232 576.2045 567.211 553.5573 540.8289 529.3099 522.1627 518.5733 510.0529 497.475 481.3559 465.1213 455.9851 446.625 432.6505 421.3994 413.9793 406.2129 403.9517 405.5828 419.8103 444.0603 525.2724 862.5257 3957.332 1432455 12217601 42153964 113645588 3481573558 129744248713 91260566324 676142426216 4.555983e+12 2.791812e+13 8.963378e+15 6.034735e+14 4.044012e+18 1.121077e+16 1.173791e+16 NA NA NA
522.5207 505.9274 496.387 485.0663 467.3601 452.9839 441.8275 430.7287 419.2173 409.3349 398.8112 387.6312 376.3443 368.7873 361.3489 349.235 342.7459 336.2849 324.5726 317.0311 306.3107 298.5189 290.5143 282.1492 270.6742 262.235 252.5514 242.2534 238.1339 229.4946 230.4773 239.7649 291.6536 735.1797 7552.823 11945.77 12408.08 15096.84 18566.26 24348.11 70143.29 58505.72 78943.71 55351.75 203613.9 2028633 297160422 5.25151e+11 NA NA
469.9451 459.707 449.7412 439.48 433.6741 427.6136 414.5227 406.2684 396.5789 386.5769 374.1951 370.2361 359.4462 350.7444 349.1276 340.8182 333.1283 325.8691 310.9614 297.8953 288.3499 280.8082 269.3649 260.3869 250.8505 240.8308 232.2089 222.2362 215.5844 205.7266 201.8893 199.8763 199.6404 217.0672 277.0089 549.4904 6725.557 4364.499 4216.858 10362.59 6011.541 8945.779 21421.69 51864.36 43401.99 33638.8 2328785 NA NA NA
626.4723 598.5832 579.6083 566.1554 552.0067 536.9754 523.3032 509.1196 495.2794 480.2701 459.6508 447.7161 437.6637 431.2309 417.7124 404.7821 406.6515 396.3848 386.2341 377.3904 363.7876 356.3935 349.7671 337.7631 337.0127 333.9504 326.3821 315.2641 302.7893 299.9642 317.6091 354.8857 343.1813 313.5136 292.5466 276.1928 257.5956 241.1191 215.7303 188.3596 168.1046 155.9698 125.433 107.3882 94.38319 68.21099 52.93432 27.94252 NA NA
900.8009 873.1925 859.1738 832.9013 816.8456 790.9758 775.0329 758.4111 741.8716 727.4559 710.1586 688.8074 667.4066 651.2645 641.4014 632.9025 621.3942 609.2899 612.6657 612.1495 594.9146 575.678 560.3728 537.7478 519.4579 506.4881 489.9635 472.7321 465.0365 452.8982 446.4068 452.6764 457.8555 514.0111 725.2939 3335.675 1097629 2517173 11527825 32814324 935135508 1591222565 2.429585e+14 5.139e+15 8.60895e+18 1.614556e+17 2.357727e+20 1.160989e+41 NA NA
444.3112 431.7104 420.635 411.0662 403.6985 395.6759 387.5563 376.8491 369.4679 364.2133 352.414 344.3734 338.4257 333.593 327.5517 320.7751 312.3636 304.2471 292.9437 288.2536 279.2643 268.9913 263.6255 253.7558 248.6091 249.2559 249.5217 249.8016 254.8488 248.4636 207.0954 190.0587 180.5897 171.5865 159.0053 144.1197 136.4462 128.3056 116.1949 112.0275 102.2143 77.92279 71.11861 59.25682 48.78132 39.82976 26.0507 14.04362 NA NA
415.9567 397.9201 389.4042 381.2094 377.104 365.7375 359.1294 347.7297 339.9698 328.3059 315.7894 302.1446 290.0388 279.1152 266.8127 258.3936 252.1146 245.6902 237.0688 231.5264 226.1686 218.8437 212.6914 207.4489 200.5153 200.0306 198.8031 204.9735 233.3354 352.6716 3584.171 3089.358 3313.833 7441.146 8650.717 8863.77 11763.6 21920.51 18293.43 13840.81 12369.63 26325.08 87870.1 181598.7 34161.24 7727.652 103750.6 454261.4 NA NA
505.7099 486.5901 475.8793 463.6756 453.5794 442.2361 432.0429 419.0896 407.6844 397.9464 388.7171 378.8672 364.7691 355.9969 349.5278 340.9077 331.8437 321.7158 312.5713 302.4015 296.1202 285.316 275.2964 263.0802 251.2794 243.9363 233.7058 230.5621 235.0878 241.5697 288.7457 319.1216 285.4894 261.1808 237.6441 211.7884 187.7583 180.1426 167.6324 155.7179 140.6738 122.0688 103.2936 75.70505 63.97037 46.54692 38.41341 27.65862 NA NA
764.2721 734.1901 717.1631 698.0995 679.9753 669.4245 649.3035 634.1884 622.4413 601.7685 584.8401 575.6297 559.2252 547.5148 536.1622 528.1618 514.9603 503.6166 491.6249 478.9949 464.3527 448.2848 429.8099 422.5594 406.4642 393.0892 379.8196 365.7952 357.2729 358.2045 352.356 354.8217 382.461 523.7462 925.2609 999.9581 1134.355 1096.052 1212.343 1104.111 1478.023 2436.082 3147.815 9371.845 3610.964 8151.349 1718136 7286.973 NA NA
455.1933 443.8385 434.3527 421.6936 414.6339 405.0484 391.3541 374.3505 365.4944 359.0264 350.5774 342.4299 329.5609 320.1223 310.5718 300.5093 293.6529 290.1088 286.9861 286.8972 274.1272 266.7834 257.3318 237.1654 229.0376 229.0283 224.9177 230.4092 223.83 244.2073 327.8768 1533.085 116625 239945.1 670732.4 2814777 3792393 10357407 86545450 440634191 18802091202 18975794908 11812989572 977761053292 2.210723e+12 4.149461e+12 7.01633e+13 NA NA NA
1086.044 1042.975 1016.753 990.7152 971.6562 941.1408 913.5607 897.7769 873.9638 859.3394 835.4988 807.7391 786.109 759.5906 725.8375 702.7594 688.5625 669.5611 662.5361 639.802 620.316 598.563 578.0373 560.1114 536.813 511.2169 490.7576 468.8032 444.3815 421.5361 400.7892 383.8728 366.0122 367.6463 377.1448 474.5503 482.5948 412.9787 342.0607 298.1394 254.1211 228.6281 212.9288 196.1156 174.5197 153.8826 125.5766 233.7009 NA NA
488.8335 472.3636 463.1044 452.5823 442.4898 431.4408 420.9879 409.2617 396.9369 385.8578 374.0104 364.3614 352.6359 341.5255 331.5293 321.8781 313.6921 304.1618 292.7795 283.6023 272.9428 263.4223 253.2522 245.2513 236.9377 226.452 218.1325 207.7831 200.6222 196.3571 194.5406 199.5933 218.6117 308.2607 1056.508 1266.437 1652.16 2045.464 3642.923 5901.488 4424.264 8935.648 6867.418 10214.08 17265.69 290318.4 796651.2 969211.6 NA NA
577.2233 559.6798 549.0395 530.3402 517.0661 505.5023 494.6214 484.8053 478.9753 465.7002 458.894 452.0669 442.3769 427.0094 415.5645 398.3397 391.281 387.9844 387.5502 381.513 378.6958 370.8604 358.7135 358.2073 335.129 331.2874 324.7286 326.2341 333.4474 370.063 424.9089 608.8569 5207.795 7173.945 9991.115 10410.38 11062.46 11378.8 7820.155 10576.18 9443.662 9320.233 8606.933 4957.896 1599.329 1151.222 722.894 604.7586 NA NA
580.7038 557.9449 546.7884 534.976 524.0778 515.826 502.002 488.6503 473.5026 459.2193 444.2745 433.4538 422.3326 409.1609 398.0052 387.104 378.4433 363.2779 352.5982 345.2857 332.2889 321.8834 312.0349 301.08 290.5293 280.4572 266.6079 255.1007 245.6548 238.8527 229.9049 222.699 209.8403 217.2413 261.2477 243.2281 227.7941 210.4052 170.4308 141.0172 133.4729 117.0349 92.44612 74.29205 63.66358 57.69506 33.15955 16.38869 NA NA
673.8351 659.1444 644.1697 632.3043 619.4491 602.6904 592.9442 577.3723 570.7046 563.1129 556.6043 560.0139 565.6142 559.6105 553.0459 539.8623 530.3755 516.1947 503.3967 485.2361 477.403 467.8531 462.2549 444.537 426.7838 416.3783 410.0014 384.6124 377.6804 369.1902 380.4188 401.6972 450.5778 604.3363 1186.007 6836.277 11867.69 22221.41 37157.62 39215.78 22656.75 28756.32 57195.15 107724.7 2133732 376686.5 138087.4 1115793 NA NA
441.1496 425.8714 416.2011 404.7065 393.1617 381.7338 372.8157 362.3462 354.333 341.0359 329.8106 321.2045 311.3936 299.9205 291.7552 280.4954 269.1789 258.0097 248.801 241.8273 232.7996 226.4876 219.8306 212.442 206.1669 198.7426 182.7049 177.5694 171.9973 161.9447 160.5945 155.8181 158.4527 226.3634 226.6826 210.1211 203.7614 208.5655 210.0412 207.8199 196.3356 178.3697 173.2597 168.0083 167.0371 290.0765 438.5888 344.462 NA NA
802.685 790.5963 764.6728 754.1652 731.9318 714.4703 689.9247 685.8979 675.4902 666.7244 666.6701 655.0142 641.3734 629.9171 618.9492 605.4841 583.2739 573.93 560.5469 540.5187 525.8372 515.2019 503.6546 482.4537 475.3814 454.3014 438.239 430.9271 412.2352 398.2766 386.0133 378.1037 389.2951 442.6619 634.6039 3963.522 475222.1 1964850 2404934 2062446 4485800 3766546 3145751 741781.4 208994.4 230484.7 104066.8 42646.37 NA NA
681.9542 663.1579 648.7937 632.1225 617.0015 607.0543 590.0845 578.0815 563.5543 548.2469 531.9865 520.026 500.9441 491.8973 476.5831 465.1061 449.0602 440.5991 436.1222 423.979 410.1166 408.068 396.53 389.6126 373.5815 363.3458 349.6778 343.4583 337.0283 330.5235 336.6028 352.1035 407.2209 599.8786 2983.224 131142 843198.7 36653681 1547823404 27111097065 139661260056 2.907045e+12 1.862674e+12 1.313521e+13 5.938959e+14 1.917267e+16 3.361566e+22 NA NA NA
550.0008 538.217 527.9447 520.3984 513.463 501.2412 493.0629 490.5649 485.704 481.7207 484.2977 490.5136 496.8647 486.5618 480.897 473.3698 466.4001 461.361 450.3056 443.7476 436.8087 441.9066 452.7033 461.5477 493.6933 577.8679 731.9895 1180.175 6419.939 227905.7 430309 638722 865413.8 939352.5 1298388 3029474 3232465 10298814 20110423 42410732 68393710 155827777 334595093 641300085 256041922 28319680059 1.062939e+14 897107744229 NA NA
603.8236 586.0778 573.3566 561.4952 548.9932 538.065 528.7594 517.461 505.9407 494.014 485.4231 477.7613 468.6933 462.6408 458.4394 451.2266 450.709 444.1098 431.4514 417.6671 405.6037 396.7222 391.1631 388.1785 381.6187 376.9009 374.2981 378.0339 391.7482 419.4369 507.7212 836.8126 9869.033 19931.49 29761.73 50212.8 48965.14 105055.2 315904.2 889726.1 461906.5 674966.8 394356.9 280470.8 2653930 5508402 997529277 2790415076 NA NA
517.7656 503.9117 490.8404 477.8178 468.9044 457.8767 447.4402 435.7579 424.1475 412.9494 407.4599 397.4081 392.7778 389.603 394.8818 389.3026 382.802 373.0793 365.6352 361.6941 356.785 355.3352 355.8018 365.5814 386.7939 418.9492 487.2715 676.9209 1527.68 523631.5 1256898 1711829 2731804 7498162 11640614 8278465 12853922 47974061 1318729855 18285882999 5571673004 9010155689 175814924426 8.64648e+11 6.448727e+14 5.784873e+18 5.663878e+18 NA NA NA
446.4841 430.6697 420.656 413.3348 402.4986 395.5347 383.6124 371.0155 358.4985 348.7221 339.4654 328.4755 318.6691 306.4428 295.7691 288.3353 277.5821 272.0223 265.5073 259.3232 254.7969 250.3901 247.7421 247.6193 253.1768 274.2725 338.7526 665.6233 4178.117 4727.733 6097.535 7592.596 11520.46 12927.99 15020.89 17272.7 17631.4 26610.1 43841.79 45196.58 74822.81 37185.14 62311.9 28580.91 18586.25 7058.76 4229.165 4609.266 NA NA
837.9224 817.3318 789.775 762.7486 745.4403 727.1248 722.7889 703.3764 687.2066 671.7597 651.0678 650.5767 652.4113 639.1879 622.7648 603.7765 603.1608 610.8873 591.8013 578.8353 554.1287 536.5311 512.751 498.2654 482.8586 463.8952 442.5269 429.2936 405.4814 390.168 383.0492 358.6746 347.6326 360.9811 379.6556 499.8628 8618.798 16940.76 19092.07 19057.99 21043.76 35057.08 263140.3 6725526 795333.4 3819259 2.622892e+22 1.523932e+22 NA NA
446.1277 435.3948 425.6348 416.3731 413.2997 402.0646 391.8295 384.5588 375.0026 371.1733 356.5334 351.2952 345.4023 341.9456 337.4081 330.1637 324.5777 316.3004 310.024 308.566 306.9192 306.1812 298.3136 290.2896 293.2616 295.9127 307.4955 371.0515 550.4648 2429.286 305306.3 518812.9 1737767 16587350 237026107 793893347 11754328431 137020656600 325969686235 2.83551e+12 3.595181e+16 9.167713e+17 4.075738e+18 9.215611e+18 1.649357e+21 3.982723e+21 3.084541e+19 694532636499 NA NA
435.1354 427.1788 415.6479 403.2193 394.2877 381.7414 370.5336 358.8045 347.3023 337.0752 328.7806 318.0962 308.863 300.0473 293.6784 284.752 280.3155 272.139 265.3837 254.049 247.6692 243.827 237.1982 235.6871 233.7736 240.8695 260.6077 320.5191 569.5001 2086.365 3443.72 4307.277 5094.75 10791.78 14473.33 10444.12 15036.11 15020.21 27444.99 16213.4 22719.35 15933.56 7061.936 5148.085 1743.201 1674.642 1622.634 559.9436 NA NA
471.5164 457.2795 448.4615 437.4985 428.2585 418.0864 406.9828 396.691 385.9467 378.3515 369.0477 361.7543 352.4331 339.2629 329.4257 318.1601 308.5624 300.571 294.6826 281.7987 270.6955 262.5417 252.8031 242.8733 232.7496 225.7224 217.277 211.29 206.2073 204.4213 205.3637 204.753 245.1832 432.523 845.992 898.1684 918.8257 814.926 822.5862 743.414 707.5335 701.6526 660.2424 512.9062 461.9807 306.9432 174.5333 92.62693 NA NA
444.518 427.461 417.9322 411.1322 405.4833 400.5912 393.3532 384.6724 377.5024 371.3853 361.9229 356.064 353.2933 344.4686 334.0829 325.2264 316.8104 307.317 295.9016 284.4254 275.572 263.191 257.2449 247.87 239.2977 230.6316 226.0291 222.7221 223.0584 232.1438 252.5478 317.6584 378.9716 369.3578 365.3595 345.4628 337.9056 337.8771 302.6887 272.4824 237.5121 224.7295 186.9427 169.9094 151.0232 129.1402 112.3963 45.66766 NA NA
420.9602 408.6467 399.2958 391.0527 385.0649 375.4528 373.5485 366.2673 357.548 348.8279 345.2433 337.3864 329.6545 325.4721 323.1875 316.215 312.3164 308.4513 307.4238 306.141 304.6258 305.4583 311.3477 333.2172 375.4393 499.1438 1699.451 1877.584 2073.056 2234.586 2300.3 2480.564 2369.13 2385.215 2576.409 2568.522 3111.647 3865.149 4494.025 4072.178 5971.022 6642.649 5445.236 4723.026 20740.08 8842.646 89322.13 7728831820 NA NA
514.1633 497.9541 485.6852 476.1382 467.3946 456.921 438.1792 431.872 424.9472 421.6364 413.867 401.5818 395.6935 385.8544 374.6569 364.7244 348.6134 340.7855 331.3966 321.4322 311.0529 300.0026 290.8653 282.5014 279.0632 274.4127 266.078 269.734 290.1394 343.5935 522.8749 1784.69 1937.437 2160.698 2733.173 2514.115 2730.37 4022.276 3729.334 3912.014 4266.17 5226.857 7263.808 7760.192 10021.15 19365.39 23964.62 3923.697 NA NA
689.6287 667.968 656.0798 643.9921 631.6491 611.0366 597.4827 587.2199 577.6677 566.4081 562.1788 547.3212 534.5497 522.895 514.9612 507.566 495.0388 480.8965 471.7982 456.8785 448.4648 428.2173 413.7557 401.689 389.2929 375.9804 366.6921 368.5854 349.5498 332.1943 306.7582 286.79 275.1449 269.0218 277.624 339.9415 580.0206 4293.628 4424.813 8818.69 19128.83 29877.97 82150.11 181980.6 4924362 279641652 2.53882e+11 NA NA NA
677.7093 655.0368 638.8498 628.9193 616.6004 617.0512 597.9669 580.771 564.7045 553.5146 536.1071 516.1587 501.6604 484.0744 470.7645 446.1303 429.235 403.8478 393.9785 382.6074 380.5517 366.6122 356.7723 340.4659 335.0408 322.6672 305.3358 292.7692 287.7572 290.9817 287.2059 281.3689 289.2367 325.1678 337.3683 309.2001 282.4145 260.5219 242.9 198.5924 190.3153 174.2063 157.9581 139.6813 113.8245 90.54159 79.37775 38.99713 NA NA
696.8379 675.8109 660.2749 642.8229 629.0266 615.1949 600.7904 594.9716 578.9414 571.8878 563.0777 550.2322 549.2389 541.2743 531.1854 522.7621 505.5959 491.5389 480.731 474.9555 459.8299 446.7276 429.0812 412.3307 402.3395 388.1795 379.6233 367.5754 358.0422 358.2217 374.0108 415.847 589.274 1939.668 36033.06 35225.83 59357.4 54595.98 42451.19 44808.6 39723.27 32807.73 32039.99 18775.44 5915.399 5179.356 5089.271 4104.436 NA NA
942.9596 920.1362 894.3063 888.3846 873.5904 844.8562 824.9908 800.8151 769.8727 743.2728 722.8309 697.8922 688.259 661.2246 643.0733 636.2754 613.2694 587.1555 560.5675 545.4842 542.8021 526.5482 503.3622 484.164 465.0598 446.3972 450.0364 435.8474 465.4132 546.1846 731.2012 3430.602 41879.57 56959.7 43012.96 92966.13 68155.76 178294.7 275516 713153.6 1672723 8398183 3565441 5466369926 2.729224e+12 129358825474 3205604945 32324188 NA NA
710.2313 690.9141 675.0477 662.2476 650.8491 638.8459 622.6209 611.8749 595.7048 582.468 569.5696 560.6727 545.113 528.624 514.1828 499.82 484.904 474.7532 461.3612 451.3122 433.1654 419.8909 406.7711 392.6076 385.9707 372.2954 357.1093 343.1002 332.4876 317.1153 300.0622 293.0546 277.7868 264.3027 255.4506 252.6459 293.4629 451.1463 482.8281 550.9228 533.1786 636.8082 443.2647 591.9024 612.5477 10536.77 1657.304 316819.3 NA NA
676.4876 660.0052 643.5392 627.5783 616.1159 599.5491 589.5422 573.0573 555.7322 539.814 528.1677 514.124 495.7324 486.0953 473.4824 455.5821 441.8321 427.0655 412.5777 393.9339 380.4038 377.4155 359.9395 340.9232 326.985 318.3276 304.6385 293.6786 281.2454 272.2833 268.9032 269.14 281.905 290.5937 374.1258 358.2199 320.5981 306.4299 288.6515 256.3963 256.891 233.9628 218.1728 190.7543 148.1813 143.4788 108.3258 80.46605 NA NA
593.4171 581.486 571.7216 560.2368 549.006 538.1986 525.4635 514.183 503.9112 493.5538 482.8215 470.5028 450.7209 443.6787 431.063 423.9154 413.9048 406.3057 396.7654 387.7784 377.7176 363.9468 349.9159 337.974 326.064 314.759 305.5788 296.2818 287.2718 275.6289 271.2033 262.8082 255.4829 256.488 270.1461 322.7145 538.9141 1656.604 1535.612 2220.217 2198.565 2223.338 1990.377 1277.364 520.586 451.8669 594.7938 203.3548 NA NA
435.8033 426.292 418.1073 409.5629 397.9353 389.4312 379.6214 373.725 366.164 356.3381 345.3344 339.4725 330.3781 320.1804 315.6382 306.7082 301.4611 290.7605 287.1903 281.6296 274.572 263.6459 256.857 254.6147 251.5766 248.9629 240.2963 240.1888 240.5588 256.3814 263.2853 349.3244 354.9466 340.1843 352.1921 342.8354 356.5574 325.0035 320.8955 261.1939 263.1562 226.5093 172.0244 154.4224 169.2886 298.0089 1507.602 11287.73 NA NA
596.4402 576.2781 563.3794 551.433 536.9666 525.0489 513.8672 494.4995 483.5505 474.8308 463.0666 453.3802 440.8344 433.857 427.4957 417.1683 411.4557 400.0741 382.9591 367.9213 352.5547 343.5279 338.898 327.2262 313.635 304.0186 298.3202 290.9607 283.5249 285.826 297.9478 344.1661 488.7446 5506.316 8376.856 11443.25 15152.42 13471.16 14202.76 13779.45 15171.62 19781.07 23437.78 133906.7 3195702 18996169 3496654620 2497449 NA NA
594.5708 577.6072 564.5939 552.234 539.4168 526.8382 511.269 498.8851 483.2401 472.5938 460.7969 453.1061 440.7234 423.3738 405.9641 399.8428 388.1692 378.4117 367.6893 355.9663 345.5237 338.3792 330.0165 311.536 300.8758 296.1886 284.2199 269.5029 256.8825 248.101 242.8299 234.8736 232.9453 233.3465 260.6543 354.845 349.5337 365.5913 351.0203 322.1944 323.6251 273.3745 219.9509 218.7625 306.0827 531.9343 299.7356 1661.921 NA NA
464.2465 450.7369 441.3603 431.9767 419.1703 408.7043 397.5326 386.4662 377.6797 368.6391 358.7002 348.3386 340.6972 334.0389 323.4805 312.4913 302.9862 293.5581 281.1176 267.9844 260.1204 253.3632 243.1611 232.8059 225.2171 219.0554 211.234 203.1468 192.1392 187.6955 187.0044 191.0166 228.3781 611.8121 15778.62 22455.49 47479.73 112475.1 360671.8 3892720 7662839 38597422 40841963 181886610 2470121774 201918299 91224508 20741.34 NA NA
421.3498 412.6286 405.297 398.2327 390.7581 382.103 378.1871 372.4611 368.8501 364.8638 356.1556 353.6539 348.6917 345.4579 344.9462 338.0574 328.2828 316.8894 306.224 301.1968 296.4017 288.537 278.0395 269.8275 260.5587 253.4692 252.8962 241.4261 241.9657 238.0435 248.8216 260.5317 328.4677 506.8483 11899.6 12549.5 21858.03 55641.11 63362.57 51223.96 36668.91 28543.95 27795.15 17497.19 19317.15 54508.09 33812.52 28426.52 NA NA
478.0535 466.8382 456.0019 445.9141 439.0309 431.4015 421.5251 408.5691 398.3323 393.5039 384.2334 375.938 368.9053 358.6764 348.8539 340.546 333.08 325.3698 315.1993 306.7319 297.2263 284.0604 274.4989 266.6716 261.8973 259.3605 259.5056 262.9606 281.2991 334.4935 590.2058 3277.247 5980.882 7568.356 7446.355 5937.151 5397.296 5429.847 4569.929 4117.895 4576.934 2902.747 1744.662 1354.508 1207.841 2141.85 11302.64 1060748231 NA NA
586.3117 570.3031 559.2967 545.2796 534.8527 523.3097 513.8127 501.7101 491.5647 481.3876 471.8862 468.5738 464.4685 462.1121 457.5096 453.0379 440.5063 430.9482 424.9972 416.2473 409.3433 401.4519 397.4333 388.9451 379.0775 381.3453 385.5609 392.5941 424.14 499.3191 757.9353 2151.102 34909.32 61607.54 77820.99 119251.1 143780.9 66517.56 92554.93 80540.24 147454.3 431875 2538659 6188168 114293980 124423498150 9.825779e+14 356058706643 NA NA
559.5673 543.4071 529.514 517.4134 507.5326 496.8339 488.9577 476.8078 464.2071 453.2899 445.1087 435.0483 426.3954 420.0374 408.404 388.7423 371.0393 359.1083 343.9464 328.8984 317.278 309.0283 303.1764 286.4572 276.6833 268.6267 260.2519 250.3709 245.0905 239.5271 247.144 238.6684 267.4846 467.7788 480.6256 424.3806 408.4876 423.4237 372.6657 422.325 422.2757 417.118 326.7412 497.027 448.4561 608.6626 974.4846 295.1481 NA NA
567.3586 546.4365 535.2677 524.519 510.3643 498.6684 485.859 476.0364 466.3805 454.1056 443.7154 435.0913 423.1095 413.8228 404.0237 394.9302 387.8151 376.4162 364.7791 356.8865 347.19 335.4254 325.0648 314.4433 304.2181 291.4425 282.2885 271.2526 258.3815 252.4609 248.8722 251.2735 273.0545 506.5085 560.3915 559.3108 565.3607 610.438 547.6024 570.5391 549.7186 520.3884 418.125 424.6862 540.668 375.7282 157.1689 1904.41 NA NA
416.7641 408.2018 401.5088 391.0214 386.1044 373.0246 367.6596 356.326 342.489 332.6785 324.6253 319.3209 308.4133 304.955 294.0163 277.6301 275.0017 268.7343 259.4395 250.312 250.4669 239.4693 235.0699 234.4625 242.1671 236.4104 228.7435 278.9622 537.0994 3430.944 6309.573 11536.33 21977.43 48884 85174.68 291241.5 1964116 1110350 1009928 808158.6 1190557 7461003 3219084 11403914 55932972843 850790247003 1016524 NA NA NA
668.6828 645.4969 634.3757 622.5691 609.0728 598.4634 587.3855 579.0864 570.8703 559.9804 550.6686 543.0401 535.1481 521.1914 509.3635 493.9871 477.0573 463.8163 449.7526 430.5903 412.6242 401.2373 389.1686 373.5876 360.7796 341.1085 327.04 317.8622 308.9873 295.8734 281.3193 266.3719 253.6155 243.6137 240.2176 250.7577 310.1736 727.1978 768.0466 776.0448 813.0182 982.2545 1709.259 882.7363 1346.71 816.5508 531.7416 426.3498 NA NA
419.0071 406.7516 394.3772 387.5645 377.1443 367.9961 360.674 349.891 339.997 330.5835 320.8687 313.8322 308.9351 299.3404 294.737 283.5641 271.7805 266.4422 256.1846 249.4467 244.9697 239.3941 230.4416 220.6438 215.1689 207.1707 200.178 195.3442 193.18 191.7761 198.8031 208.0519 260.8615 463.887 3959.034 6075.272 7124.498 11152.52 10786.86 10835.23 15123.93 9580.658 13420.39 6918.789 5795.738 29528.05 36216.12 9582069415 NA NA
546.6209 527.7073 514.8261 503.4398 491.6472 480.8837 467.7112 463.2492 451.9605 440.693 429.2554 421.3293 407.6541 401.3859 394.569 384.3888 373.0006 359.7206 351.1273 345.6884 335.4741 325.9661 318.8006 305.7829 293.2199 282.3152 274.0063 267.3085 256.1049 248.9805 241.9877 237.8955 240.2086 263.3487 305.2096 286.0462 255.532 229.6929 219.5811 197.0098 178.4672 154.667 133.6464 121.5991 72.677 63.72427 45.81491 32.41076 NA NA
581.9438 567.3754 552.3295 541.1222 528.8996 513.7237 505.1077 494.118 487.7459 471.2613 460.4487 444.1484 431.4148 417.5403 404.7691 387.7557 373.5045 367.5468 352.6613 345.4486 335.0763 323.2171 307.8771 296.5796 284.9402 286.1353 272.8284 268.9627 274.8973 273.9276 305.2843 364.5696 524.5154 1505.778 1749.54 1898.763 2226.571 2546.841 1816.934 1726.708 1465.404 1457.387 2023.858 2740.385 3105.296 1246.437 3162.583 6751268 NA NA
495.0866 481.2941 468.5111 461.9996 447.9765 438.9088 429.4191 415.5273 402.8146 394.3772 383.225 373.6477 367.5686 357.7638 345.7853 335.5334 327.2143 318.2374 310.0245 297.3391 287.6861 279.3132 264.8444 255.0837 247.3695 238.0538 231.5812 226.4943 224.4315 222.2993 223.5127 247.8532 335.7572 703.7333 8112.526 7495.061 13017.08 9801.068 9592.568 12472.73 9518.946 8350.848 7598.423 13376.51 49200.02 12999.27 3779.28 2824.604 NA NA
493.368 472.9926 460.7972 448.5269 436.8298 424.0003 409.0809 397.3462 384.666 372.9495 365.9737 356.4109 348.6653 334.5772 328.7723 315.5002 299.7004 293.2331 287.7672 280.448 273.9586 263.8883 259.1177 249.8772 243.1891 237.4908 234.7855 226.7879 226.0626 233.363 278.3672 376.1824 641.1807 592.9784 658.0396 631.0158 658.0434 540.7176 454.2476 446.3798 377.2875 362.5129 314.1995 254.3648 254.7159 240.005 138.699 93.12451 NA NA
543.8068 527.337 512.4826 502.4918 495.8837 482.7522 472.2695 461.5811 455.6726 445.0498 433.2786 423.6912 412.2298 402.5374 395.5641 387.6853 379.7838 372.156 371.1154 369.3461 363.7055 352.6161 341.5129 333.3616 327.2462 323.9767 323.4601 323.9858 330.8513 353.8324 417.5372 650.9772 3283.951 4161.77 6677.829 12218.63 11794.22 9192.255 11713.12 7451.718 5037.358 4707.591 4613.957 2565.251 2031.45 1058.857 957.4115 4701.902 NA NA
497.8722 486.0541 476.3328 468.0593 455.7734 446.0702 434.8369 423.4523 414.1996 401.451 389.3127 381.4009 373.1968 365.7204 355.1143 346.9616 340.7916 334.3423 325.674 315.9778 309.7922 304.5587 299.8661 292.1446 281.3359 279.9988 283.8627 287.2315 313.6868 393.8228 750.2817 48202.32 128759.1 388391.9 881446.1 2888700 9074365 40956599 34964851 99319248 2643201818 546109968 202540775 1177475611 80085988106 5.124651e+16 9.201627e+17 NA NA NA
446.9851 434.135 420.1235 413.702 402.8192 392.5045 385.4392 378.3142 370.8358 361.9057 349.1176 339.7746 330.1571 320.2962 312.5062 305.4065 303.3186 290.9368 283.9095 273.0044 266.3419 252.2035 237.2926 228.9649 215.4883 206.727 196.2339 188.728 182.2159 179.449 181.1861 199.0665 260.4325 3243.086 18234.36 16093.01 31413.04 105558.1 291181.5 371198.4 606305.4 966524.7 538494.8 1363081 4652135 6559724 43293691560 2.14527e+13 NA NA
463.5507 454.7439 445.428 440.5587 428.6599 417.2413 405.9888 395.4079 389.7564 383.2657 370.3488 359.4644 349.439 340.9654 339.1394 334.061 332.1038 324.7486 312.9954 301.5025 294.633 295.2555 289.2561 275.8404 267.7595 255.8066 240.4929 234.2422 249.8198 301.4613 566.6855 1882.025 3812.091 3424.914 3231.893 3807.734 4308.513 6213.628 7394.268 13799.72 13976.83 30651.83 469440.9 71757.31 314520.3 3137069 247274837 80434479430 NA NA
542.8594 523.6929 516.3951 505.9809 492.1589 487.1205 475.9465 460.1464 449.543 438.6271 429.3268 415.5655 405.4674 393.0736 387.6396 375.383 367.3376 361.6467 351.3855 342.1567 330.8186 321.8939 314.0886 308.1409 296.8733 287.4021 281.514 276.5467 281.1745 291.2399 320.7115 413.2382 935.3764 6464.215 9525.703 12086.72 16671.8 18433.48 31019.98 74134.39 256048.6 211704.3 831036.7 197273.1 354860.2 160585.3 27858607 2.501742e+12 NA NA
415.9027 400.3843 391.8366 389.6991 374.1952 369.0225 363.1554 353.7099 342.2353 327.4906 322.1829 311.9891 300.7848 296.6479 291.9304 285.1033 279.981 274.3813 270.8679 267.8631 256.3279 258.291 260.6336 267.7214 269.1935 278.301 271.0451 311.6269 355.7249 412.4524 1072.133 1063.385 1126.147 866.337 799.9997 686.1484 555.7899 509.7956 495.8447 426.0141 401.8447 367.9804 342.9661 269.8258 246.5556 200.3471 189.6047 478.6504 NA NA
593.6848 572.6232 563.949 546.9011 537.2345 524.5375 512.4493 508.7086 501.8977 490.7332 481.1826 471.1458 462.8969 453.9727 445.0834 439.8289 433.3613 418.6027 408.1858 392.2556 377.4987 366.077 350.4264 335.873 326.1663 310.1055 299.4494 292.2686 281.9694 278.3089 276.2718 281.9861 309.5373 360.9533 512.4402 3188.945 5316.159 6121.775 7167.348 6864.963 11952.3 28251.71 704583.6 542508.9 1074123 314448.5 3252662 3616480 NA NA
528.4736 511.3801 495.5531 480.5474 468.6494 456.4229 444.8889 433.5561 423.6134 412.3855 399.7802 392.0808 382.8427 366.1551 358.2523 345.3639 333.6474 324.685 316.2681 310.3483 300.3802 288.8018 281.4407 268.3413 260.484 251.4714 240.7915 230.6902 219.8314 210.1844 199.981 188.9354 186.7799 190.5651 240.6574 4113.609 16088.51 30989.45 34131.14 56155.43 60801.67 147704.9 125583.8 55528.93 178490.7 771787.5 79550.69 316457.1 NA NA
618.5454 603.9769 596.0794 583.2076 569.2435 554.2533 540.8925 530.4259 519.0344 500.6585 493.2671 480.7821 467.3976 456.0705 444.8785 435.1445 426.2666 413.3255 404.7146 401.7561 400.2379 387.4531 380.9401 371.0948 364.8128 360.9392 358.3522 370.8331 384.0685 441.0248 650.2984 2313.99 62918.91 122537.6 440470.3 2963626 18781153 208254608 733504941 16992368912 143527721392 25325317747 277770556189 6.830575e+13 4.15854e+13 4.394234e+18 5.76605e+19 3.093267e+16 NA NA
758.7347 732.4457 713.3056 703.3476 688.7088 675.8978 659.584 645.8102 630.3586 621.9214 607.6649 593.0484 580.9871 564.8723 549.6081 542.0758 533.7063 526.8148 505.9204 491.5903 479.2201 462.1092 445.1014 425.2044 410.6534 393.9332 379.0318 358.7075 344.0356 329.9329 312.1578 301.7279 290.7412 287.5318 292.9843 318.1907 444.2896 4942.177 44438.49 130241.9 331744.2 146535.6 567042.6 235233.4 640096.9 30381926 5.069882e+13 5.249739e+33 NA NA
451.3429 435.0251 426.6393 417.809 404.781 396.7254 384.5586 371.3673 356.0313 347.0286 337.7715 329.5955 323.8533 314.6481 303.4084 293.2749 282.1719 277.1533 271.1451 259.0134 252.2493 243.5073 237.0867 229.5598 221.868 208.8911 201.8298 188.2296 182.5674 177.5753 171.4218 168.3331 171.4914 184.5716 214.0157 207.3184 198.4383 196.9375 168.8685 151.2926 140.1333 110.1397 105.0704 82.76142 67.97757 56.77916 46.71208 25.21122 NA NA
674.9909 654.9131 639.6033 626.8081 614.2255 604.6074 597.0351 584.2441 569.4778 556.3115 542.8708 523.5999 508.8018 496.0746 486.0129 478.0569 466.8334 443.8465 430.3406 422.6196 407.9074 393.6901 375.8944 362.8219 351.5486 341.1804 323.1246 317.6051 306.3817 296.9529 293.2994 302.5156 371.5815 1012.535 12952.04 22442.98 33631.79 64917.96 66307.31 85164.53 61810.26 81074.8 529043.3 5895580 3554415 1154577780 1.902941e+12 404.2683 NA NA
364.884 356.002 346.702 337.418 327.9658 323.3396 316.2514 310.0072 297.7274 294.6857 285.7689 279.3982 273.0181 271.7397 267.7938 267.4882 265.4517 256.3095 253.5749 247.4612 242.0922 232.2509 219.5111 214.8856 209.9362 202.8503 192.8297 189.7359 192.0968 198.5942 224.2147 292.642 688.32 148798.1 520065.2 854550.5 1383653 1438703 1634649 2866263 7575540 13948837 56099663 39353567 153793721 8047295815 5.08678e+12 275421319256 NA NA
417.5585 404.2875 394.7689 385.9546 374.3685 365.3509 357.7436 349.4291 339.4604 330.3108 323.3368 313.3569 311.9149 305.1279 300.2564 293.2467 286.9286 283.4276 281.462 271.6165 270.3133 265.9227 266.8355 273.0408 290.546 333.618 466.6079 2975.207 4710.992 5170.971 7483.43 10881.43 16945.71 19005.27 19929.58 20563.59 30530.49 21032.09 23237.58 39924.3 33564.73 49137.36 144929.7 308812.3 675184.2 30044605 27769208814 3967638618 NA NA
416.7591 405.0265 394.9745 391.1069 382.9899 372.1511 356.9331 348.9458 345.1476 334.5022 328.9417 314.8727 297.2383 293.1159 286.8773 276.8934 264.4525 251.9793 245.9332 238.7361 235.6434 231.1292 229.9636 225.7494 218.3496 210.7336 202.801 197.3914 191.4518 183.8098 199.9136 210.6359 312.1004 453.6099 475.1547 465.2234 511.3797 599.8461 624.0064 626.0409 486.3417 476.7963 409.7952 360.6979 425.7189 1087.437 2446.429 343.8911 NA NA
631.4318 607.8793 597.035 581.8959 571.423 558.2349 544.8364 536.2828 512.5208 501.6819 493.7326 467.2934 456.8233 443.1017 428.2868 415.6773 403.3238 383.8072 369.9558 364.0855 353.4033 333.66 331.0881 322.191 308.0789 301.5487 294.5263 292.7699 291.3912 295.5842 287.1555 254.0044 268.7754 285.1173 334.4431 528.5523 17803.22 10985157 43173764 348464799 4.023814e+13 1.159585e+18 2.650203e+22 2.341842e+22 6.190857e+23 5.46571e+22 9.633458e+15 NA NA NA
750.0656 733.5831 723.7503 710.4582 691.4517 683.0103 667.6493 655.2704 643.2279 629.0223 618.7813 606.234 594.4531 589.0309 572.6677 552.5338 550.4692 546.1683 538.7362 523.5234 510.6379 491.9462 482.2403 467.4799 456.4708 438.778 432.2216 422.9042 402.4618 411.7092 454.6607 507.072 836.3413 2694.762 3357.763 3741.809 3562.381 3424.7 3548.462 4166.609 4352.721 4947.673 5775.464 6501.744 4239.017 7801.898 5357.99 31435.75 NA NA
556.0387 536.3447 522.1377 506.5824 494.8076 483.1546 468.7443 453.5405 442.8907 428.887 413.3767 398.6263 384.1695 369.8612 354.4765 343.1931 330.3501 324.2479 314.8566 304.0131 294.1628 283.7366 271.2911 260.8835 250.2155 241.9591 234.2543 228.4473 218.5611 215.4729 215.9072 239.8992 387.6698 2278.387 4700.615 10027.25 54658.43 135078.3 111930.6 84242.85 67557.32 73917.31 329807.2 98138376 58081882 701906311 299581928 NA NA NA
891.4907 852.1954 826.2341 815.298 799.0477 766.0276 741.8099 745.1979 727.2945 726.2831 695.4982 683.8616 644.2366 645.6329 634.7515 589.1619 581.6003 592.3491 549.5098 541.1048 507.4118 523.0118 496.7216 482.3173 462.8783 446.9627 444.0608 431.7566 414.254 409.2599 423.1247 439.9981 415.9352 445.2682 541.5588 574.6391 574.0891 510.378 486.0762 468.4093 437.2112 388.8197 319.7404 289.1613 250.3324 170.2066 158.0872 127.4162 NA NA
523.6409 507.7927 496.6872 485.7919 474.9278 464.9066 454.4526 442.397 433.1469 423.8045 415.5076 407.3067 398.69 391.7201 386.4559 383.8443 374.3092 364.93 355.2862 344.3474 332.9795 325.1225 320.0064 310.5062 303.5248 298.4573 295.8074 297.0773 304.1591 323.4201 380.497 555.0062 1482.206 1228.708 1028.399 985.3849 800.662 702.1494 728.749 795.5683 695.592 729.0095 692.7131 813.1512 1131.355 659.7536 291.9665 405.2332 NA NA
491.1878 476.9788 464.6782 450.4436 442.6456 430.0213 417.6949 404.0135 393.2223 376.9717 364.1964 349.9471 341.638 333.7818 328.2986 317.8644 307.1091 296.4488 288.0488 276.6331 265.4603 256.7107 247.947 238.6699 233.9183 225.5527 211.9975 204.2468 198.6307 188.7877 187.368 186.0207 200.0061 186.0952 173.0672 163.7231 158.2489 142.8561 131.1846 114.0256 102.2593 78.79693 71.9917 64.81753 61.31519 43.11635 36.72348 36.64765 NA NA
585.944 568.3268 555.7318 540.2369 532.8573 517.1887 511.1417 496.0277 482.7761 470.9461 455.5587 434.2657 423.3385 409.4739 403.0028 392.9601 377.0265 369.1611 371.0854 359.1218 347.3678 340.0142 327.4812 315.7679 303.5332 291.6463 271.9201 260.9636 265.7035 259.175 292.4844 290.1578 586.0168 595.4585 593.3386 584.4819 487.0303 472.1826 411.9067 383.2711 377.1271 337.0819 351.3198 273.5527 251.2361 258.5411 204.6949 1017.223 NA NA
577.0037 560.6125 549.4365 539.3057 529.0522 518.0692 507.5782 496.9291 485.7409 475.0952 466.182 456.1676 450.5598 445.5776 444.6759 443.9015 447.6826 453.4837 451.7432 448.6345 442.9699 439.2409 446.8272 460.3068 490.0594 524.8362 587.9649 728.6725 1097.829 4386.334 144984.2 385289.2 1005625 2134079 2988362 2452862 2345576 2464584 2945653 2238007 1691395 4651558 5542920 2335804 1181442 3559881 48953277 39163057 NA NA
477.7429 461.9267 455.5793 445.3282 433.9803 423.0878 414.2582 403.0518 396.7558 390.8471 383.5395 380.1146 374.11 369.6121 367.6632 359.982 354.1481 346.3668 336.0056 329.2311 321.4523 310.4319 304.4138 293.5476 289.6531 277.0938 275.2864 277.0812 289.1541 324.4107 413.6789 607.9986 602.1551 565.76 579.9265 586.4421 601.3912 593.1971 548.7731 457.1123 428.8612 412.6939 291.9595 271.6393 231.5635 181.6766 169.8713 122.0413 NA NA
405.6687 390.1429 381.0836 370.3185 361.5669 353.2601 344.3957 337.3261 329.6519 324.03 314.0534 306.8718 299.5555 292.5905 287.0213 279.6883 275.137 272.2169 266.2626 260.5706 257.8115 248.5774 242.1814 238.4038 243.3649 252.8094 286.8202 372.2047 687.1155 748.2751 765.4567 825.7928 859.1343 1067.491 1411.166 1496.28 1645.812 1475.482 1363.459 1287.925 1162.723 916.3563 805.5076 685.977 753.1658 874.2805 500.4677 29209.95 NA NA
548.2846 532.1864 521.3212 513.6469 499.889 490.5138 478.1428 468.907 456.1804 444.1518 433.7942 422.5271 412.5014 399.6041 395.7785 391.5194 385.8992 386.0663 380.8518 377.7784 371.5562 363.7235 356.9558 355.2258 350.641 356.4581 366.9476 387.9128 424.7162 582.9387 1105.127 3320.043 3673.389 3653.939 3207.642 2893.508 2575.356 2910.542 2980.455 2880.992 3204.5 2872.693 4010.969 11807.11 6059.065 3161.862 30464.9 NA NA NA
650.5041 623.7635 609.4768 600.3371 590.7935 578.3996 564.2985 550.4612 532.1631 520.5471 511.2334 500.6161 487.5242 479.2739 468.9796 455.9659 446.4811 427.3072 424.2205 417.7 402.5148 391.9125 377.7479 370.3941 363.0142 352.5942 336.9222 334.7747 324.9828 319.7642 326.1486 324.307 345.8279 445.3585 1018.978 3177.183 2814.337 3419.945 2711.967 2068.543 1761.926 1576.125 1051.844 835.1629 579.091 415.8164 580.2321 689.7348 NA NA
519.3176 500.6752 490.4779 479.9977 471.8827 462.3322 449.9565 435.7368 420.7879 407.7439 398.7945 387.7905 375.9414 363.3395 355.2863 347.2428 342.239 334.0841 328.0538 323.9242 316.5077 303.6902 299.1345 287.5176 285.4393 276.2189 274.5489 275.5385 278.9373 323.3952 485.5025 2098.052 456294.4 1629162 3609949 45730739 691978583 949462330 4226907504 152653475343 65677265817 158607061989 1.091729e+12 2.32357e+11 134890811273 19146225645 4425148445 568645528 NA NA
667.4751 644.2327 629.4456 616.3202 606.6232 591.8623 572.4964 558.2882 548.2252 532.1491 516.7856 498.7607 487.5472 476.6301 466.542 457.6596 447.79 433.7047 424.9578 412.4027 399.2119 385.3261 370.5775 355.9603 341.1692 334.7342 327.3652 316.0723 313.855 323.1621 344.4918 418.7259 720.9718 772.3003 670.7058 596.627 531.385 486.6769 408.142 370.885 369.4968 321.9931 260.4286 251.1802 198.4087 228.2547 157.8076 138.8241 NA NA
615.3049 603.31 590.7101 582.0834 568.3274 553.7679 547.7726 534.356 522.7701 506.5848 493.0932 481.5716 471.3294 458.8585 449.0661 441.8983 434.7787 423.6945 414.6487 400.2484 385.1371 373.9919 359.094 343.6788 329.4356 319.1944 308.2847 300.3144 287.964 280.1311 276.4099 286.1167 319.4726 457.3804 2627.29 196571228 463818649 4801202137 81529268878 23006020546 186427595896 1.093253e+14 3.12997e+15 2.857115e+15 2.928797e+19 1.229567e+19 2.425025e+25 NA NA NA
587.1596 573.5517 562.8947 552.5473 541.9017 524.922 510.4658 497.9933 490.6651 479.7364 466.2311 454.626 443.9086 428.3263 421.4983 413.8234 410.0352 397.0359 388.3252 376.7729 366.703 353.8494 340.526 330.9326 329.9692 319.9038 324.1909 319.7271 332.5903 353.2262 385.8211 514.281 1531.579 6434.767 10578.11 14223.1 14751.71 10376.73 13620.28 33201.49 44303.1 32253.57 25755.12 27465.76 11828.18 6328.866 2721.284 1932.461 NA NA
438.9153 425.5166 414.5412 405.9228 395.2426 388.0987 380.915 374.2007 366.3278 358.9176 353.5619 346.8226 344.3863 338.8431 329.0803 324.2773 312.712 305.92 297.8752 291.9055 286.8207 277.3091 271.2107 265.9346 258.6903 261.2845 260.1816 281.8056 314.5249 360.951 660.2491 720.8262 738.7715 703.924 749.4119 734.5834 701.905 745.545 827.8285 821.6246 1169.264 1710.697 2324.785 1377.482 1234.719 735.1055 471.3905 175.4612 NA NA
467.8629 453.1369 445.0915 436.313 425.0998 414.4607 403.4018 393.0853 383.1833 374.1947 361.9677 353.7502 343.3775 334.2806 328.0263 317.2957 312.8204 310.6066 305.5219 297.8555 285.6194 274.3982 266.8731 251.0328 238.5684 230.1313 225.1563 217.1638 205.1037 203.905 204.972 214.802 228.1973 327.8243 4851.033 10418.23 29527.98 225054.3 1402250 1395579 2684917 7504966 17061677 17670988 120913122 194662018 3215733872 21373836 NA NA
395.7816 383.0243 374.62 369.4569 361.7286 352.691 346.5577 341.5722 340.5714 337.7694 333.4329 335.0676 343.6125 344.5533 340.4412 334.989 325.0262 320.8137 314.7766 312.4324 310.04 309.8722 311.9525 320.3819 338.8241 378.6056 470.3297 703.2929 1842.396 121397.3 293858.4 556163.7 976881.3 2690309 9322370 17508443 89669843 2257378976 65502204547 86008374018 154512825477 296494617716 181627247285 65164419605 52964225488 13808379386 1.745604e+12 13416887309 NA NA
436.1372 422.4493 407.8804 400.7909 389.7815 383.9542 374.295 367.6156 354.4828 348.0545 343.6102 336.0341 329.8695 330.656 322.5563 312.0352 303.1831 293.9829 287.4921 279.4728 265.6774 256.5311 245.4154 238.9402 231.6596 224.2292 214.8342 209.4716 204.8544 199.5831 197.5343 205.382 237.9161 320.0727 616.3675 566.8488 500.7576 452.8532 478.0072 638.4665 499.738 500.2343 389.7417 253.9969 278.4044 464.3648 279.1798 88.85432 NA NA
543.9233 523.5836 512.7587 500.0949 488.6454 483.8628 472.2756 462.3137 453.6602 441.8863 433.2757 424.4148 412.1746 402.1468 389.763 375.9618 369.7271 358.1922 347.9172 329.9752 322.3632 302.54 294.3947 284.7737 279.7135 276.066 271.939 267.5985 261.1928 267.2735 282.2783 324.3816 516.3505 5000.285 8232.015 12347.89 8515.03 9627.5 12225.36 20230.98 32872.29 46401.83 219026.8 529691.8 589265.4 1302890 62469.19 359441.7 NA NA
441.4681 425.7578 420.4817 407.9133 399.4503 389.6363 378.5083 371.9649 361.12 350.3194 344.5658 334.036 326.9267 322.2099 313.5154 305.1199 297.4293 290.4291 285.3118 278.0673 267.906 259.1385 250.734 242.534 231.201 224.4171 222.6416 216.1086 215.6723 214.3374 219.142 239.2983 345.3791 3237.635 8305.311 20757.48 49866.44 38179.5 64398.9 68122.49 46377.95 47481.7 42479.85 61308.85 377711.3 4229870 5005098 344233.5 NA NA
397.0269 385.3832 376.3966 369.2409 361.0773 350.8568 343.6817 334.3884 328.8316 323.1586 315.6738 308.4334 299.8376 291.0591 284.7031 277.6133 272.5571 266.0074 260.3683 258.4097 251.7977 242.7496 233.0767 227.5763 224.1486 221.3574 215.14 218.3835 228.6003 252.7309 321.7166 658.7883 13902.23 17254.33 37988.67 43820.36 128278.5 233519.1 390592.3 287002.4 452016.4 390780.8 562715 952249.5 762542.5 704348.4 22877.85 1261.367 NA NA
645.6121 622.0944 618.5095 604.0142 591.1264 579.0316 560.8426 546.3651 533.6537 523.8901 512.4218 490.5923 476.3733 457.2081 442.2947 424.7271 411.3765 400.853 386.4184 375.8048 360.9809 345.9243 338.7978 330.8674 328.2131 315.9231 299.5807 291.462 273.8305 263.1036 260.7347 277.2551 344.0704 568.9656 521.1489 458.0112 419.2854 416.3477 357.7907 324.3141 303.0679 260.512 237.1462 205.3881 152.5718 128.0617 114.5052 60.77385 NA NA
446.3502 435.0776 427.42 418.6167 408.9534 401.9002 395.216 388.8175 378.843 369.1228 361.2664 353.771 348.42 341.5929 336.9599 334.2291 327.4674 320.4584 312.0715 307.0644 306.0832 299.8021 290.1447 286.303 288.6499 291.0319 275.7764 255.8606 266.3538 311.032 424.8822 3817.753 4348.332 5158.993 6096.548 7418.859 8901.904 9003.895 13353.2 13128.33 24044.35 22794.72 45081.36 82674.65 130653.4 3954186021 227122401092 1.162797e+17 NA NA
441.2609 430.259 418.9317 415.7795 405.0776 399.8574 388.5274 377.5329 366.2517 358.3053 346.1892 337.0723 327.5061 315.2489 308.9106 298.7119 291.1204 286.7194 274.4223 269.0133 263.3999 254.5782 242.226 234.7843 228.2481 222.363 213.312 204.3115 202.8033 193.2597 185.5562 199.2889 249.9659 653.5845 27927.33 865162.5 16039155 20264944 9397152 7521104 8679108 4220685 8883494 41975573 334305707 256897467259 16640476440 6.02499e+11 NA NA
671.558 656.9018 647.4448 636.3208 621.024 613.5649 596.9998 587.5791 579.6724 569.8166 561.9343 541.4302 523.6118 516.1565 511.5709 497.0235 491.5337 480.4514 466.7452 451.1047 433.4415 416.0687 399.0635 388.3964 380.8717 353.1788 338.1551 327.2695 320.6343 315.9249 316.0002 321.7484 341.9048 442.1087 1027.69 22228.94 66789.28 153031.9 136385.6 543524.4 1406133 2625523 5574652 77388647 157584155 1.091219e+14 7.282689e+15 NA NA NA
560.5614 540.9662 530.3786 521.2851 508.2169 497.7369 485.5589 476.2748 467.1884 454.5532 442.5816 434.0988 429.8997 422.9856 416.7724 409.8916 401.9416 385.4983 376.6348 364.8552 356.6143 348.9806 339.2394 329.5175 322.1414 313.9987 310.5139 302.6463 300.8396 304.3243 319.0631 378.4347 585.2302 2827.504 4199.508 6190.079 5288.747 5450.262 9256.248 19514.21 56260.54 29723.42 19324.02 41978.31 13901.33 14198.78 38203.04 6616848 NA NA
638.4503 623.8093 618.6676 603.4553 588.6772 580.4087 567.5173 550.9152 539.228 523.263 510.1462 493.6437 485.4707 473.5664 459.0976 446.3216 437.683 433.5083 423.4483 414.3008 401.364 389.9499 377.3189 370.315 363.7866 357.4708 354.4623 361.6849 380.2679 435.7491 582.913 1122.826 2679.641 3499.735 6353.676 5503.392 11815.08 8397.363 9253.375 7257.264 5289.628 6753.233 7082.449 8292.529 4367.728 6314.814 5815.817 928.466 NA NA
526.0761 505.0768 499.7014 492.0052 481.8315 469.9054 461.9898 453.177 447.4956 439.9162 432.2468 419.4773 414.7462 415.37 409.9467 401.0442 391.7099 384.0043 371.7154 364.611 356.98 346.2895 337.1085 322.8982 322.5006 318.0317 313.0957 316.845 344.8868 366.822 454.2923 866.2954 10121.23 60784.62 146740.3 1177682 1107431 3405061 11303447 893945366 139282244 124504925 118198900 205239862 22086307 25126045 93909604 9358096 NA NA
387.7065 373.3324 364.2967 354.0251 344.3333 338.5196 330.7795 323.2726 316.6782 312.7635 309.7926 307.0275 302.518 296.0258 285.7288 281.4541 278.4912 273.3907 267.6447 259.9564 254.5627 249.0819 249.586 240.1311 242.2874 251.0256 262.6307 333.6279 759.0036 3893.424 4901.822 7645.24 11840.51 17575.5 25829.3 39814.19 63645.2 47029.05 43537.4 38738.24 70478.15 195356.5 278305.6 1191486 35288373 91842117581 6.26868e+11 1711872 NA NA
665.2273 650.1802 637.1108 621.2949 604.9375 592.0195 576.9486 561.5814 542.9983 533.1025 519.8511 505.2558 488.7306 475.2026 462.3135 452.2052 435.4295 427.3729 422.2897 412.9168 403.2182 392.5762 380.4195 368.2545 359.0402 344.6586 335.2721 327.9964 321.6127 310.5184 302.7047 318.121 343.4242 427.6003 802.3003 13386.06 37037.72 34823.41 74157.51 93191.02 180003.9 352107.6 2050842 7004798 65904557 8.171503e+14 2.881084e+21 NA NA NA
412.1219 399.0671 392.4291 383.3587 374.2528 365.4274 356.0504 347.6971 339.1432 330.8539 323.5467 316.5696 313.9541 309.1915 298.6718 291.4502 284.0488 274.5197 269.3616 260.8383 252.0293 248.6173 243.4564 238.7988 233.7906 232.3641 231.3164 239.9428 263.5301 352.0733 527.584 548.7705 569.4385 587.0836 566.9305 584.7124 573.5455 535.7301 490.1074 484.9401 480.4859 452.3414 446.4336 476.9748 696.7419 3423.087 4095.966 7863.723 NA NA
583.3083 559.7609 552.5885 540.4122 535.1303 525.7851 512.3854 498.5816 487.4026 471.9857 462.0053 447.5214 437.2142 420.783 408.4992 390.7707 381.9975 374.349 359.2348 355.5622 349.0111 341.4175 336.4755 324.6609 312.5219 292.0216 286.6661 281.6671 273.9367 259.1805 260.8671 244.9405 279.2986 433.2831 3368.074 7842.011 19998.34 38717.64 64622.67 120352.9 57490.35 578693.8 281999 270173.2 294915594 9.94017e+11 5.35258e+15 1.755305e+16 NA NA
689.0538 667.4004 660.3459 648.917 634.0626 613.3322 599.4153 584.8521 571.1049 559.3312 544.8982 528.581 510.2038 496.9238 483.2948 467.4664 454.5516 440.9576 423.9977 409.8018 398.0397 384.2464 368.9255 356.7974 342.5465 330.9979 316.4312 308.5062 300.7525 286.5878 268.8708 259.3498 247.1242 240.5923 240.3574 252.124 410.9286 2870.742 2863.033 4237.403 6399.688 8092.567 14166.95 31003.77 96979.46 63644.26 48626.42 5.535842e+12 NA NA
446.5517 430.3741 421.6259 411.5843 401.7864 393.2915 381.3954 370.1166 356.7605 349.2159 339.7085 331.0463 322.7489 311.8394 303.3781 298.0282 292.1681 286.5028 273.391 264.7404 256.0044 249.7477 240.9827 236.9179 229.8733 221.8806 213.1098 213.3594 212.6183 212.809 261.2361 349.1957 16131.51 18748.71 16915.6 41686.12 48578.61 183334.6 1091432 9379738 118721633 199467618 93721777 1283194211 17322699215 2858408348 17141459622 335732710 NA NA
541.6372 524.3181 515.7664 507.229 498.317 487.8068 477.3172 465.2948 456.0507 450.4481 444.3919 438.0478 435.6321 433.2769 426.1321 419.0821 407.4304 398.9832 391.0159 380.9835 370.583 359.812 352.9489 349.6428 344.1238 342.856 345.1876 359.7092 393.957 476.537 798.4984 18801.16 23453.97 30998.34 29366.79 45341.07 47392.24 31924.22 36821.47 45266.49 66351.81 97091.52 38142.7 36325.67 34271.19 74028.16 418533765 1826942 NA NA
605.9246 582.5462 571.1527 564.8467 554.8539 549.5766 544.7919 540.2871 530.1894 516.0751 504.7208 499.1205 501.3335 497.1844 506.8682 501.5151 490.3622 477.9453 476.2331 461.1923 459.6658 450.4047 440.7576 423.5652 409.7262 404.2581 399.5122 404.0167 413.7045 447.0573 561.7104 980.8661 4894.954 1274261 4622076 25622322 230825413 2136347407 9087553469 4057478889 3759361521 3301786408 1665724401 10203958646 3128698195 14390282638 4.918661e+12 3.16514e+12 NA NA
626.1527 611.3572 601.5658 592.4309 578.4217 568.0173 554.181 538.5309 524.3589 512.7431 500.1362 489.121 479.8377 472.3777 463.1777 455.0446 443.8883 435.4251 430.3132 430.8039 435.1725 423.1933 408.2544 399.4487 389.5711 378.8813 370.0453 370.8097 368.5369 377.3086 404.6056 481.5414 751.5647 4195.749 3921.818 5042.814 3646.675 3520.248 6123.146 4255.713 3051.335 2192.832 1418.67 2873.326 3982.077 2364.578 1310.723 12231 NA NA
425.9367 414.4 407.5571 401.5184 389.8543 382.068 372.16 366.2782 358.2727 348.4305 337.1472 328.6066 320.969 316.3075 309.9245 302.0114 289.895 282.7189 275.0819 268.989 262.086 255.6122 247.4886 240.71 236.5086 229.5506 220.408 214.5362 211.8755 217.4227 212.6595 240.5545 393.7468 935.8224 955.737 869.6295 917.8415 917.7821 805.428 865.7407 1022.82 988.6804 987.141 1032.786 1035.235 964.4128 3984.645 3500.631 NA NA
652.8547 634.8391 624.1562 609.2597 587.2548 573.0322 556.688 541.4078 527.5373 512.8389 499.5607 485.7855 475.3699 460.8042 448.2907 434.1591 424.0612 410.2213 404.8292 398.146 376.7211 366.0771 355.8829 339.3607 327.2571 315.9049 309.2901 300.3514 291.4813 283.2824 281.0883 275.5742 276.7092 292.977 349.6487 905.5449 75902.04 253244.2 636236.6 1317339 5673215 1368258 21919938 1796554338 316515710 31242248731 8789057862 6.025098e+16 NA NA
633.681 603.9997 591.6821 576.9454 560.7934 550.3034 545.0125 528.8605 518.2181 508.9545 491.7544 479.3004 472.7491 457.2409 447.9341 441.659 436.1161 423.59 416.9095 400.2992 388.5992 377.7282 369.316 352.5287 347.2559 340.9779 336.2557 327.9183 324.5358 328.7772 346.1821 420.7622 615.9746 3096.432 4260.005 4415.405 4166.231 3876.729 3206.626 3395.107 3775.767 4455.428 6463.796 26160.81 36911.15 197200606 1417483 1175060 NA NA
472.4745 460.9166 447.1105 439.9863 430.7391 426.9453 418.9811 405.7335 397.9384 391.2613 374.9265 360.6348 354.8816 348.2883 343.2829 330.166 320.3835 315.8598 310.4964 303.8299 292.896 285.6533 287.1647 272.6948 275.497 294.0341 325.9335 494.5771 1789.092 162271 412226.2 494261.3 1204187 2458717 4190265 10392670 50357369 154165297 1330665007 12776114474 226810579906 2.641358e+13 2.791892e+15 1.137699e+18 4.28068e+15 1.055239e+17 3.590616e+15 1.508138e+20 NA NA
474.3801 460.5149 450.9019 440.0261 428.412 421.0945 407.4915 399.1624 390.5161 379.6123 370.3128 359.516 350.4369 343.2615 335.1646 329.3578 320.641 308.4551 300.2743 289.1085 281.3612 270.5592 261.4979 252.4506 244.2169 234.3132 227.0016 219.9867 213.1382 205.4519 202.9986 197.523 194.6793 199.1788 225.7572 271.7694 268.2232 235.7864 220.935 219.6927 210.4312 170.4482 168.2147 126.6864 98.69004 93.39463 122.002 474.4285 NA NA
576.3052 552.3769 535.9227 528.0696 517.6301 505.6965 495.9737 484.7687 475.4216 464.3158 452.3399 440.1148 427.923 417.2396 408.6419 402.8768 396.694 389.9049 377.4189 366.4417 353.8634 342.7665 330.2472 320.7083 313.2993 305.74 292.3771 285.701 282.7032 278.0961 280.4446 297.5744 352.9309 834.9281 3834.946 3420.248 3945.22 3432.877 4103.83 6105.134 10145.55 7711.607 5916.964 6028927 2264590 558036.5 130228.9 4481159 NA NA
617.6091 597.314 583.7142 575.0873 562.4933 551.4768 535.5954 521.4051 510.7356 503.527 495.4916 485.0469 474.7948 465.8172 461.062 460.1306 445.9033 433.1565 420.0791 408.6805 395.556 383.4806 372.8577 360.7081 352.127 347.7166 333.6118 320.4387 313.8923 312.8581 308.3862 318.9864 356.2377 452.5352 1128.6 8220.859 8808.108 10394.82 19601.87 18068.81 11676.98 9335.302 5491.005 4813.096 2052.98 2146.452 3260.071 1.233923e+20 NA NA
604.9042 585.4159 577.4622 564.7342 556.3362 543.2547 532.0929 519.1459 503.0439 495.5705 482.0901 471.5444 460.4055 450.5137 439.5437 434.3561 424.2024 413.7256 402.0859 392.4925 383.372 372.5748 368.0022 364.3156 355.7829 348.1003 346.2621 346.0667 357.8558 382.0034 418.0841 584.0243 1769.366 17760.1 46460.5 124407.1 501967 424969.1 513554.1 672015.9 421690.8 461473.7 426913.2 329959.5 4344783 11061467911 1.281452e+12 5.070821e+12 NA NA
432.2477 416.4188 404.3573 395.1939 388.1857 379.82 368.413 361.9362 353.4805 343.5367 333.0403 323.5446 315.8702 309.8214 299.1732 295.3259 291.3205 287.9703 275.7782 271.7817 265.8496 261.7906 262.5514 252.3658 249.4523 242.6381 242.1176 251.2631 278.9034 359.512 697.3031 2754.637 3271.609 4409.266 6891.039 13523.7 13441.77 10278.57 11162.03 8774.057 8687.532 7693.138 6282.577 4459.997 10238.31 206168.1 177864.9 40598.6 NA NA
491.143 474.9677 462.3148 448.3262 434.7848 424.5848 412.6692 398.8805 387.3479 378.1882 370.7296 357.7803 345.7757 332.5524 321.6625 312.9095 303.3601 295.3327 283.0394 273.8581 263.8426 256.9967 249.2024 240.8093 231.9188 224.2747 216.5974 214.5528 226.1435 270.2074 504.0867 2556.92 3665.235 4898.326 5781.006 6485.547 10250.04 17389.86 41062.52 33746.08 75114.48 52763.65 55888.69 193816.5 483382.3 937201932 4177979783 358733136 NA NA
751.8796 730.0065 715.9055 690.8491 676.0212 668.8239 655.0706 636.5328 617.8764 606.94 590.5199 576.0986 561.6465 548.0819 534.9808 515.3673 496.1244 487.8199 476.5541 477.9835 472.5819 456.3596 465.091 439.6396 434.9156 416.9517 403.3849 390.1255 380.9079 397.3931 397.2439 433.2528 461.8722 718.1001 3687.179 4260.234 21855.6 53340.24 29899.84 72382.81 43972.41 449600.5 3602187 11450264 63740486 492162589 107532314 NA NA NA
463.023 450.7553 440.763 428.4483 419.267 404.1687 387.8316 380.4037 378.5156 367.5257 362.095 359.1834 349.9559 346.4583 349.0635 345.0105 337.6418 325.5641 325.4478 313.5097 306.2503 311.5487 321.6294 338.6071 372.0103 450.9844 732.0455 1803.39 2312.985 2677.398 3326.404 3544.183 4037.091 4152.069 4290.582 4319.919 4398.942 4147.356 3795.916 4430.51 5081.413 4520.94 4312.87 2934.16 3396.237 5352.353 10639.85 4268.08 NA NA
513.3842 497.8355 490.2234 477.7347 468.6423 458.4329 447.4985 435.9501 429.0056 417.1457 405.1446 390.7929 380.3137 370.8928 362.7283 354.0818 345.0257 338.8799 331.6797 322.6957 312.7908 303.6842 300.8928 294.3032 289.1374 280.3148 270.3294 267.5238 269.211 283.4967 321.8748 451.8977 3826.204 4385 5206.938 6628.651 11522.03 19710.12 13098.1 13435.8 7083.182 9363.308 4926.158 4078.313 33014.88 17135.07 51471.06 282251037 NA NA
384.5442 374.6726 363.6457 356.0129 348.5773 339.8839 330.9215 324.4827 315.3787 307.1133 301.5637 296.9899 292.2052 285.8954 281.8882 282.1816 277.1288 272.1175 264.3679 254.1714 239.1922 234.3622 226.9169 221.57 217.5118 215.5475 215.9693 222.7383 230.2386 247.6121 326.2592 715.388 1377702 35413109 100188065 299612234 1030267633 2571213080 14376883551 54784474048 24520509946 2121272794 844605285 2488707606 1582060565 1.191725e+20 2.427718e+29 1.314434e+31 NA NA
496.2949 479.3012 470.8173 464.592 456.9249 446.967 430.8091 425.0127 418.7998 412.5625 405.6735 400.3975 390.0773 383.2804 378.454 373.8475 377.0856 374.5213 355.8856 344.2971 325.7855 314.4894 304.8324 291.848 276.3189 270.8046 263.538 250.4942 237.8576 211.7279 199.8853 197.5253 190.0099 188.4034 203.7634 249.2549 485.2256 12664.29 21744.89 23751.83 37188.14 62466.94 99273.24 372827 5226309 127336187 25735039744 NA NA NA
527.2182 509.8166 500.7178 490.578 480.9179 476.9511 465.9504 453.3236 446.4669 439.5302 431.2718 425.7288 421.0627 416.2581 410.2872 411.1947 403.2112 392.5355 377.7216 364.5301 353.158 339.3879 329.2544 323.8672 320.2325 315.1893 309.3873 309.6864 301.7033 317.6221 344.5304 431.7524 691.6353 3056.334 21692.3 31732.88 55459.02 127948.7 116462.4 76204.39 145362.2 399121.9 509651.9 485881 4844606 31476794644 27145736364 7.331609e+14 NA NA
395.2949 381.7703 372.781 362.8668 353.5611 345.1453 336.241 328.1636 320.6709 313.2779 306.7652 301.0734 298.6783 291.5111 282.466 273.7643 269.3154 261.5522 254.0218 245.6812 235.2921 226.1911 221.9135 214.1821 208.7244 201.3064 196.9661 193.9195 197.3087 213.6838 300.9462 436.7127 415.0596 404.5079 385.5676 363.3393 357.9837 347.0834 341.5942 318.5584 346.4668 314.9687 358.0601 279.2965 225.3007 139.9248 118.0813 64.24466 NA NA
664.6567 644.3385 632.1432 619.3961 603.9768 590.791 576.9027 561.9618 545.4122 534.9387 521.4719 509.7786 495.953 480.2004 473.4611 462.3827 449.0024 439.4154 424.6036 411.4058 402.8862 391.361 376.9156 366.3236 349.2111 336.3624 321.4031 309.2085 301.2797 294.116 296.3324 311.2066 339.2088 465.2766 2937.99 3051.647 3496.801 2708.818 2504.522 2423.946 2387.159 2370.288 2113.95 3747.728 69674.64 69112386431 2.354672e+14 NA NA NA
485.982 473.9278 464.4777 459.002 447.5271 434.9876 428.3801 423.7659 416.1425 408.7149 395.8314 386.3309 371.3525 362.8806 353.2871 344.6155 328.3553 319.7227 321.8399 318.3083 300.7594 293.68 285.7446 275.7651 265.4187 256.8584 250.9417 238.7929 234.0284 225.238 223.0075 228.4556 258.4417 330.8327 582.2461 586.873 629.5563 660.5325 707.6519 721.1326 656.6649 644.3106 769.6023 543.1951 388.115 135.506 110.1835 249.7386 NA NA
400.1741 387.4892 380.5427 372.0836 360.7955 352.6894 343.7088 335.6537 328.4792 320.1695 312.4075 306.0316 299.2959 292.1884 286.4471 282.5434 280.9348 277.9238 272.7228 271.5531 258.4594 262.0574 252.2394 254.3479 256.2688 258.9676 270.7124 320.4443 469.7863 3922.509 5724.951 8247.013 10224.97 14720.85 18382.45 31615.71 58687.6 81562.31 163311.2 308124.6 493304.6 814629 296022.1 328906.6 172709.3 246715.9 480043.1 1133357623 NA NA
677.7212 661.1781 645.7116 631.552 626.4342 609.9384 595.468 581.4229 563.7032 540.0111 518.1426 496.4624 482.2765 470.3235 451.8555 437.0567 432.5655 426.2494 419.2471 407.6681 400.4261 383.011 373.704 357.6363 355.306 351.0437 336.5024 326.0972 325.6551 321.6721 331.7999 343.2784 397.3984 624.5602 51477.6 144218 412544.9 647113.5 2532962 14603368 438510025 572393127 19052150465 62739465095 351517906970 416756851331 2.70218e+17 NA NA NA
680.3938 661.4545 650.672 636.9412 626.8297 616.1317 603.6285 589.8664 572.5081 556.2206 547.0115 531.7592 519.538 508.1957 496.0836 486.1421 482.0213 473.7103 460.9853 446.2542 429.857 417.5315 404.2518 390.9378 378.5725 366.0539 358.3312 347.7632 338.9047 336.7636 344.0946 366.2434 443.9947 884.9056 11709.66 32112.39 23535.88 22903.91 14880.62 17689.33 21070.77 33828.02 13675.38 21245.22 55888.73 42984.76 160642.9 1714861617 NA NA
579.7399 563.4475 550.3713 541.0915 528.366 519.7528 509.0926 495.6665 484.3549 471.1525 456.43 445.2104 437.7494 426.1181 416.1186 412.2342 400.0187 389.0925 379.8441 368.3768 356.9539 346.7481 333.0262 319.3046 305.5556 293.4006 280.1954 271.5785 259.6624 246.4441 245.0693 239.8503 241.3947 256.1275 329.2198 739.0066 966.9288 869.671 1008.075 998.8168 962.2755 791.3121 790.1214 579.0111 2861.877 1055.245 713.3902 NA NA NA
811.8245 782.2755 768.8671 752.1105 738.2459 721.977 706.1794 688.6272 672.4521 658.2691 644.6962 630.8144 616.4544 599.0147 587.2406 572.9996 560.9231 552.5983 540.8113 518.7667 500.7685 483.0243 463.7277 444.1654 425.5366 410.9839 403.9348 391.2833 373.8278 356.8662 338.05 327.7365 316.1208 312.8397 302.1087 312.0603 362.6654 1292.873 2242.105 1831.403 1920.747 1434.002 1364.557 1619.151 2609.273 6994.624 3542.615 2580.983 NA NA
488.3353 475.0645 465.4984 457.6985 448.9578 438.6749 429.0327 419.5649 407.6294 398.5781 392.0487 386.9674 380.6341 372.3043 356.9354 350.3174 343.1911 336.5162 325.0792 315.3941 299.8591 292.8408 283.2718 271.0237 265.9603 260.3568 255.9708 244.3332 239.8385 252.8753 290.5153 402.7631 1663.38 1748.415 1844.635 1854.025 1978.952 1772.638 2171.724 2238.376 2211.071 2498.404 3480.238 3346.026 3498.067 4287.099 2550.096 3259.032 NA NA
523.5965 510.2496 499.6351 488.3702 484.7761 475.2121 465.9173 455.2116 442.8174 428.0917 417.333 407.5419 397.7499 381.8847 369.7979 359.7064 349.8612 342.77 324.6009 314.7499 300.9609 295.5174 288.5981 274.7888 270.1665 259.5898 247.8704 227.3204 219.2502 202.1475 197.2694 194.2212 198.0738 222.8318 350.046 854.2819 862.7063 1041.199 976.6748 1024.644 1391.975 1149.718 813.9946 824.9553 488.199 485.5454 3458.969 15702.81 NA NA
449.6282 434.3585 424.0233 416.0849 409.7153 401.1711 394.3361 383.9479 374.3888 364.8058 357.59 352.9614 343.5182 337.6405 327.9225 321.0112 315.282 312.775 302.8431 291.4635 283.1029 276.1129 268.7948 263.3414 258.5057 254.9895 254.8756 259.7176 270.1363 302.6858 381.1271 684.8878 4463.718 7209.965 8480.758 8251.747 7160.926 6205.695 5176.407 4689.696 4178.253 2988.803 2504.274 1879.984 1513.085 3241.81 133545161338 NA NA NA
849.5136 844.9582 839.5397 819.9392 790.7396 763.4998 753.9285 729.7219 707.7465 691.3355 667.1718 648.175 631.2992 632.8946 613.2342 606.9809 582.1873 567.8297 554.159 533.9567 521.8112 513.9524 501.9085 467.6653 482.206 490.5739 500.6137 569.928 596.5257 1023.168 1634.11 4026.458 4022.645 5230.764 9830.391 8711.913 9039.399 8403.257 10604.08 12138.92 28652.53 16308 14666.13 21288.34 85977.21 77452.91 4797006 17750.72 NA NA
390.9541 380.4127 371.6248 362.134 353.67 343.4435 334.9641 325.2179 316.448 309.3454 301.7703 294.936 288.0944 279.4617 273.1361 263.0941 252.9757 248.6763 244.543 231.1054 224.7083 220.0202 214.4424 211.1981 211.997 220.8476 235.8911 280.3647 524.5204 2267.897 2816.058 2977.612 3034.055 3969.046 4105.406 4433.213 5661.991 6916.401 5578.541 4561.599 5817.272 4442.693 6942.139 6149.217 11829.22 129779.6 3333610838 735158132 NA NA
595.0937 579.859 564.8607 555.6876 541.2961 528.9196 516.7643 503.2597 488.7437 473.5472 459.9856 447.1055 435.2417 422.7474 409.6941 393.2167 382.784 368.3563 359.4538 346.7116 336.0969 326.8939 318.1629 306.6677 292.3613 283.7687 268.0732 258.6833 252.3387 249.393 253.6079 284.5534 395.9658 36508.65 93360.25 487201.5 847933.5 634293.8 1112104 4535384 6156828 78172168 70728388 54117574 58272513 91876262 2.519697e+14 369006738 NA NA
570.351 556.4572 549.4413 537.5018 528.3761 514.2121 504.1576 493.7744 486.2499 477.5309 467.9831 461.9464 464.7396 458.3861 444.395 436.1388 424.2503 406.7367 396.7023 387.1131 378.744 370.0501 363.3346 353.5114 353.798 356.9799 359.245 365.1913 394.297 443.9446 620.1263 1321.813 5877.977 7467.384 10565.01 14143.93 15861.54 17132.74 19326.74 18359.84 17718.01 18972.03 15161.87 10704.8 5542.958 3685.531 18212.37 4917.191 NA NA
508.0493 491.3272 485.1941 473.9987 461.5147 451.2666 441.8713 433.2919 422.2549 411.3372 401.8532 392.1397 380.1021 371.3073 362.41 352.275 344.4921 330.9225 317.8543 307.0557 297.6623 287.0253 279.2725 268.5685 261.4334 254.3982 250.8783 248.691 254.1336 269.5481 310.6363 429.5415 488.3997 467.1337 418.2957 409.4093 410.7426 396.0479 358.4592 330.2127 336.6469 382.6249 342.5697 314.0094 188.9102 169.8932 210.4451 143.5884 NA NA
675.1338 642.6576 621.9497 605.2265 596.1593 592.8454 575.9585 561.8174 548.9149 537.2351 516.8419 497.9728 483.9626 456.458 448.949 433.8628 413.9428 411.2423 407.2787 391.1017 375.5685 360.3237 353.6051 349.53 349.1905 333.1254 327.9047 308.1571 298.4584 312.9646 278.0231 267.7741 283.4119 385.1573 2210.512 29232079 20282379 68536934 102455516 9495098032 422748677488 2.816718e+14 1.802059e+13 7.381647e+13 2.048368e+14 1.246944e+21 NA NA NA NA
698.2591 659.987 650.9483 642.052 633.9024 646.7305 629.9576 624.9039 609.5986 597.2433 598.3036 603.1424 604.9153 604.8262 614.726 617.7063 587.9887 577.96 556.7146 538.3781 536.7373 528.1465 515.1622 482.1876 447.0236 433.2392 418.8795 393.7391 376.7696 349.269 368.6842 395.1237 406.7408 527.5981 893.4966 102323.9 168370.2 231717.6 400490.3 579671 2731789 15158456 611790121 1924954963 1.511608e+16 8.959172e+15 6.421803e+16 3.161514e+27 NA NA
347.3486 334.1641 327.9835 319.4421 314.2641 305.2742 298.6121 292.6526 285.79 276.6715 269.5859 259.6085 247.1111 244.2734 236.0188 232.6368 229.4023 226.3804 223.9576 221.0451 220.3773 220.8706 226.2791 235.2713 257.755 304.0852 483.6897 454.1724 486.4359 473.8939 459.6495 440.1602 400.1037 391.1252 387.6047 391.5424 410.7391 394.0425 418.6013 334.5044 367.1448 388.7443 372.0587 497.0398 480.4638 770.4471 17376.97 11679.38 NA NA
485.952 468.6575 457.7507 444.284 430.2502 419.9556 409.3352 398.8073 390.7202 373.0163 363.4016 356.6689 345.7486 336.0082 328.846 318.2166 308.0661 300.4751 288.5454 278.9736 271.073 264.6473 255.8228 250.468 241.1977 234.2343 228.7004 217.9974 207.3524 199.6367 193.182 191.9801 200.2491 233.1781 238.4627 221.0964 197.8851 182.8252 172.2334 148.9035 134.0716 118.5078 106.3847 103.0552 83.53424 52.49972 38.08986 28.89129 NA NA
427.1515 416.1595 412.0196 399.0808 389.7189 378.9026 369.7576 358.9127 347.0083 337.8271 330.4678 319.29 313.1626 308.9248 303.3876 294.8645 289.4335 282.6948 274.4898 264.5866 257.4194 246.2609 238.8959 232.7041 228.9121 225.3263 217.7464 213.4486 210.3502 215.8208 228.0919 306.5552 935.1886 112936.3 387403.5 3676029 37500472 114323500 286880209 2275945216 35304032479 7.959818e+12 6.708734e+15 1.614597e+15 2.668995e+17 6.328265e+19 7.953149e+19 NA NA NA
440.1028 426.9128 420.025 411.3629 402.3944 394.137 388.2944 379.27 371.6416 357.4757 349.7638 341.4493 335.3317 330.8456 328.0839 326.9324 330.4409 343.4471 340.5955 340.2765 339.2365 339.4398 350.1991 370.0567 402.4162 479.3427 654.5758 1317.137 14054.52 5475466 43909685 209422404 568445083 787011887 331768370 190415204 248839246 845560739 928663656 906769670 744049483 7284239631 18704449842 202624874241 1.591986e+14 9.247033e+16 2.467323e+22 5.137165e+12 NA NA
571.7179 556.8222 550.904 541.1305 528.1235 515.7123 509.1978 499.2962 488.6946 476.8098 465.1388 454.5626 440.4504 414.5471 402.9082 396.4432 390.2594 384.5927 381.257 375.5416 373.6702 375.1279 363.242 351.2695 342.9384 326.0373 320.8074 318.0397 318.6952 325.3838 356.4194 411.7587 791.8257 8493.474 12576.6 19329.74 37530.83 158025.4 92840.16 57135.59 37138.42 83398.72 290360.6 2786751 1637193493 2.450668e+12 1.330172e+20 660484526435 NA NA
493.8261 475.1007 461.3848 448.6975 435.5911 425.1893 414.6724 404.3338 393.1196 383.8049 372.6318 364.5731 350.9271 342.8218 334.2058 328.1738 318.2737 312.6876 304.6963 295.8124 284.5596 273.3272 265.0887 257.3123 246.8388 236.5448 232.6623 224.5052 228.4233 242.1438 291.4347 552.1208 5075.304 19192.9 51615.4 100995.9 183266 91194.4 82907.47 172992.6 378083.2 417984.3 298520.6 185202.9 154038.1 4346879 599736055 NA NA NA
488.5861 472.6669 464.2723 453.0519 445.2445 434.9363 427.0836 416.5145 406.8601 401.3415 393.7085 387.0144 380.1372 379.6692 381.8146 389.8642 384.5348 376.055 370.643 367.507 363.6598 365.9451 368.7069 377.3313 400.3109 450.1869 594.8293 1099.052 46033.21 104411.3 204434.8 400345.4 702910.2 1507878 3792895 6806771 40443256 80879639 51278462 33539427 72955502 440256312 338920670 224973079 836042840 37991078053 12747127691 2.242771e+23 NA NA
474.0229 455.465 445.3224 435.0712 424.3168 416.0486 404.8586 395.5277 386.2413 379.0074 371.2175 365.2784 351.4942 346.5905 342.0021 338.4797 332.4178 328.1855 319.8721 312.0377 303.6814 294.2516 283.3731 273.5195 265.8163 257.449 249.0358 239.9293 234.5751 230.6082 235.5417 245.722 334.6547 892.281 1075.668 1289.382 1278.399 1669.722 1751.116 1104.06 807.6567 1327.987 845.6158 925.5474 724.9634 696.1363 316.8134 1922.779 NA NA
419.1984 411.1596 406.4792 396.8618 389.2233 385.4375 379.7255 372.5629 367.4191 359.1993 353.0595 351.4552 353.0581 361.2772 354.9476 350.4408 343.5992 335.7799 329.7002 322.2888 317.28 313.2811 306.4123 315.9789 312.7473 335.2228 378.8909 491.5194 911.7571 8339.027 2236060 9015381 7497581 12581409 21885127 56390487 177770070 991980755 6273727923 28076695585 50610689636 272258815404 6.218903e+12 5.78548e+12 8.15662e+15 1.703042e+17 2.021907e+21 1.219745e+27 NA NA
444.0881 431.001 422.2651 415.1825 406.4881 399.0975 390.523 382.197 374.9468 366.2385 358.8351 355.2061 353.2825 350.2856 347.4742 341.6506 336.118 328.9892 329.6111 335.3517 342.9252 357.7494 392.9225 486.0141 781.525 3927.19 185924.8 322010.2 482613.5 1775735 5301491 8492820 9819810 9441068 51023543 100804069 1111694383 13527252321 5808760891 71445378910 1.1482e+14 4.651854e+15 4.960393e+19 3.117988e+17 5.520662e+19 4.219557e+22 NA NA NA NA
691.3154 685.8369 672.5326 660.2243 650.0171 635.8314 623.9761 613.583 593.0206 579.0454 566.887 558.9632 527.3342 516.7435 503.5432 497.0038 487.2496 464.1776 457.9276 447.9045 440.7459 420.5439 416.9165 400.1986 388.4153 375.6611 367.142 357.4379 347.344 334.6446 334.3757 330.7713 326.9176 336.3651 366.7373 481.8676 2184.291 2843.343 3502.715 2824.055 2969.893 2422.625 2746.283 3496.639 11025.6 164314.9 1960147 197412.8 NA NA
706.2144 682.4646 666.6424 655.7462 643.3996 627.658 614.3698 596.2245 583.983 568.908 553.1637 537.8525 523.3417 508.3181 491.2371 481.5871 471.0373 457.0616 446.5355 432.6135 420.4293 405.3912 388.3038 375.7238 361.9992 352.8317 338.2692 320.6635 310.7437 295.036 274.8223 264.0195 252.6746 246.7888 243.8086 251.8666 351.9345 778.0666 679.5097 538.3307 421.2322 437.0595 400.6447 522.3593 593.4114 830.2317 3710817 2.909171e+13 NA NA
554.7149 531.34 520.7189 509.9681 500.8146 492.6872 482.9094 470.3852 460.5303 445.3993 431.146 421.1736 410.525 390.724 377.4972 374.968 370.0344 361.7733 349.8876 341.079 332.3471 325.9343 317.7669 321.7655 316.5083 320.1882 329.4711 364.4836 458.9416 868.3185 54637.84 133208.3 256160 292672.3 299930.2 382560 375741.8 299348.8 190825.6 185168 107984.2 143150.4 821228.4 53787213 88834067 96162148 3436464037 4207975630 NA NA
462.2854 448.2361 438.4018 429.2743 419.6849 409.333 401.1759 391.4502 380.5966 370.7332 361.1328 350.7913 346.3149 342.3396 333.5552 325.5981 317.4165 307.7743 298.8155 287.2093 278.1363 270.6323 261.1245 257.1121 250.2631 246.0075 245.2908 249.8667 248.7917 261.1809 326.0988 531.1421 561.5738 570.9129 568.2335 550.8201 615.6771 652.4204 599.5332 675.6972 648.0116 622.8922 540.9621 414.4647 359.1887 437.8154 3149.219 115485.4 NA NA
759.9379 721.1068 712.738 716.3209 704.314 700.5444 695.3065 691.3569 674.6887 638.8259 634.8498 621.7202 621.9877 633.4934 644.2325 646.5763 621.0793 616.0691 608.1971 569.5163 539.1743 534.8436 518.576 501.4053 479.2188 506.8942 507.1165 514.5626 542.7762 646.5717 860.1178 2042.431 126973.5 449163.7 391737.4 335173.6 244818 219681.6 367987.9 350641.7 448136 243482.1 429459.7 1473733 5091448 371413190 1.015607e+13 88685010574 NA NA
475.9407 464.2892 456.9232 447.1806 431.2301 421.0836 412.1265 401.4833 388.9454 382.1972 367.8858 357.703 347.3599 338.0205 331.5637 324.4459 321.8673 321.5419 318.9712 301.4775 295.8228 289.087 280.6131 274.5516 264.392 262.8763 263.5575 273.1992 290.6869 349.9041 486.2071 2739.817 117002.1 91243.63 84670.52 67132.78 226706.5 437729.9 2572882 18941782 126898420 159553543 167198177 38561420556 2.071092e+12 1.88866e+15 8.936474e+14 389165904504 NA NA
712.1047 687.5744 670.0086 655.7209 645.3285 626.8824 610.2992 596.6834 579.1699 562.8274 546.8134 533.7614 517.6627 503.8678 487.0494 473.1691 460.9932 449.7296 435.996 421.7892 416.0519 399.2616 388.6038 372.9971 361.068 348.567 335.5229 324.2257 311.5247 308.3019 310.2627 324.7548 347.3451 459.1598 2060.541 2596.898 2591.185 3073.225 3794.894 5599.527 8258.457 7676.682 8380.322 8848.631 28666.5 47700.78 3577035 7215243 NA NA
553.086 543.96 533.0491 519.995 506.8077 490.912 479.53 468.331 460.8124 446.6624 435.1219 418.7301 410.3146 403.3949 392.0065 383.2412 366.4817 360.2647 349.2744 344.539 339.5086 329.8238 322.0377 308.5617 294.6746 284.0078 269.1445 253.4437 239.1049 227.6391 223.8256 217.1837 221.3468 220.4945 243.086 288.9541 533.1386 22998.86 53349.91 166804.7 126563.8 590806.8 210761568 25710080 576248615220 407501755519 926736168051 52612150257 NA NA
714.3696 691.2535 677.5511 666.51 654.4846 640.1861 626.8757 612.9045 596.8375 582.4731 558.1135 541.0084 528.25 517.2225 511.0113 492.3925 477.9049 472.7646 467.9872 460.9186 456.4177 437.7032 425.7327 411.7916 391.6224 375.4703 367.9763 362.3021 355.4075 342.5632 339.9386 341.4566 348.5961 401.402 596.8354 23988.41 26681.44 48193.28 91399.98 190718.9 239529.8 410157.7 316627.8 266342.6 397817.8 209646.5 5110961 NA NA NA
677.8779 663.5431 648.055 639.5978 627.8633 611.1689 602.3557 594.1604 584.8764 572.0991 562.8312 547.0742 545.391 539.9064 530.4 518.9914 498.6225 479.0701 470.3277 460.2488 447.6964 438.3564 430.4648 416.2632 405.892 398.9704 395.2353 395.2465 403.4987 433.0071 477.8047 512.4386 821.7701 16011.9 16989.7 18943.66 20429.03 18249.12 15304.2 14558.01 13999.03 17622.05 14881.26 13612.25 19028.95 54719.82 32220.78 62849.63 NA NA
468.059 450.5484 444.2689 434.9966 422.7636 415.3272 406.065 397.5622 383.5744 375.645 365.8585 359.3459 345.4263 332.2514 319.8054 311.2595 300.3625 293.1957 286.7685 278.4405 271.9795 265.1099 260.0607 251.7356 244.5469 239.9967 238.8395 235.5528 233.4468 240.1219 285.0887 549.9406 44141.63 136393.2 308463 605276.2 437497.5 544567.6 944077 2124760 1218261 1371831 1557096 5404938 1632383545 406949076 71526245 NA NA NA
