1651.39 1969.266 2065.928 2168.474 2305.324 2474.976 2649.423 2800.226 3001.581 3296.173 3540.781 3737.423 3949.395 4153.343 4485.113 4786.577 5787.577 6479.373 7006.997 7804.453 8392.124 9200.124 10396.79 11401.69 12559.42 13855.22 15590.91 17417.72 23139.78 27188 26730.45 1123.294 904.0405 770.4013 524.6862 671.2146 676.182 409.4252 332.426 837.5274 647.6688 628.4144 1001.509 3248.535 13850.34 30164.08 50640.98 14455.27 NA NA
1777.814 2043.069 2134.887 2249.43 2562.499 2712.486 2860.704 2999.425 3283.779 3553.024 3817.059 4025.268 4395.295 4629.732 4809.94 5425.218 5906.364 6424.005 7433.84 8059.535 8776.889 9548.908 10349.58 11650.9 12793.97 14966.86 16453.7 19073.92 21319.29 24879.84 27797.04 31935.1 15552.08 45.69027 5.544725 5.314507 3.332569 2.548957 0.7362066 0.2324369 0.05103271 0.002393318 0.0001251333 1.714829e-05 2.022057e-05 8.800452e-14 3.98571e-19 NA NA NA
1506.795 1697.587 1825.415 1991.457 2174.895 2279.679 2396.088 2614.768 2871.236 3013.517 3634.23 4102.336 4322.308 4592.917 4841.922 5190.693 5527.214 5945.168 6414.65 7379.492 8596.509 9612.335 10803.86 11909.11 12993.21 14156.73 15903.42 18845.8 21349.04 24853.17 27908.72 31895.84 27760.15 3348.407 1889.702 1921.598 1974.28 1812.183 1862.851 1727.369 1073.649 313.6132 295.1099 300.1809 2567.555 11293.98 46613.49 109653.4 NA NA
1193.978 1315.976 1423.394 1500.907 1658.747 1740.401 1828.822 1948.908 2181.269 2305.789 2541.38 2819.755 2948.734 3189.978 3448.927 3801.127 3981.756 4643.383 5139.067 5559.033 6169.733 6679.252 7236.311 7855.351 8777.3 9515.764 10889.31 11961 13252.65 14046.32 13333.65 6049.698 190.4012 116.491 76.81892 103.4462 52.43779 41.13941 14.53069 4.679247 2.69262 2.035849 2.955158 2.963451 24.64095 110.7234 182.3195 4.073603e-05 NA NA
1403.677 1491.748 1614.501 1713.002 1831.31 1947.281 2018.198 2166.935 2249.832 2324.486 2404.685 2638.592 2788.286 2987.172 3155.653 3357.29 3700.446 4092.86 4449.692 4926.769 5343.352 6061.628 6806.966 7609.391 8385.049 9832.251 10864.7 12302.43 14108.21 15410.34 11154.08 52.80268 10.56533 7.24777 6.92584 9.977319 8.770683 5.291651 1.756221 0.8181681 0.1825734 0.159782 0.0280734 0.0496928 0.3097128 23.58197 850.4524 17355.11 NA NA
1754.054 1986.015 2398.606 2533.147 2651.639 2786.53 3182.809 3317.049 3491.873 3661.562 3871.998 4079.611 4331.007 4724.107 5089.095 5358.474 5925.753 6508.276 7069.269 7607.09 8196.511 9372.791 10569.9 11659.18 13134.04 15280.48 17926.64 19114.57 23837.34 24016.88 9046.454 89.18152 25.26767 38.41438 30.35036 20.89283 10.77994 8.20384 7.090065 5.398636 5.712404 16.168 11.80317 13.75416 60.68813 312.6586 1258.031 0.8884048 NA NA
931.2011 1012.43 1154.373 1204.704 1256.693 1321.791 1380.503 1468.811 1598.102 1827.097 1967.83 2111.676 2161.604 2240.631 2275.353 2400.718 2472.71 2643.134 3080.28 3343.686 3889.566 4206.762 4607.625 4992.774 5929.995 6448.769 7502.755 8418.564 9672.674 10810.69 11769.27 12862.72 13039.24 10291.63 28.94656 25.51602 17.74504 15.04653 9.249571 14.93794 35.21217 79.151 309.1038 763.7447 1862.874 2256.415 3453.435 19856.66 NA NA
1419.975 1527.913 1616.444 1707.67 1798.337 1884.137 1991.206 2158.43 2317.142 2539.18 2655.719 2897.468 3160.464 3471.768 3653.448 4078.82 4215.546 4704.482 5146.327 5798.852 6523.453 7043.611 7897.385 8976.628 10197.81 11192.89 12290.58 13632.94 15606.09 17577.51 20848.21 16323.88 5.554191 3.48977 3.181902 1.514063 1.514854 0.3332127 0.05017389 0.001263898 0.001678868 0.004777957 0.001275191 0.0007978339 0.002410387 0.0002057248 0.0009412694 1.260866e-64 NA NA
1726.776 1975.939 2099.056 2271.397 2377.468 2495.905 2706.578 2859.012 3025.078 3227.186 3530.241 3727.153 3923.017 4143.047 4389.657 4624.105 5411.063 5764.344 6305.654 7017.461 7819.827 8732.01 9504.196 10711.61 11800.76 12958.42 14340.71 20367.3 21228.6 17534.89 417.9321 306.3713 218.2432 155.5324 112.5629 98.80447 109.7797 230.992 270.0334 447.0832 839.4581 1140.997 2432.484 6522.627 16761.29 31184.59 48112.08 82514.06 NA NA
1177.864 1308.832 1365.474 1451.145 1529.946 1660.559 1797.136 1892.814 2008.559 2133.038 2297.295 2577.932 2761.137 3272.926 3444.887 3639.476 3861.691 4007.688 4209.073 4847.526 5198.213 5648.026 6132.001 7550.388 8263.62 9005.21 9853.01 11798.73 13385.03 14699.58 18472.4 20873.98 22257.88 11359.82 249.5432 123.9518 141.4257 225.5128 390.1376 356.4941 353.2811 430.3895 1140.865 2795.687 10375.4 28561.76 38238.36 15072.44 NA NA
1895.887 2167.448 2239.135 2322.106 2493.981 2684.483 2772.837 3043.743 3135.251 3304.347 3348.064 3488.319 3825.329 4074.77 4486.567 4934.513 5751.207 6301.37 7099.36 7916.776 8780.534 9869.754 10723.08 12474.51 13550.86 15926.2 17987.07 19425.72 20302.52 19281.43 10295.38 74.34529 3.856452 0.5187729 0.2272429 0.2724995 0.03988541 0.01121144 0.004414476 0.003750804 0.02211318 0.004848922 0.007797161 0.006875644 0.003613263 1.51483e-06 7.330271e-14 1.824951e-21 NA NA
1193.302 1276.681 1334.489 1419.144 1514.495 1633.986 1734.982 1846.732 1928.977 2115.518 2216.409 2366.917 2525.185 2619.34 2705.628 2792.675 2929.924 3151.257 3761.967 4362.391 4787.98 5437.559 5982.502 6651.353 7364.767 8604.827 10158.97 13231.56 14736.75 16587.3 18321.45 20188.86 21763.46 23106.25 7.967278 0.7291596 0.1454252 0.0406829 0.003804383 0.001736294 0.0002235155 0.0002656344 1.547465e-06 2.549145e-13 4.353129e-28 1.055668e-28 9.794547e-41 2.570831e-21 NA NA
832.3776 908.0876 953.2536 1005.733 1081.512 1132.606 1187.341 1245.491 1328.917 1387.792 1481.105 1587.993 1633.013 1856.418 1992.752 2112.841 2154.539 2199.536 2362.299 2597.453 3386.253 3684.623 3996.972 4473.735 4876.757 5442.13 6012.393 6686.449 8004.158 9372.591 10365.74 11612.94 15947.54 18237.39 20788.31 16861.77 28.69921 2.542324 0.09574623 0.008357402 0.003237705 0.04669361 0.05478604 0.0896561 0.01729416 8.882953e-11 3.372437e-06 2.783404e-08 NA NA
1335.893 1568.169 1701.622 1818.39 1901.984 1993.41 2147.94 2248.106 2411.289 2706.794 2919.3 3301.643 3464.341 3799.386 4008.572 4247.602 4632.017 4888.4 5477.162 6258.227 6801.007 7656.47 8224.358 9521.39 10323.72 11263 12522.87 13619.39 15083.29 15630.31 12745.71 21.57244 19.57687 6.960644 1.261912 1.284272 1.663155 1.394749 2.436594 0.9602449 2.689252 2.443619 1.710355 0.6642654 0.1824338 0.09292775 0.02355649 8.078307e-05 NA NA
1774.678 1900.17 2075.922 2163.25 2269.503 2354.126 2510.185 2600.807 2754.238 2906.687 3020.558 3143.684 3296.601 3476.235 3792.031 4004.861 4251.41 4547.759 4836.06 5210.831 6554.8 7248.137 7776.868 8515.901 9378.998 11013.34 11296.01 10695.53 7884.549 1392.703 1.777006 2.293373 0.8208659 0.2469493 0.09108945 0.01243209 0.04091937 0.08751211 0.09098966 0.1360906 0.4748841 0.1106044 0.1616898 0.3118815 0.3343867 1.264768 31.36716 2156.068 NA NA
1944.229 2259.35 2351.277 2504.593 2592.052 3001.241 3248.922 3494.33 4025.671 4067.29 4152.906 4365.706 4642.264 4929.637 5240.937 6048.573 7042.674 7767.208 8458.203 9870.259 11512.9 12802.38 13986.31 14986.14 17647.11 19766.97 23744.13 24947.78 23743.42 15986.52 127.3015 54.43178 24.85882 23.37046 28.25001 40.86636 40.79351 38.08277 35.40329 30.84308 74.02587 82.33959 33.17988 29.82189 66.68516 1.070378 0.1836401 41.51556 NA NA
1389.524 1509.708 1626.982 1722.445 1801.993 1935.831 2075.504 2207.315 2316.092 2448.063 2560.972 2703.191 2862.959 3037.744 3346.536 3538.379 3670.431 3815.756 4140.005 4495.197 4912.49 5335.785 5767.616 6438.184 7066.114 7895.187 8739.915 9775.531 11567.76 13829.06 15497.24 15486.73 14960.58 292.7688 330.8438 443.8243 342.855 204.5759 76.31393 3.020484 4.143855 9.195785 2.683822 2.408972 3.666798 12.59221 19.13892 16.25755 NA NA
900.1939 971.5426 1026.375 1135.255 1213.624 1277.047 1345.471 1425.31 1500.322 1597.9 1664.06 1775.473 1874.971 2057.546 2137.706 2213.862 2369.631 2549.093 2764.986 2975.027 3419.449 3860.602 4255.143 4742.271 5391.024 6043.448 6601.798 7753.039 8796.629 10227.43 11508.65 13228.93 14355.9 12924.12 474.5534 509.4984 78.41282 60.48008 64.82931 67.82317 56.62371 67.54789 210.7286 267.8524 280.6008 108.1009 3.905482 95.19875 NA NA
946.3549 1038.136 1118.811 1215.022 1312.576 1393.399 1516.125 1568.058 1704.954 1760.284 1964.261 2161.868 2294.06 2909.611 3042.908 3476.67 3749.967 4012.857 4675.409 5045.806 5437.597 5938.279 6675.778 7232.479 8274.207 10807.4 12127.89 13998.47 15805.62 17543.23 22012.14 24593.21 25832.43 15025.22 1072.203 732.2833 332.7312 365.4706 289.4108 205.6816 262.5251 164.7692 572.0065 220.7597 1438.267 4736.205 5734.766 25.9051 NA NA
1064.524 1167.162 1227.128 1300.761 1403.678 1505.339 1623.869 1893.709 2006.096 2181.187 2307.544 2455.556 2772.359 2954.108 3232.342 3382.845 3548.913 3691.537 3842.975 3979.881 4164.49 5151.04 6207.149 6813.205 7416.393 8345.495 9697.452 10608.05 12406.91 15644.07 16903.64 17311.39 13518.87 2358.501 39.10038 14.71444 3.728453 0.388731 0.01374424 0.001197554 0.005406762 0.0253739 0.01481179 0.01207005 0.631154 1.153155 7.643618 1.141518 NA NA
1160.904 1364.408 1416.824 1476.485 1548.886 1640.59 1707.33 1785.98 1858.95 2186.101 2396.451 2510.197 2635.23 2702.587 2964.89 3185.231 3516.455 3838.004 4366.713 5525.314 5939.383 6616.605 7179.713 7890.862 8670.946 10013.38 11525.93 12631.41 14131.25 13930.81 9870.283 87.44607 54.11924 20.01441 11.04415 19.88705 26.53226 33.26439 45.17086 83.13587 110.0206 119.4768 209.2649 274.8618 1260.255 3708.249 24004.31 1060883 NA NA
2285.755 2423.51 2516.773 2732.121 2829.8 2944.53 3240.912 3355.846 3583.163 3712.406 3848.016 4035.193 4283.494 4569.288 4859.594 5421.667 5823.058 6274.541 6867.306 8401.908 8982.646 9717.582 10561.21 11463.87 12381.34 13520.52 14283.91 15007.77 12224.19 2536.749 1.02438 0.8812313 0.6044675 0.1318962 0.01501076 0.003188531 0.001372486 7.008289e-05 6.282825e-07 4.084451e-07 8.832491e-10 1.320514e-13 3.208802e-15 4.724374e-19 1.304918e-18 1.592236e-35 1.921192e-53 8.529399e-85 NA NA
827.9221 876.0169 904.8949 984.4514 1085.249 1128.334 1254.97 1300.756 1366.491 1485.868 1537.555 1678.267 1796.715 1976.892 2014.248 2241.285 2416.719 2651.853 3026.809 3401.079 3768.642 4322.036 4661.825 5335.927 5812.814 6506.08 7559.43 8496.43 9330.443 10648.32 11720.13 12577.9 13180.84 9684.338 2.092968 0.01515729 0.0173879 0.0274084 0.02713609 0.1171954 0.4051781 0.2694346 0.9676014 1.186593 1.429689 1.285693 0.06775863 1.142917e-19 NA NA
882.6386 941.4237 1002.836 1042.447 1097.159 1198.412 1273.644 1331.794 1369.163 1407.9 1503.102 1723.216 2006.596 2038.657 2153.55 2292.809 2686.91 2978.49 3246.359 3733.236 4092.179 4415.271 5712.696 6363.81 6986.805 8108.618 10360.07 12701.5 13805.73 15705.47 17133.12 21629.45 23014.49 29332.81 21951.46 2.786626 1.121744 0.8585893 0.8176124 1.504071 3.279517 3.739512 5.013597 2.753921 1.425601 30.91367 317.6893 18828.83 NA NA
1513.655 1662.566 1793.884 1872.27 1976.374 2102.51 2212.48 2467.195 2656.235 2913.716 3221.341 3831.716 4161.147 4523.344 4756.66 5126.004 5614.009 6407.174 6976.102 8064.871 9534.373 10326.45 11133.94 12286.85 14078.92 17744.04 19760.67 21820.82 22745.13 20903.95 5932.005 10.66311 0.9419761 0.3222035 0.09638048 0.04320004 0.04279122 0.03020348 0.2120067 0.5332279 0.5203996 0.714424 0.9925243 1.331699 2.317527 4.998778 39.93306 22.20528 NA NA
790.5041 857.929 898.9494 951.0891 994.455 1045.497 1095.356 1147.842 1239.716 1385.92 1444.486 1510.084 1620.697 1697.91 1771.841 1843.565 1894.99 1942.624 2292.273 2735.418 3151.349 3556.292 4031.961 4474.428 4998.828 5433.76 6205.956 6914.064 8606.495 12406.23 13781 15683.96 18309.36 20227.33 9806.904 91.89483 31.15127 19.81659 23.13643 23.13624 36.2347 57.36003 88.29446 307.4751 645.8255 752.6734 3773.645 122.897 NA NA
1300.455 1390.833 1475.868 1528.845 1672.323 1752.331 1814.091 1862.505 1901.986 2032.304 2283.422 2639.678 2691.997 2893.008 3103.129 3297.919 3523.219 3781.264 4259.832 4688.547 5285.428 5743.41 6204.467 6733.119 7532.948 8112.652 8849.125 9143.072 9766.387 7038.121 1292.481 0.8787554 0.1411698 0.1453491 0.1023779 0.1005922 0.02596308 0.006015913 0.004577986 0.01203977 0.00581504 0.005898345 0.01693534 0.01391102 5.677406e-05 5.093305e-10 8.025191e-08 NA NA NA
1159.328 1269.487 1345.39 1404.178 1464.216 1565.06 1668.941 1745.042 1827.624 1968.225 2051.606 2106.211 2187.58 2200.148 2274.824 2340.396 2484.624 2791.361 3051.279 3299.509 3735.248 4080.36 4786.284 5216.876 6404.456 7372.802 8155.864 9323.025 11318.24 15415.99 17233.63 19859.94 24912.9 28182.47 30843.68 19670.07 529.9016 240.885 231.7395 368.9971 518.3079 810.4004 1301.984 1005.733 3623.189 8184.237 5244.584 41420.24 NA NA
2117.298 2309.68 2429.902 2575.532 2699.942 2899.183 3183.895 3315.237 3497.272 3804.274 4043.303 4226.486 4553.47 4737.721 5024.31 5425.417 6484.339 7176.614 7755.772 8304.424 9557.809 10236.3 11469.92 12608.73 13432.33 14023.92 14897.92 13786.46 9828.202 175.12 51.15419 15.5336 6.713929 5.498854 2.708304 0.7367062 0.5235894 0.246662 0.4546792 0.9264463 0.6216356 0.1891297 0.01649423 0.160941 1.054689 5.022169 267.5081 2056.824 NA NA
2311.446 2548.338 2744.811 2882.336 3110.749 3611.725 3791.295 4288.298 4605.771 4923.67 5198.347 5379.19 5930.674 6173.24 6614.436 7116.676 7869.568 8539.08 9092.387 9928.28 10954.43 11796.68 12741.94 15157.03 16521.62 18183.35 20543.45 26122.32 24574.39 9006.183 207.4122 204.3673 164.15 167.0358 151.8403 202.0874 115.4699 101.4572 186.3712 420.1059 650.3164 1014.906 761.5208 409.7466 1.282173 2.15419 0.004287096 1.193914e-06 NA NA
638.4512 702.3847 747.7531 814.2847 883.0803 963.638 1041.006 1114.103 1230.995 1326.774 1421.696 1538.162 1723.083 1859.131 1974.526 2197.245 2430.92 2557.344 2727.001 2989.936 3123.924 3649.945 3824.567 4164.749 4693.547 5312.227 5952.774 8329.895 9327.204 10606.81 12102.31 14202.73 17324.39 23375.68 26367.91 24282.77 208.0734 47.53649 46.10582 31.77079 59.10114 76.45979 163.7595 341.2033 1516.395 14418.66 144404.7 989308.3 NA NA
420.0839 460.3426 496.8008 513.0724 530.5573 543.0528 576.642 591.0231 602.7244 689.1558 716.1837 731.6908 825.77 815.1781 812.015 822.0519 932.2888 1113.645 1240.319 1427.402 1641.921 1869.468 2061.078 2589.713 3015 3366.138 3906.086 4373.224 4884.839 5472.336 6329.417 8930.756 10006.4 12446.99 14398.9 15996.42 15320.89 2002.108 0.8325642 0.2132968 0.1664619 0.0735753 0.03993602 0.01456562 0.1068414 0.4155167 0.03677171 4.662561 NA NA
841.7934 935.5624 1018.494 1077.522 1174.692 1244.006 1312.414 1385.432 1457.996 1545.807 1632.367 1740.302 1827.291 1960.145 2039.453 2111.332 2174.982 2476.723 2633.157 2962.939 3200.451 3805.733 4119.003 4779.893 5446.453 6178.4 7070.624 8069.23 9013.758 11490.76 12772.52 17285.33 19291.97 15383.52 174.5641 30.69488 22.16083 16.9341 8.88117 9.420264 1.535854 1.96121 0.2777182 0.1923032 1.419416 12.33294 209.2704 23362.21 NA NA
735.007 795.3678 846.2282 898.8165 954.0259 1014.348 1120.935 1173.556 1234.014 1300.455 1401.857 1482.373 1649.393 1789.657 1928.912 2145.933 2285.823 2340.903 2526.033 3879.155 4355.517 4828.632 5345.906 5827.916 6405.624 7330.697 8658.55 9530.616 10531.29 11468.74 16146.28 19807.6 22622.36 23130.23 15099.36 2.684865 0.1574873 0.03060004 0.005139364 0.0001306588 3.718333e-05 0.0002006719 3.25653e-05 2.764985e-07 2.427214e-15 4.730856e-18 3.559637e-20 5.45819e-16 NA NA
519.5128 626.9286 677.1942 768.3205 886.8793 924.4285 1016.971 1167.704 1272.9 1354.389 1439.494 1565.981 1645.012 1733.644 1789.888 2174.143 2372.926 2672.369 2931.657 3326.613 3598.07 4010.703 4510.637 4958.664 5577.462 6191.495 7442.025 8258.498 10000.73 12315.87 14420.64 17470.09 21299.19 25920.32 29849.27 33033.22 24295.48 1811.444 932.1811 712.3365 1069.714 203.2739 106.0926 87.72381 33.26593 0.1035201 4.487044 0.1051647 NA NA
984.0824 1063.571 1113.748 1259.985 1318.224 1389.936 1443.59 1592.643 1760.897 1933.221 2000.013 2116.91 2166.999 2252.411 2411.507 2511.585 2932.202 3287.459 3585.003 3865.917 4441.98 4844.253 5248.423 5702.354 6286.553 7055.929 8199.116 8918.872 10524.9 12413.68 14140.41 17320.85 19771.35 25623.45 12115.52 2899.372 2332.559 1453.607 1042.845 1098.208 300.0281 237.9134 260.5767 7.86535 37.46485 23.93568 0.0001977578 9.250737e-13 NA NA
2098.742 2408.158 2510.394 2712.269 2834.075 3074.567 3190.128 3381.419 3683.236 3941.793 4107.961 4202.228 4357.108 4571.927 5207.416 5826.434 6342.149 7145.686 7647.977 8372.181 9140.908 10183.92 11823.08 13656.23 16169.51 17645.06 19199.81 21505.85 20770.88 7065.41 98.50532 46.80022 18.18111 11.1109 11.21021 3.917897 3.75485 1.582583 0.170909 0.0486343 0.01098273 0.05503814 0.238591 3.568498 32.16153 383.4887 1304.693 429.4736 NA NA
1532.429 1736.114 1838.876 1934.909 2086.876 2222.012 2559.744 2853.576 3040.311 3214.355 3360.249 3782.007 4033.064 4369.337 4588.23 4780.928 5162.176 5521.874 6122.246 6549.403 7234.887 7783.967 8504.63 9454.087 10688.38 11680.49 13159.55 15009.54 21298.46 23575.45 26467.54 27167.11 17763.82 45.07353 13.15704 10.3853 3.55852 1.376758 0.8754977 0.09361217 0.0253599 0.0006033853 3.715519e-05 2.441721e-12 5.875268e-26 3.842028e-32 5.605787e-37 NA NA NA
1124.005 1224.384 1385.77 1448.693 1542.284 1627.849 1707.028 1844.925 1925.137 2030.181 2203.299 2349.573 2490.718 2759.455 2870.356 3330.609 3524.709 3888.492 4141.498 4477.762 5623.798 6077.686 6643.545 7270.46 7957.663 9654.797 10711.69 14896.59 16808.84 18740.32 20541.16 20669.25 7969.25 6.804807 1.80688 0.6975947 0.0822993 0.04352795 0.0004796058 2.093336e-07 3.680526e-12 2.303369e-12 5.532533e-14 3.582914e-20 4.417554e-21 4.378734e-18 4.435116e-17 7.220302e-12 NA NA
1291.107 1389.485 1600.731 1665.548 1741.216 1908.088 2024.469 2309.134 2393.947 2649.316 2863.986 3006.507 3201.935 3309.565 3768.612 4083.559 4481.137 4767.736 5082.485 5440.563 6025.715 6476.077 7031.174 7717.927 8537.627 9772.529 11392.05 13003.62 14372.02 15048.73 15591.51 5672.992 4.966536 0.4658196 0.09987428 0.043005 0.0003653762 3.236569e-06 2.676426e-06 1.168779e-07 1.499724e-09 5.938326e-11 2.096603e-15 3.527142e-14 2.168325e-21 3.860811e-20 1.321043e-17 NA NA NA
1008.22 1087.777 1163.104 1221.458 1407.257 1496.429 1647.695 1780.583 2044.595 2154.016 2276.371 2428.522 2592.706 2717.61 2809.586 2989.41 3125.479 3331.67 3739.896 4028.065 4390.793 4797.825 5234.443 5701.606 6451.901 7015.025 7918.877 9980.742 10956.98 14505.18 16743.08 19410.53 19236.07 4894.319 8.484055 3.1801 2.609247 1.124658 1.087493 0.5831466 0.05389023 0.07866763 0.05850551 0.1672781 0.009412677 2.569958e-05 3.622165e-11 2.446079e-27 NA NA
1269.454 1389.144 1446.619 1502.74 1565.098 1659.275 1834.73 1925.841 2184.028 2307.022 2424.489 2612.738 2698.914 2783.881 2967.242 3057.342 3043.796 3354.294 3839.11 4508.905 5021.47 5531.815 6162.428 6827.136 7659.817 8419.563 9508.188 11412.4 13747.33 15552.49 18782.23 23391.62 26267.93 28176.83 29463.14 10228.98 3.657262 7.176101 6.514133 3.770569 8.316312 7.405203 6.16361 3.944282 5.213884 9.513294 0.00966939 NA NA NA
1166.449 1416.022 1574.623 1667 1780.847 1910.302 2081.901 2253.062 2446.018 2572.036 3043.104 3280.973 3404.903 3662.771 3886.384 4509.725 4561.426 5018.082 5534.813 6376.582 6899.233 7429.594 8265.917 8937.403 10364.49 11226.49 12307.03 13974.71 17243.64 19645.47 20830.17 17272.56 1789.431 1688.772 1552.624 1681.647 1652.579 1567.007 1798.424 2470.207 2505.517 3703.194 7077.515 20049.03 26815.56 77601.68 231569 965567 NA NA
592.4353 645.5621 692.8774 741.9616 780.6948 827.2615 865.1553 951.9243 994.7927 1051.214 1095.896 1160.865 1258.774 1327.549 1372.167 1500.846 1515.011 1474.473 1598.8 1555.336 1715.192 1831.125 2001.057 2757.019 3056.448 3391.596 4177.106 4544.999 4991.936 6001.589 6480.562 6857.563 7805.913 7084.664 6369.561 558.9352 0.06634447 0.02872774 0.004604344 0.0008649471 2.315983e-05 6.960683e-06 1.886387e-14 4.29522e-17 8.113959e-24 1.508869e-20 1.959062e-25 6.473537e-101 NA NA
1680.668 1834.842 1966.248 2051.48 2159.781 2245.546 2363.317 2481.579 2572.838 2680.321 2925.441 3108.933 3230.261 3496.101 3800.295 4032.125 4470.347 4982.833 5690.026 6130.326 7055.419 7843.609 8677.629 9851.63 11094.27 11988.42 13236.52 14657.77 14297.77 11195.44 705.1889 1006.413 1146.564 1312.285 1798.936 2223.149 2631.525 3317.238 5351.63 6382.334 8976.011 22888.06 29133.46 61725.82 134530 306524.1 794446.1 1487650 NA NA
2006.243 2227.415 2325.676 2488.036 2678.066 2917.981 3051.563 3244.798 3416.91 3587.166 3800.74 4164.913 4629.945 4878.117 5407.058 5975.121 6461.564 6940.779 7408.67 8647.688 9316.208 10397.12 11261.88 12481.76 13777.32 15152.84 16744.02 18489.17 19564.91 15590.07 18.76897 15.80834 16.08255 3.591589 0.9631681 0.2316353 0.03244039 0.02122413 0.01224965 0.05428004 0.06646132 0.04507236 0.04776426 0.009781879 0.3581272 3.42051 0.001922529 8.112338e-06 NA NA
1608.308 1738.703 1900.47 2027.313 2254.789 2356.875 2504.751 2618.506 2806.514 2935.888 3095.383 3254.864 3424.284 3595.35 3775.245 4017.49 4306.399 4649.341 4953.848 5489.978 6238.015 6956.782 8138.083 9341.835 11804.06 12850.03 14329.99 15890.37 17752.35 19342.23 15030.39 879.334 295.7504 297.9205 208.7351 394.2987 547.4024 760.6756 894.895 1105.547 1916.773 3229.369 7688.541 23609.74 28832.29 72134.26 127933.6 419535.3 NA NA
749.7537 823.016 884.8425 974.797 1016.2 1155.048 1218.31 1298.811 1454.931 1525.463 1660.78 1962.116 2047.582 2130.23 2284.514 2480.254 2536.724 2653.228 2882.319 3333.685 3803.516 4204.127 4747.196 5239.628 5856.981 6494.339 7906.427 8714.882 9966.382 12365.25 13756.47 15548.11 15924.83 8152.908 599.9287 455.5511 258.3032 207.8223 148.175 185.4416 160.2393 36.31544 11.51662 7.515065 28.42875 16.25427 0.0001820751 2.697983e-25 NA NA
1184.638 1275.036 1339.329 1484.444 1580.371 1674.978 1844.36 2082.45 2241.923 2348.314 2465.47 2602.224 2854.383 3011.887 3311.201 3553.105 3768.527 4065.301 4175.089 4325.027 4972.417 5479.723 6094.271 8109.93 9791.485 11009.13 12583.86 13499.09 18492.01 22176.48 23254.4 4925.05 2.019338 0.3790314 0.06781383 0.007570311 0.00322774 0.000396881 6.483442e-06 5.119476e-07 5.401374e-11 7.350572e-12 1.042666e-11 2.335136e-16 4.557217e-18 1.171631e-16 3.459123e-23 NA NA NA
526.969 569.4941 600.3886 662.9542 724.2589 785.2602 830.0122 876.7241 932.5605 999.7387 1048.631 1110.346 1161.904 1232.5 1345.699 1441.478 1496.117 1569.659 1657.507 1827.529 1882.122 2105.788 2358.434 2658.92 3094.335 3594.957 4054.469 4435.969 4940.579 5820.829 6433 7125.195 8131.346 8981.181 9907.807 8424.795 158.6045 110.4981 34.57432 54.31563 24.99866 61.89402 227.2049 665.3664 2256.051 7268.847 22143.31 5647.692 NA NA
1479.183 1651.956 1735.39 1838.989 1931.558 2038.392 2153.26 2385.705 2565.595 2794.423 3027.951 3204.192 3502.365 3655.947 3949.346 4113.447 4260.484 4484.788 5266.884 5814.77 6778.246 7558.71 8338.906 9140.269 10228.84 11264.95 13077.56 15127.19 16904.77 19947.16 22553.87 27259.75 32965.08 25527.97 598.4497 444.2023 234.8104 146.1932 35.45304 9.597324 22.00559 3.747235 8.159363 4.658708 2.627742 0.003190396 0.0001497928 3.816188e-05 NA NA
1386.005 1531.36 1623.12 1769.558 1867.07 2027.017 2118.825 2255.076 2385.64 2531.621 2738.212 2855.753 3015.261 3236.502 3396.122 3721.661 3901.64 4092.849 4545.22 5020.24 5470.411 6028.497 6500.717 7478.705 9235 10266.51 11396.97 13269.49 14606.97 15664.01 16768.19 12015.85 1.190836 0.0951523 0.02678565 0.01854223 0.0139817 0.01445411 0.06629193 0.02257412 0.03780372 0.03776114 0.04952988 0.4103081 11.51624 46.86786 269.7701 1327.214 NA NA
1041.091 1117.364 1222.335 1298.591 1357.815 1432.493 1500.758 1576.569 1646.526 1719.414 1816.363 1888.93 1969.496 2038.337 2141.896 2230.132 2288.947 2451.002 2633.869 2865.104 3471.212 3860.686 4218.166 4929.565 5665.703 6207.248 7737.806 9464.628 10403.43 11524.81 13226.23 15348.32 23749.67 25035.15 700.8962 693.4504 430.586 396.409 965.4174 1177.23 1160.388 1089.135 2176.84 3741.111 6354.425 18552.51 168688.2 2196824 NA NA
754.6836 838.7786 889.7554 941.5736 982.9186 1050.116 1081.803 1138.069 1184.179 1215.906 1263.228 1276.378 1275.304 1299.484 1388.381 1514.41 1693.381 1829.676 2007.061 2169.276 2439.452 2735.417 3007.632 3372.013 3745.097 4204.564 4568.068 6054.92 7056.421 7927.588 8698.497 9148.432 9921.406 8074.79 3599.506 22.56332 8.353035 1.322847 0.6057755 0.7466414 2.52585 2.262439 0.760453 0.2537172 0.0005006447 0.01931397 0.2428259 2.963211e-05 NA NA
1654.465 1775.822 1908.693 2078.959 2298.441 2559.015 2684.491 2861.765 3026.799 3311.952 3614.986 3823.745 4148.166 4510.89 4774.447 5075.973 5358.788 5738.314 6155.861 6792.413 7354.852 8050.671 8664.697 9419.585 10315.01 11497.98 16655.4 18897.88 22284.03 26330.62 31158.01 38726.4 41512.81 4898.888 3713.59 4565.477 5082.548 4072.664 3419.077 3245.091 3332.812 5532.258 5734.96 8705.527 9063.143 1197.974 363.2924 2183.903 NA NA
788.3762 830.6261 942.4621 995.717 1078.865 1143.116 1222.727 1291.128 1330.997 1364.237 1403.967 1436.867 1478.937 1548.112 1592.559 1736.816 1999.045 2149.795 2314.285 2675.896 2902.642 3386.297 3793.746 4291.04 4692.796 5310.311 5990.544 6715.506 7973.565 8853.19 10138.18 11551.83 13207.27 15135.17 16425.63 8792.021 0.08372802 0.01453044 0.006960053 0.001180047 0.0002969649 0.0001761732 5.352428e-05 0.001962402 0.01508966 0.04263322 1.285075 11.84669 NA NA
713.8992 767.2648 834.1081 917.2166 985.4582 1102.743 1247.794 1329.737 1408.421 1498.669 1647.022 1754.275 1905.79 2049.064 2312.378 2524.618 2677.893 2802.631 2934.253 3665.434 4036.786 4393.742 4852.507 5851.757 6434.517 7114.17 8221.704 9648.409 11255.43 14013.94 16650.19 18524.9 19698.3 17075.33 8414.066 83.5764 6.01971 0.05896145 0.0004362349 3.209536e-06 3.026007e-07 1.821472e-10 2.054135e-09 1.712025e-10 3.891716e-13 1.409184e-18 1.152271e-37 NA NA NA
1832.78 1961.294 2110.24 2216.02 2299.206 2632.345 2739.989 2831.752 2947.913 3115.845 3162.485 3202.417 3313.518 3650.321 3901.045 4201.004 4566.235 4834.987 5385.76 6038.137 6718.541 7230.255 8104.409 9856.042 10814.78 10984.76 10109.13 7159.487 518.4293 1.119303 0.4154344 0.2461689 0.1579079 0.1395677 0.08364117 0.02050611 0.01841724 0.005479005 0.001592408 0.0005218901 0.0003296762 0.0001040375 2.789986e-05 3.795403e-06 2.191569e-05 2.362455e-09 3.720891e-20 5.794467e-17 NA NA
1594.8 1797.795 1958.898 2081.216 2257.754 2532.392 2654.699 2841.079 3018.195 3223.024 3438.407 3664.595 3843.732 4228.649 4395.561 4529.571 4641.183 5118.123 5541.292 5968.849 6407.926 6907.432 7864.225 9537.498 11028.71 12707.37 14198.68 16394.62 17856.09 20494.49 20383.88 13912.61 98.30419 41.8571 28.11964 9.678791 7.842628 2.000586 0.2482155 0.05143713 0.1427907 0.04703367 0.06419278 0.1770144 0.002152814 0.0005501993 9.083328e-10 9.811515e-11 NA NA
1796.336 2017.928 2117.171 2205.929 2332.875 2479.714 2600.228 2765.792 2934.564 3058.584 3411.788 3571.731 3740.247 3924.695 4102.709 4557.959 4954.809 5307.005 6030.391 6650.257 7883.61 8439.077 9087.774 9768.748 10515.12 11091.99 11189.34 10547.61 6182.704 2.520174 0.255553 0.07684386 0.01221253 0.00349383 0.0008606248 0.0009547346 0.0001857181 2.285008e-06 8.505259e-10 1.260992e-13 1.060654e-11 1.027783e-11 1.723862e-13 3.410411e-14 2.373699e-21 1.209726e-27 4.202705e-89 NA NA NA
2350.187 2563.662 2775.482 2906.561 3049.647 3223.902 3483.766 4029.255 4410.289 4676.747 5241.945 5597.649 5940.602 6427.089 6866.566 7631.21 8189.782 9146.052 10491.03 11337.81 12370.81 13857.98 15146.84 18471.68 21655.3 23404.17 22232.12 8917.551 25.86198 23.85348 12.05473 7.154738 2.157545 2.076645 1.473702 1.107044 1.224964 0.4991111 0.1240897 0.09686581 0.03293741 0.09068971 0.03973986 0.6631302 2.002081 9.891407 40.63624 219.1349 NA NA
612.6481 661.1397 734.1072 803.5082 878.3819 939.6 997.8968 1084.18 1170.669 1286.623 1369.918 1416.038 1406.493 1439.941 1565.759 1815.622 1779.845 1640.365 1804.213 2021.262 2321.523 2650.55 2985.188 3608.623 3970.699 4474.944 5126.392 5586.364 6460.333 7401.397 7979.255 10307.61 12451.57 13902.84 19132.12 24857.13 147.3833 43.60498 30.27384 27.50039 19.59045 19.31485 2.554892 0.05383492 1.22809 0.1914393 7.2001e-56 1.44743e-34 NA NA
1883.759 2010.76 2102.686 2206.442 2288.43 2476.161 2604.055 2700.948 2807.439 2935.284 3325.876 3387.892 3567.741 3750.607 4003.877 4396.036 4753.619 5308.509 5649.688 6113.019 6570.608 7051.497 7673.252 8674.608 9463.398 10813.42 12578.92 12427.33 11823.12 3561.712 5.5068 3.041006 0.9222206 0.05433706 0.001650652 0.0002783159 9.058828e-06 1.241569e-07 8.194767e-09 1.13381e-10 1.138027e-21 1.005229e-23 6.815172e-25 1.468719e-27 1.818474e-37 8.485559e-40 2.640589e-48 4.095602e-105 NA NA
2189.636 2360.729 2464.799 2650.263 2887.698 3038.192 3372.051 3559.216 3814.067 4019.119 4328.513 4589.199 4796.906 5042.557 5322.126 5636.955 6502.047 6968.351 7572.055 9229.172 10130 11187.62 13556.78 14775.03 17717.96 19773.91 21325.55 21495.21 7746.812 28.08222 5.651878 2.096609 1.225299 0.1077613 0.03678547 0.0616383 0.01067179 0.01655979 0.002182994 0.0111491 0.002642655 0.006606967 0.07967545 0.3626071 7.569477 27.83491 63.92289 1175.939 NA NA
1060.926 1186.18 1246.079 1377.188 1452.088 1527.846 1721.514 1806.21 1950.222 2067.856 2186.343 2349.156 2466.006 2818.594 3008.529 3233.089 3502.846 3646.698 3910.663 4572.41 5108.74 5648.394 6336.219 7538.931 8726.183 9519.98 10521.38 12300.87 14429.41 16898.11 19683.25 27657.43 32334.6 13770.17 4.564211 0.9739206 0.6472796 1.434281 1.523233 2.671632 4.063947 3.706454 6.629932 22.87005 42.57545 284.4129 578.4885 7312.822 NA NA
1461.45 1637.533 1746.342 1830.113 1961.824 2039.364 2147.971 2229.803 2385.108 2467.094 2586.661 2632.855 2716.908 2875.863 3067.701 3342.192 3586.432 4137.255 4931.829 5867.066 6337.962 7827.976 8415.845 10754.53 12735.83 15162.17 19120.76 21198.01 23651.11 28149.59 32240.84 27978.88 102.2232 74.16455 59.68359 47.51826 31.45838 24.63723 32.66552 76.30375 116.1883 131.002 301.3499 356.7884 936.4292 3499.422 6633.851 85939.5 NA NA
2613.357 2788.519 2937.475 3094.219 3233.705 3390.12 3788.785 4225.014 4576.628 5085.274 5397.451 5949.587 6655.402 7272.758 7758.775 8693.775 9388.394 10168.46 11572.55 12340.18 13715.92 14889.62 17545.48 18198.18 16964.74 9638.756 48.24614 32.12617 21.35028 18.0091 19.05299 17.06295 17.07303 22.08791 16.74404 19.96893 12.1507 7.26044 6.042564 8.207687 2.030289 2.537654 4.390303 6.42761 0.181768 2.699159 0.05240886 1.150884e-25 NA NA
1333.06 1437.015 1493.486 1590.901 1747.581 1846.992 2001.585 2198.817 2328.143 2432.725 2543.889 2645.683 2750.059 2877.709 3241.492 3493.122 3917.824 4367.495 4849.17 5186.351 5686.127 6181.77 6694.137 7555.981 8737.698 9465.912 10496.44 11101.6 12418.08 11659.53 8908.272 68.33631 36.58629 22.88232 12.58714 8.249818 2.646197 0.6785744 0.4861816 0.3643384 0.1624428 0.08992992 0.02598518 0.01482864 0.01489621 0.005966688 0.002620728 2.701846 NA NA
583.1608 641.8265 699.8954 732.2244 776.9386 830.727 865.8276 906.735 988.9494 1039.417 1101.314 1146.817 1230.06 1283.305 1342.025 1434.41 1467.317 1495.626 1663.953 1858.388 2126.671 2469.53 2683.166 3018.13 3399.771 3959.827 4321.11 4854.823 5372.827 6169.827 7511.917 8821.611 9883.908 11298.1 13356.98 13596.47 7086.843 101.9946 135.5337 42.30931 11.87294 7.148294 2.266752 2.458563 0.01978363 1.394947e-05 3.195472e-13 NA NA NA
893.7594 990.7235 1048.287 1106.324 1157.432 1311.488 1523.444 1641.58 1748.936 1836.927 1957.531 2152.343 2261.502 2386.371 2682.878 3206.984 3638.671 4070.986 4365.91 4523.038 5182.214 5618.76 6100.751 6800.484 7602.904 8288.884 9364.524 11313.96 12461.01 14023.87 15365.07 17750.9 18705.43 13436.02 1589.554 876.3743 291.8597 422.9357 549.1978 596.8143 679.6149 2083.547 6465.621 11556.39 14086.5 20068.47 19893.63 253978.1 NA NA
1023.657 1093.785 1145.332 1225.399 1290.895 1370.345 1448.184 1618.366 1713.325 1799.438 1868.439 1972.202 2132.168 2256.217 2307.738 2480.34 2662.141 2963.082 3254.122 3541.414 3899.145 4397.416 4808.965 5622.359 6171.107 6688.512 7799.696 8941.003 10210.94 11433.71 12728.06 15680.47 16363.3 5391.004 0.006108733 0.003384536 0.001489857 0.003362895 0.004920341 0.01067852 0.0160067 0.06412852 0.2158695 0.4036023 4.825958 13.01355 17.67484 15.81482 NA NA
1299.694 1422.828 1486.265 1695.703 1807.058 1892.661 1978.61 2072.083 2268.405 2420.465 2529.402 2669.897 2812.316 3323.176 3476.998 3815.817 4066.427 4428.334 4802.553 5195.174 5682.395 6094.702 6793.371 7443.527 8547.653 10159.82 11456.95 13275.31 14826.32 15528.54 14894.42 4421.157 0.2703873 0.04993344 0.01364054 0.004286572 0.0009298588 0.000901179 0.002464656 0.0005313303 0.000576636 0.0006327978 0.002896498 6.017428e-08 2.118921e-16 1.677524e-14 6.392238e-12 3.228808e-06 NA NA
465.3519 516.3999 541.7515 568.1961 598.1997 638.9572 709.8665 744.7298 816.8296 873.8025 917.0426 968.2614 1145.36 1251.043 1379.583 1431.793 1591.028 1651.259 1728.746 1785.757 2018.579 2204.251 2427.439 2645.637 2876.007 3286.312 3790.459 4432.575 4867.702 5582.151 6469.717 7188.751 8330.704 9558.071 11062.37 12637.99 10345.49 645.7401 469.9369 753.219 957.7385 947.7776 4322.36 11868.73 9601.626 41.9112 1491.099 0.000113546 NA NA
1109.082 1215.626 1315.897 1376.703 1478.965 1628.642 1744.342 1830.147 1915.941 2048.899 2268.06 2408.485 2520.302 2723.157 2791.412 2834.645 2902.087 3000.248 3990.613 4351.386 4792.239 5365.43 6089.844 6569.375 7286.155 8282.328 8954.928 10412.63 11374.15 12604.12 15446.99 18165.16 20910.54 16184.45 679.634 373.0162 455.6499 588.114 709.1089 747.7412 860.1322 1064.593 1083.674 561.9105 2615.685 1716.572 8481.525 68305.31 NA NA
544.9277 579.8841 609.2473 638.3479 675.4031 712.3563 762.1662 804.5157 855.2812 903.5971 961.9516 1033.335 1222.214 1293.26 1356.611 1394.045 1459.988 1589.637 1715.695 1854.63 2078.165 2459.036 2785.31 3105.545 3606.902 3961.622 4568.035 5145.568 5882.764 6977.773 7767.666 8858.408 10633.97 11997.34 13852.17 15814.96 7545.786 6.796601 4.831778 0.4573697 0.3492356 0.280981 0.15851 1.516978 22.84799 32.57763 12.19249 1057.156 NA NA
1878.149 2019.972 2154.61 2234.382 2422.707 2511.579 2607.025 2689.632 2820.498 2916.658 3184.633 3230.802 3526.816 3843.02 4200.354 4456.265 4702.677 5178.527 5453.551 5812.116 6266.718 7359.554 7992.017 8333.222 8782.452 9692.988 11214.97 11615.47 12333.14 9529.591 8998.192 766.6442 583.6499 784.0804 646.9001 771.2214 671.3318 1219.78 1171.728 2309.521 2380.044 3896.27 10721.63 16856.01 19774.15 6485.45 214.5209 5.23424e-10 NA NA
872.7465 972.7319 1037.797 1099.637 1242.929 1304.472 1365.777 1645.118 1722.276 1803.38 1898.654 2011.357 2259.573 2422.408 2583.301 2833.015 2959.904 3311.734 3732.889 4167.169 4996.12 5428.401 6130.453 6854.329 8043.202 9063.794 10047.33 11041.08 12689.93 14462.35 15992.87 15385.14 12288.28 123.5439 64.42375 44.88792 25.91298 27.00084 22.45921 19.54067 11.03483 9.768072 19.15806 0.3842492 0.0004089029 0.0001394015 3.932785e-10 0.0002271106 NA NA
760.3284 821.4307 863.0127 938.9524 1003.98 1114.17 1208.567 1382.384 1458.574 1544.335 1625.623 1744.969 1993.296 2220.675 2438.585 2589.774 2712.315 2855.903 3154.124 3280.421 3440.076 3729.472 4143.741 4742.319 5173.493 5762.939 6580.916 7351.79 8275.112 9223.675 10285.3 11301.77 13981.42 13795.16 9905.997 1163.372 1144.175 877.6698 926.6336 1343.022 1261.297 2296.69 6326.96 7115.237 2440.273 597.9475 749.103 31.73536 NA NA
948.3743 1038.443 1104.554 1187.028 1308.034 1449.467 1567.733 1675.876 1762.478 1869.625 1990.949 2145.682 2261.839 2423.375 2696.278 2904.272 3180.463 3477.146 4024.006 5067.281 5444.727 5871.977 6603.699 7587.134 8574.956 9518.059 10386.38 11397.47 15613.49 17589.9 19908.47 24243.85 25304.4 15364.92 80.83609 33.07024 12.65257 6.337392 1.619167 0.04889012 0.004536937 2.398777e-06 6.38977e-06 8.863935e-08 9.721623e-11 2.592521e-09 4.31505e-09 8.942023e-64 NA NA
956.855 1025.997 1104.132 1168.355 1233.527 1338.083 1380.962 1467.247 1558.192 1612.012 1778.741 1825.114 1891.296 1916.949 1941.206 2082.677 2297.129 2585.856 2942.277 3179.154 3408.136 3770.407 4500.796 5208.803 6099.261 7106.357 7847.025 9794.397 10643.62 13993.3 15727.67 19084.67 18218.62 12287.26 0.8948742 0.1913295 0.03113002 0.002022257 0.002996432 0.009874488 0.02081438 0.03739076 0.11506 2.286467 1.913869 0.8959086 2.433345 3.796383 NA NA
1703.018 1844.896 1940.49 2055.351 2145.759 2251.024 2349.994 2598.408 2804.934 3014.678 3170.396 3337.758 3572.238 3814.112 4275.903 4499.344 4675.255 4889.71 5230.57 5669.19 6177.276 7554.981 8587.466 9366.986 10247.61 11407.21 12586.02 14117.63 15420.77 14847.8 5419.756 10.38039 1.563546 0.7487986 0.8837724 1.961489 2.666358 2.784966 3.072189 9.952297 7.635236 18.2738 73.82773 247.6419 1262.681 523.5206 35.52269 3.265052e-10 NA NA
1214.152 1300.302 1388.344 1540.024 1609.036 1677.963 1758.355 1877.403 1999.293 2078.666 2176.662 2272.38 2334.049 2375.599 2416.236 2583.743 2795.5 3026.234 3274.36 3521.105 3822.678 4081.727 4424.872 4790.323 5440.61 5849.736 6510.807 6984.836 7753.605 7435.455 5011.177 1014.822 4.160542 1.756376 1.426803 0.7848033 0.7851992 3.613001 2.6736 4.510495 2.183927 0.5402428 0.05884808 0.03017931 0.0004830686 6.988708e-09 2.842064e-20 8.101405e-23 NA NA
802.3926 872.6108 940.2817 1032.153 1095.846 1158.79 1259.803 1341.542 1425.386 1505.716 1585.92 1684.902 1789.163 1881.275 1975.935 2287.98 2548.477 2693.135 2938.928 3379.91 3752.013 4082.42 4383.533 5539.703 6037.534 6620.452 7492.955 8446.638 9671.918 11197.23 12687.64 16499.33 15941.48 713.2841 615.3575 777.8657 790.2868 1351.783 2230.552 1798.378 851.552 314.235 522.8704 1477.381 1483.48 1059.024 91.42621 2889.987 NA NA
1063.551 1143.775 1209.571 1265.913 1333.066 1394.069 1458.193 1616.377 1738.134 1835.332 1984.082 2068.503 2161.284 2265.178 2351.142 2385.032 2413.142 2561.762 2801.219 3044.679 3298.563 3730.337 4086.39 4493.147 4940.367 5782.454 6739.858 7822.671 10118.79 12007.77 14128.74 15212.57 12545.15 407.2992 259.6377 211.5253 192.6827 124.9328 163.9373 140.378 160.6087 195.1596 400.6113 389.6923 197.0872 287.2583 11069.41 2360.371 NA NA
2411.378 2594.374 2813.403 2937.314 3249.928 3431.798 3659.635 3900.315 4384.303 4617.524 4867.503 5107.079 5464.143 5697.426 6353.496 7444.03 7753.148 8227.682 8942.975 9809.639 10683.43 12258.37 13446.08 14908.1 15951.84 19611.48 24275.87 23460.06 7586.215 206.8596 121.6282 44.13831 15.88071 4.812416 1.938321 0.2529039 0.01272029 0.03521605 0.05755571 0.09343169 0.05134132 0.00155401 0.006736023 0.0006694977 1.498616e-14 3.15329e-23 2.770561e-58 NA NA NA
760.2621 867.8055 913.9772 937.8253 968.3754 1028.559 1049.479 1086.963 1106.374 1129.699 1153.441 1151.971 1154.304 1216.5 1324.291 1434.605 1630.668 1803.408 1996.321 2369.413 2709.475 2947.882 3225.736 3623.929 4019.577 4778.367 5252.101 5772.913 6523.672 7288.12 8499.993 10060.68 11824.15 13731.71 16234.09 18746.04 19567.17 375.9275 393.2139 177.2685 190.0889 90.01162 15.76645 3.105397 0.8904931 2.291709 92.31129 869.7811 NA NA
1449.035 1587.639 1807.698 1897.093 2093.987 2282.506 2422.603 2681.716 2977.221 3182.22 3367.685 3610.933 3805.552 4001.356 4292.571 5139.794 5769.355 6041.17 6443.763 6885.931 7591.687 8487.607 9204.409 10593.48 11457.91 13235.42 16054.01 17956.54 20262.25 22530.4 27961.15 32627.89 34106.69 17232.71 21.03912 3.851141 3.227062 1.022709 1.626665 1.83843 0.9167569 4.339549 4.874332 17.95149 34.1393 6.762461 1.779624 7.574015e-13 NA NA
1047.009 1120.317 1201.168 1245.616 1335.101 1430.706 1618.721 1698.02 1758.381 1888.283 2020.695 2064.386 2388.355 2442.137 2468.602 2847.03 3081.248 3622.379 3948.653 4304.715 4666.576 5252.537 5905.773 6560.026 7383.889 8259.402 9062.283 9939.288 12158.83 13401.22 14892.64 17361.24 18372.09 15182.1 323.4895 355.8394 482.7113 560.999 449.8733 425.4255 601.3071 778.6476 722.4931 490.7924 4671.639 8310.367 33788.53 260155.8 NA NA
1477.318 1590.836 1705.471 1788.098 1878.414 2033.906 2130.526 2237.036 2360.063 2664.166 2804.913 3045.769 3212 3383.925 3596.878 3989.086 4315.832 4492.584 4914.24 5316.852 5813.106 6376.77 7178.819 7824.755 8700.271 10943.43 12057.1 13452.61 15299.44 17800.57 21009.67 22501.54 10427.64 317.1991 167.2729 140.3486 89.71155 61.71941 107.5058 221.0084 138.536 152.4892 75.7575 35.82433 6.268251 45.71609 14.93847 4.388665e-13 NA NA
932.4939 1003.811 1113.799 1177.948 1341.681 1457.265 1558.164 1677.32 1917.048 2072.765 2205.594 2465.211 2622.637 2780.14 3069.058 3239.906 3370.801 3844.166 4159.915 4776.511 5121.396 5603.28 6542.284 7092.98 7723.441 9302.361 10764.13 11844.36 13419.38 16083.24 18368.97 20035.71 19535.3 7626.59 0.2032036 0.2453087 0.05181216 0.1000861 0.1276134 0.05674338 0.1466673 0.3014401 0.4234628 0.2911295 0.00824076 0.278558 9.452245 17.96043 NA NA
1332.349 1473.653 1656.856 1780.811 1961.512 2051.868 2308.127 2506.408 2664.202 2900.279 3142.36 3341.865 3608.191 3969.897 4192.36 4460.153 4928.535 5551.831 6252.419 6778.265 7652.797 8320.879 9114.038 9968.201 10819.16 13408.21 14661.4 17208.57 19535.37 22088.58 22010.07 15558.92 49.42149 12.86543 1.261773 0.7701759 0.4144414 0.727521 1.715317 1.620427 3.479134 2.694832 7.616424 26.25589 22.22587 22.83492 557.5596 5652.57 NA NA
1363.154 1648.641 1755.479 1893.387 1984.761 2083.993 2185.428 2321.359 2445.45 2666.035 2912.605 3170.257 3560.2 3963.649 4196.748 4640.119 5161.736 5396.997 5787.971 6371.796 6839.649 7446.606 8009.475 8915.235 9867.97 11104.93 12238.98 13366.24 16000.15 17533.29 18435.1 14885.81 53.36288 9.548805 1.358296 0.1998867 0.1111504 0.1516218 0.09020915 0.1685382 0.3696205 0.1581853 0.08047606 0.6062583 4.684511 47.20003 115.5182 3.86134 NA NA
1461.129 1574.943 1646.663 1726.642 1948.17 2056.741 2225.835 2369.438 2520.018 2831.445 3023.617 3183.968 3540.378 3716.245 3916.669 4176.375 4397.447 4708.166 5507.18 5985.286 6461.814 7028.956 7766.154 8831.886 11341.67 12714.12 14125.05 17868.29 19419.05 19920.47 14962.3 62.14976 15.36437 1.96923 2.427759 0.384873 0.05242199 0.007167512 0.004975509 0.0003373 1.083727e-06 1.072941e-05 1.29689e-05 8.241991e-07 7.781201e-11 2.494665e-31 1.088957e-33 NA NA NA
917.1612 1016.404 1135.845 1196.241 1336.661 1432.347 1506.067 1588.826 1680.729 1770.191 1945.176 2078.358 2192.584 2407.052 2571.342 2702.675 2867.571 3115.322 3215.529 3548.105 3878.871 4496.003 5513.119 6073.202 7682.588 8996.59 11032.62 12870.64 15292.97 18877.95 22229.44 24022.9 26909.9 367.7371 9.373234 7.69969 1.30519 0.0352568 0.003823549 0.004866516 0.002379864 0.01102208 0.01571863 0.002467931 0.0005791961 1.460549e-06 5.266412e-15 9.262425e-28 NA NA
1466.199 1551.613 1644.255 1710.743 1893.765 2028.794 2166.62 2334.342 2453.116 2537.234 2742.748 2978.916 3115.228 3255.22 3315.027 3452.299 3890.925 4244.832 4665.344 5120.919 5493.856 5968.203 6549.481 7673.45 8448.527 9821.573 12070.06 14007.19 14772.29 13966.97 6164.912 367.5442 105.4485 138.2804 191.4839 159.7532 145.3199 80.60566 75.05621 29.20834 37.08239 11.3878 0.0190318 0.03339818 0.0140662 0.0007969304 1.432194e-07 3.189988e-20 NA NA
1323.43 1462.799 1536.165 1608.922 1881.508 2020.113 2153.349 2386.439 2642.249 2966.595 3209.663 3616.325 3814.848 4023.981 4185.99 4758.487 5001.595 5195.882 5947.158 6507.785 6992.499 7964.79 9319.113 10041.41 11754.32 12949.12 15066.33 16640.64 18356.26 20473.84 21460.73 18919.05 8773.313 390.962 251.8768 167.8749 93.882 32.59213 12.93273 4.225851 0.8348042 0.2333005 0.05921227 0.468714 3.79117 2.439045 0.0008672401 3.221282e-24 NA NA
1904.264 2077.711 2316.076 2411.932 2689.896 2852.124 2939.126 3092.234 3516.003 4000.568 4118.118 4429.268 4819.758 5044.246 5344.798 5693.619 6049.042 6536.14 7046.938 7527.038 8789.009 9444.071 10554.5 11447.91 12371.35 12675.52 15550.78 14391.19 14007.9 14997.26 142.5053 72.49689 48.50783 87.39913 45.11004 15.49036 2.544169 1.581805 2.179484 1.436467 3.22293 11.93957 48.83832 162.3458 336.0816 1412.955 6889.302 1199.923 NA NA
704.7375 769.4762 808.7332 898.2125 955.8875 1059.943 1125.238 1165.526 1204.827 1258.763 1316.777 1462.097 1519.718 1724.807 1760.73 1816.664 1952.617 2112.777 2270.524 2579.322 2920.396 3181.728 3579.39 3990.664 4346.508 5368.236 5956.049 6580.197 7993.388 8797.474 10349.01 11775.15 12803.07 15462.09 12838.7 33.96045 27.63224 19.21296 10.73869 3.797774 1.681947 0.9779144 0.005917016 0.007100001 0.0002881738 0.001452079 7.594946e-06 0.0001435126 NA NA
828.6193 950.067 1094.752 1251.162 1331.587 1411.854 1486.2 1603.263 1712.288 1793.806 1912.315 2049.555 2246.518 2615.784 2809.525 2964.363 3120.804 3600.055 3974.179 4278.056 4635.33 4994.037 5429.967 6743.789 7373.22 7997.738 8961.436 9905.677 11149.77 12563.94 16418.51 21547.49 26639.87 30778.05 29903.22 66.75698 1.919388 0.506083 0.3452588 0.1670831 0.1452355 0.02267454 0.04044102 0.2508579 0.01537163 0.001776185 0.1375557 0.01089642 NA NA
1382.503 1600.018 1742.964 1830.841 1939.047 2050.064 2137.752 2302.554 2459.823 2953.181 3120.377 3251.574 3357.95 3455.502 3607.434 3717.712 3955.983 4225.416 4620.589 5026.09 5723.63 6291.537 6913.519 7451.751 8044.039 8736.102 9974.19 10718.51 11814.22 12012.11 10373.25 2269.929 11.01251 7.344454 0.9645254 0.06526817 0.004309886 8.547621e-05 5.719809e-06 1.738985e-08 2.385469e-10 5.827875e-09 7.911213e-11 2.392002e-16 7.533152e-16 1.192079e-35 6.748496e-46 3.356939e-33 NA NA
492.4599 534.3414 562.0225 625.061 653.0446 719.0609 778.1446 810.1373 856.4132 895.0653 915.8423 998.955 1014.922 1067.566 1105.993 1105.921 1091.303 1151.564 1431 1569.233 1769.489 2073.23 2378.656 2751.144 3183.432 3556.051 4137.805 4617.162 5185.762 5902.965 6838.925 8045.288 9297.414 10388.71 12057.99 13597.45 11452.38 262.2018 12.09249 2.948775 0.8984825 1.743845 0.2002411 1.586659 1.611729 0.008555526 5.227154e-15 2.95766e-139 NA NA
975.7587 1067.534 1138.82 1196.828 1334.565 1406.387 1534.574 1688.123 2011.971 2109.476 2258.503 2416.304 2561.828 2892.153 3156.544 3403.272 3835.348 3982.67 4188.717 4794.928 5286.425 5701.683 6349.15 6986.861 7710.509 10216.63 11796.02 14820.61 16500.76 18426.95 22003.77 25756.13 29575.71 31127.04 6279.657 3113.318 1425.016 841.6122 1186.381 1646.451 1779.862 4146.976 4559.966 7672.958 18036.97 38308.96 96858.14 739264 NA NA
961.9859 1038.971 1090.31 1130.746 1177.986 1225.791 1269.754 1304.573 1381.877 1408.803 1484.137 1661.369 1722.493 1832.839 1858.832 1991.035 2185.351 2712.1 2902.883 3105.989 3411.271 3783.048 4435.562 4767.1 5161.324 5677.217 6956.634 7522.754 8617.42 10483.72 12047.09 14442.88 14178.11 4263.774 37.34933 18.88346 8.683784 2.044468 2.411406 2.211829 8.149299 10.06006 1.33791 0.004142874 0.01574541 1.512612e-06 7.92375e-71 1.499586e-78 NA NA
1602.797 1726.957 1881.854 2139.039 2374.546 2480.375 2623.103 2863.252 3728.537 3884.186 4134.647 4414.597 4861.188 5033.633 5213.744 5424.07 5694.759 6300.239 6809.816 7388.486 8017.819 9237.16 12584.31 13739.38 16186.75 18200.13 22980.98 26835.08 29373.19 32145.47 36300.14 35503.03 17355.33 0.3961266 0.0295066 0.01331622 0.005744579 0.005642819 0.003538873 0.002186527 0.000451166 0.0001323451 8.147805e-06 3.709413e-05 1.756626e-05 1.865633e-08 4.841861e-13 5.129576e-13 NA NA
2194.664 2386.16 2486.22 2601.412 2965.382 3125.486 3314.103 3614.115 4050.047 4452.459 4676.743 5019.722 5194.661 5474.044 5978.216 6535.438 6966.524 7546.327 8013.489 9312.072 9976.658 11257.11 12512.86 13743.09 14122.64 13100.95 9462.55 114.142 35.47011 30.06521 14.01108 7.367331 2.99007 2.465218 1.995098 2.328385 1.278181 3.55129 4.065381 1.509483 4.214582 1.996265 0.6737376 0.1978821 0.05592687 1.835171e-05 1.124627e-30 6.316676e-22 NA NA
1377.687 1459.565 1522.104 1605.315 1696.885 1783.382 1953.573 2044.62 2210.75 2385.143 2483.222 2888.138 3278.163 3414.163 3508.878 3970.293 4355.671 5054.025 5512.902 5984.38 6422.141 7863.155 8760.318 9572.77 10915.9 12611.18 14504.21 15884.31 17831.51 20849.36 23412.35 25779.1 8536.558 1061.906 852.1753 861.183 532.0433 242.0169 181.068 164.4484 480.3292 499.2403 889.5883 1487.534 750.4028 13.64533 0.01061987 84.42681 NA NA
517.1215 572.0864 605.3345 654.6854 687.6601 751.3581 794.3654 834.9365 969.2153 1036.843 1100.05 1399.954 1469.259 1553.026 1646.517 1822.921 2002.23 2301.088 2472.508 2546.831 2647.14 3178.914 3784.116 4159.527 4644.834 5153.336 5650.432 6406.974 7357.128 8441.003 9953.328 14482.61 16243.69 17702.49 18948.54 18405.88 249.4732 0.2244854 0.1094268 0.007313043 1.922598e-09 1.0107e-17 1.387871e-27 2.388721e-30 2.974202e-34 9.731034e-69 1.964998e-73 NA NA NA
829.0857 883.835 901.6411 923.0431 1019.969 1118.156 1198.512 1243.508 1342.319 1417.207 1497.559 1541.853 1633.515 1580.843 1770.367 2050.64 1912.514 1971.41 2074.021 2264.432 2526.138 2949.671 3187.331 3579.68 3971.709 4525.921 5011.398 5691.414 7222.044 7981.032 7647.335 7399.439 1644.613 9.724855 3.706611 2.790508 3.86054 5.174762 4.733941 3.237136 3.13316 3.551322 3.949589 3.767459 10.77846 4.102008 10.38832 2.138761 NA NA
1404.392 1530.861 1605.613 1693.632 1802.989 2060.084 2212.726 2318.336 2430.298 2680.126 2835.865 3084.688 3257.333 3412.122 3608.232 3754.192 3964.075 4229.546 4910.488 5272.738 5639.57 6514.064 7091.378 7939.566 8612.357 9679.413 11539.2 13229.67 15245.74 18855.53 21263.77 28306.06 20289.29 752.3485 159.5005 35.73719 0.8527967 0.08461826 0.06904191 0.1425258 0.3147896 0.2721537 0.01255916 2.553113e-11 1.68386e-09 1.075781e-12 2.537034e-10 NA NA NA
389.4173 439.8669 477.5898 511.1795 530.6313 594.1151 650.3941 647.2022 706.6822 716.6814 821.4816 861.5336 1062.396 1102.859 1134.205 1458.334 1494.219 1420.88 1795.256 1960.861 2397.958 2563.042 2911.523 3209.015 3580.148 4009.647 4369.944 5089.21 5711.507 6399.164 6615.245 6798.646 9061.376 9376.583 7807.685 8642.455 336.1359 282.9771 328.0343 399.1668 650.1367 1071.286 2103.389 3139.479 6741.484 15351.2 12684.77 9812.56 NA NA
1378.711 1486.265 1572.04 1637.437 1755.104 1823.566 1944.739 2015.455 2110.115 2287.191 2352.605 2442.28 2558.214 2845.01 3035.779 3518.527 3751.517 4002.719 4536.636 4907.908 5377.196 6258.635 6759.958 7627.972 8566.37 9342.584 10247.07 11731.43 13456.31 14501.96 14186.04 9293.881 11.14919 3.630962 3.970123 3.961797 2.927604 2.818165 2.018218 4.09214 3.803704 3.380526 7.319234 5.114052 6.817811 18.59776 186.7313 1876.303 NA NA
968.4041 1066.576 1158.951 1274.663 1377.057 1505.587 1653.317 1820.815 1936.858 2273.03 2516.084 2817.317 2988.611 3147.075 3293.883 3527.213 3881.198 4285.532 4615.619 5290.22 6118.176 6608.515 7248.654 8015.785 8971.515 9844.481 12435.06 14576.48 16885.09 22371.24 27410.99 30065.45 32398.3 1930.662 1999.292 2024.153 1580.218 2241.173 2882.748 5759.293 9916.193 24543.23 32104.68 37368.37 60353.18 181099.5 277729.9 194312 NA NA
1108.105 1191.664 1274.618 1443.755 1480.575 1548.154 1575.449 1691.173 1733.645 1829.293 1975.234 2370.837 2690.033 2907.161 3006.725 3192.092 3656.013 3876.815 4170.459 4532.487 4985.878 5420.229 6035.695 6909.423 7520.991 8350.446 10510.46 12362.2 13421.53 16782.85 16364.8 27005.94 160.4772 100.7346 47.63472 64.23091 78.30099 66.67465 91.37622 72.53279 121.7575 92.75521 113.6135 170.5701 757.387 1092.004 22579.82 4.304137 NA NA
1231.242 1392.353 1456.249 1541.1 1658.792 1742.957 1868.634 2023.493 2206.535 2426.095 2559.882 2734.298 2862.581 2994.72 3126.502 3266.432 3557.992 3846.263 4087.125 4629.253 5374.921 6266.457 6832.941 7256.713 8188.986 8774.808 8742.242 8357.891 6123.679 613.7939 0.2188785 0.03442823 0.008515867 0.003566991 0.003373649 0.003539817 0.006942912 0.005429971 0.005006584 0.01124413 0.01084436 0.001433043 0.004218802 0.01207968 0.04631756 0.0111944 2.051608e-06 1.929817e-05 NA NA
1301.399 1460.78 1523.354 1670.34 1768.395 1862.142 1981.273 2218.559 2325.337 2536.092 2683.74 2864.153 3099.672 3247.486 3371.287 3495.659 3823.1 4168.53 4674.314 5071.863 5551.215 6005.803 6518.884 7523.297 8202.145 10936.95 12168.14 14299.64 16338.89 16332.97 11657.5 615.4767 198.2684 200.2522 105.7954 54.41727 24.38681 8.705198 9.516175 20.97093 20.71849 20.79798 16.30955 32.37168 69.66185 469.9013 906.3709 6033.306 NA NA
2288.562 2677.579 2825.616 3007.411 3234.347 3420.116 3660.911 3829.7 4132.994 4321.594 4602.647 4780.303 4977.266 5353.304 5633.023 6068.625 6518.557 7082.56 7793.716 8494.771 9169.773 10670.4 12790.24 15661.82 17173.51 20069.84 20431.33 16975.8 822.6684 368.247 316.7959 184.3813 218.5158 62.3403 15.43151 16.26468 11.48686 20.65623 32.25541 42.90902 60.99844 138.6389 224.7769 360.0287 280.7872 311.3037 1510.118 0.3748471 NA NA
1536.096 1670.909 1797.169 1904.47 2107.161 2285.335 2432.322 2544.934 2828.574 3287.519 3624.447 3940.133 4204.034 5002.107 5414.881 5656.168 6489.966 6804.051 7290.912 7830.34 8932.936 9646.465 10385.38 11390.11 12340.9 13546.12 14748.35 15918.83 19204.8 17544.75 7919.84 618.896 519.1783 484.8932 669.7359 775.6225 1007.868 822.1566 976.1856 1132.708 1180.394 1544.145 986.2285 113.2431 467.0603 1051.314 4.009735 NA NA NA
831.2142 957.5807 1007.102 1072.606 1130.008 1195.682 1264.575 1329.854 1491.159 1612.798 1691.993 1798.024 1898.649 2000.346 2142.537 2267.705 2385.368 2763.979 2844.081 2945.089 3296.657 3566.829 3913.721 4224.466 4564.102 4956.351 6420.642 7232.372 8006.969 9446.555 10195.15 13166.13 15904.8 16663.59 9406.481 57.81404 25.92023 22.92075 19.03772 19.75698 34.08664 81.13 123.0055 201.0982 342.0238 494.6915 3903.406 4497.881 NA NA
1162.46 1273.749 1347.635 1461.564 1532.573 1610.208 1785.363 2004.926 2175.764 2345.357 2455.307 2575.83 2712.475 2895.555 3038.948 3192.068 3365.663 3617.429 3867.966 4265.332 4742.623 5322.767 5813.477 8339.507 9035.284 10164.76 11307.11 12922.02 16378.88 17564.85 15991.95 5246.988 0.5720008 0.07742106 0.01081153 0.000174281 7.491679e-07 3.710633e-07 1.126286e-08 4.353388e-12 2.332328e-11 1.528262e-12 2.06336e-15 4.123106e-14 1.853943e-16 5.53218e-14 3.518707e-13 1.282777e-10 NA NA
995.9607 1103.12 1167.547 1227.638 1319.756 1377.277 1470.61 1545.367 1627.663 1748.481 1817.347 1912.416 2082.945 2205.411 2398.124 2561.24 2704.242 2987.331 3188.916 3706.649 4532.383 4948.506 5698.126 6241.786 6838.376 7418.785 8073.522 9556.63 10510.03 11843.83 12813.78 11968.76 2954.654 29.96941 34.65673 47.15034 60.45591 66.61789 73.52529 136.3137 205.255 128.9577 328.569 587.0882 1999.735 1212.127 5690.542 6303.057 NA NA
689.2127 758.5089 793.8409 836.1924 937.1345 1034.536 1105.825 1168.716 1218.687 1401.73 1460.295 1540.524 1594.973 1662.133 1748.643 1853.684 1960.184 2109.92 2270.415 2498.987 2808.621 3128.087 3936.899 4554.773 5154.527 5631.613 6384.195 7386.17 9777.237 12604.81 14042.14 15576.39 17789.07 18009.43 5471.168 0.003715676 0.0005568549 9.074367e-06 2.041902e-07 5.459334e-08 1.245537e-07 1.29666e-10 1.825866e-13 4.953431e-14 5.815672e-23 4.453566e-24 1.756765e-73 NA NA NA
1231.39 1336.817 1413.657 1510.741 1594.552 1694.169 1782.57 1921.03 2120.172 2234.441 2358.311 2486.536 2659.048 2880.751 3105.445 3412.201 3907.151 4460.917 4649.312 4966.48 5342.17 5732.54 6160.691 6638.319 7542.942 8749.04 10009.28 11392.59 12452.03 13329.86 15992.77 15206.87 4536.439 2.821868 0.2403969 0.0482475 0.06702418 0.09561014 0.01819307 0.0006767841 0.0002688541 8.725965e-05 6.867966e-05 0.0001365729 0.00126096 0.01224318 1.161145 50.90586 NA NA
1940.225 2123.791 2271.085 2490.039 2605.286 2795.831 2965.356 3093.176 3377.821 3492.105 3662.037 3735.657 3931.358 4050.512 4353.991 4883.242 5436.594 6190.12 6795.055 7312.372 7890.886 9248.448 10502.45 11345.03 13813.64 16618.44 18456.78 17601.04 17684.72 16814.39 595.3431 290.2523 253.8857 272.7429 167.4107 91.17587 59.11891 38.20404 20.92742 26.23358 5.769736 0.2325815 0.05911587 0.3721285 0.7095707 17.35138 51.30173 4651.385 NA NA
1086.108 1183.824 1243.129 1341.221 1416.432 1523.617 1647.997 1837.121 1959.613 2118.234 2288.954 2446.317 2655.179 2829.457 2956.589 3212.294 3316.705 3453.184 3721.907 4003.699 4493.056 4955.252 5461.844 6782.349 7885.462 8767.097 9679.974 11636.81 14535.22 16226.29 19320.15 21489.29 25958.78 23260.88 256.5765 59.92175 7.955136 0.0972158 0.001348341 8.525793e-05 2.707471e-05 2.751719e-06 2.902224e-07 4.11385e-07 2.09404e-09 5.998789e-10 3.244208e-14 6.095038e-11 NA NA
2256.09 2510.785 2829.773 2985.739 3204.926 3454.93 3627.939 3863.986 4096.714 4224.863 4398.051 4459.301 4506.672 4957.273 5562.415 5922.409 6536.13 7031.768 8052.675 8609.66 9213.984 9937.972 11024.12 13318.12 15089.12 15772.32 16826.05 15459.99 7567.528 0.2113436 0.02067019 0.001822371 0.0001174263 1.51874e-05 3.057074e-06 8.90919e-07 3.562121e-08 5.787242e-11 1.861664e-14 8.566606e-15 3.040786e-15 1.090417e-15 5.182703e-16 1.109115e-14 2.393628e-14 1.040506e-13 3.139559e-15 3.706971e-11 NA NA
1326.339 1425.836 1598.756 1671.992 1764.867 1881.004 1952.36 2071.181 2450.446 2552.934 2573.595 2746.234 2834.125 2800.031 2995.822 3452.065 3713.885 4107.597 4430.411 5166.169 6594.907 7083.183 7823.617 8429.162 9225.777 10032.73 12434.95 13461.75 14985.03 19255.55 30076.86 31786.89 30951.85 22809.56 350.2049 175.263 103.9875 53.4568 60.24146 154.6271 201.3695 87.12115 102.7412 209.8202 863.2266 1113.016 5940.092 133456.5 NA NA
1016.092 1108.381 1178.732 1238.719 1329.653 1395.844 1492.103 1571.607 1676.887 1756.604 1850.861 2058.778 2189.99 2368.478 2478.513 2667.645 2987.239 3149.62 3649.976 4275.217 4996.246 6105.159 6820.463 7999.307 8789.484 9753.222 10649.63 11552.12 12684.46 13668.55 14415.02 14350.45 8622.594 15.83003 3.216967 0.9675558 3.106433 1.31453 0.5496597 0.1402828 0.0674899 0.01082064 3.801233e-05 1.751076e-06 9.338416e-07 2.507846e-08 0.0003395607 0.01021012 NA NA
1450.183 1637.2 1724.06 1926.636 2060.678 2162.681 2353.556 2496.873 2704.859 2998.17 3213.269 3549.065 3739.105 3935.266 4148.69 4495.522 4721.988 5000.873 5197.39 5416.988 6326.501 6906.837 7580.687 8333.047 9671.791 10509.94 11429.28 13548.54 15044.96 16836.58 18890.01 21620.63 17783.34 133.233 13.94169 1.648039 0.1992512 0.4122895 0.1390163 0.1179919 0.2946839 0.3281035 0.4685392 0.4102559 0.007218147 4.581224e-05 1.368907e-05 0.001058836 NA NA
1446.635 1576.669 1702.738 1811.02 1898.427 2071.317 2190.635 2421.675 2560.119 2694.91 2850.962 3054.07 3257.448 3452.643 3644.275 3817.332 4010.905 4231.99 4591.547 4851.9 5196.912 6500.274 7678.552 8275.845 9399.298 10599.56 13195.41 14487.19 15464 16833.99 15928.05 8222.585 0.1572824 0.02191064 0.0008853203 0.001402022 1.248779e-05 3.666803e-06 9.620567e-07 2.74247e-06 6.101868e-07 3.61505e-07 5.303679e-07 1.036994e-07 5.230555e-07 6.474691e-07 0.005907113 0.2709552 NA NA
922.6991 982.4989 1062.291 1134.375 1189.383 1236.173 1337.475 1403.347 1471.183 1514.59 1578.648 1844.977 1948.386 2398.262 2663.979 2905.344 3128.941 3570.342 3870.225 4202.496 4646.777 5109.107 5632.748 6098.954 6718.384 7932.831 9114.093 10202.17 11628.13 13095.76 17786.96 19459.16 18157.01 1654.93 962.874 703.2793 566.7998 862.9404 426.2614 355.8457 753.734 1191.652 2191.992 6310.691 13273.44 41880.07 166439.4 410899.7 NA NA
1922.519 2042.994 2145.138 2289.337 2550.031 2691.286 2829.84 2988.666 3327.926 3545.266 3741.454 4075.264 4285.631 4553.361 4769.712 4966.308 5309.667 6112.445 6540.827 6984.601 7508.429 8070.14 9709.581 10769.8 12365.6 13578.11 16655.62 23410.52 27183.7 29417.88 29861.44 239.8104 190.955 151.6097 109.1639 82.78376 61.50739 93.00058 47.03463 75.61389 42.85377 76.29681 34.62402 15.45776 13.73471 1.406821e-10 1.465644e-19 1.213757e-59 NA NA
1053.324 1175.071 1264.894 1352.769 1456.536 1519.481 1619.817 1722.183 1881.336 2017.746 2172.105 2436.284 2557.865 2930.004 3039.331 3616.838 3724.055 3878.264 4266.414 4616.937 5027.969 5820.774 6596.25 7139.258 7855.167 8641.955 10710.65 12297.64 15026.57 17243.71 19814.29 24149.44 26062.25 14705.38 36.44585 0.1264045 0.0004591588 0.0003241619 0.001356022 0.00199354 0.001458717 0.006664621 0.003720667 0.0004187481 2.21109e-05 1.500448e-11 4.178801e-08 1.717312e-10 NA NA
634.0326 644.0441 684.005 729.2198 786.6827 812.4112 887.4075 956.5003 966.3071 999.742 1026.605 1154.524 1251.816 1249.008 1247.618 1357.318 1384.738 1487.196 1605.205 1817.491 2088.741 2379.298 2696.209 2926.444 3149.328 3998.318 4919.786 5343.695 5938.084 6553.894 6957.802 7449.333 7968.945 4519.618 1397.31 13.68179 2.660341 0.9086394 1.848608 0.2404164 0.06796804 0.028316 0.01315034 0.0002870102 0.0001279787 5.005208e-17 1.794121e-56 NA NA NA
1283.334 1376.254 1468.371 1536.021 1639.494 1719.35 1802.651 2009.85 2105.146 2187.488 2265.752 2368.431 2586.274 2676.702 2738.993 2755.956 2764.741 3572.129 4065.129 4377.329 4748.784 5452.002 6067.543 6562.642 7209.344 7848.681 8499.123 9360.942 10082.34 10887.68 11232.62 10443.96 6045.425 58.4439 22.30799 9.290237 9.16574 4.845989 2.943999 0.3334745 0.04614526 0.309461 0.4912339 0.07881526 0.3015256 0.5330804 4.403549 1.324126e-28 NA NA
1353.251 1574.281 1649.18 1721.863 1866.065 1978.603 2073.333 2175.502 2383.684 2593.176 2875.21 3024.448 3242.769 3549.263 3911.855 4138.132 4341.737 4772.232 5379.166 5672.187 6248.442 6741.23 7278.647 7850.131 8713.848 9446.105 10637.31 11542.83 12769.93 13537.14 11999.25 3797.251 51.34687 13.21635 1.486175 1.482935 0.1965701 0.409908 0.1611789 0.2474496 0.480765 0.2195395 0.2038481 0.06847164 0.1569445 0.2717456 0.5843458 379.8162 NA NA
1067.615 1149.227 1221.626 1307.64 1438.189 1525.311 1665.591 1760.125 1839.556 1926.846 2032.318 2362.781 2413.001 2559.128 2764.733 2944.188 3170.538 3531.956 3802.129 4135.178 4464.653 4819.721 5326.143 6278.409 7872.564 8495.537 9492.697 10341.4 12150.29 13791.99 14068.28 13407.38 75.82804 0.9478076 0.007474639 0.0001832413 3.460367e-05 2.749838e-06 8.646334e-06 1.265841e-08 1.65371e-07 7.059148e-09 1.599842e-09 7.619356e-09 1.091003e-07 2.713189e-06 3.028556e-06 0.0004598394 NA NA
2451.633 2713.974 2818.525 3010.597 3153.326 3295.251 3418.611 3590.788 3729.408 3940.046 4177.169 4271.348 4429.866 4739.123 5187.923 5490.521 5867.748 6412.043 6903.322 7828.34 8379.276 9219.784 10342.7 12013.92 12841.7 13550.7 16500.49 13939.92 3261.686 82.29548 58.12379 26.91193 11.72166 6.331289 3.039979 1.352058 0.5478312 1.154852 1.764923 3.582612 1.348043 0.1605636 0.1102799 0.003692832 1.416503e-05 4.293927e-18 5.593835e-18 2.838015e-68 NA NA
734.58 835.4508 876.9596 924.4085 972.6181 1033.154 1124.962 1191.978 1291.551 1407.129 1509.853 1607.66 1725.629 1852.035 2028.197 2171.492 2406.638 2655.011 2827.724 2956.842 3078.8 3341.773 3817.355 4199.065 4643.519 5054.065 5864.986 6744.15 7414.282 8626.579 10057.06 12211.01 12983.79 12321.78 5840.951 5.066588 1.571545 2.947618 0.5996165 0.3257418 0.1025634 0.06032584 0.01382495 0.00283099 1.991578e-05 9.048687e-22 5.186927e-56 NA NA NA
1761.345 1910.101 2002.443 2279.955 2391.077 2575.861 2784.314 2907.539 3063.608 3183.515 3387.155 3885.702 4108.977 4876.92 5287.383 5871.128 6356.841 6780.841 7549.654 8555.384 9228.293 10203.29 11575.25 12469.13 14005.97 16384.85 21156.63 23676.84 26982.59 11742.63 885.537 642.9063 482.6814 382.2488 433.9677 414.9554 454.6799 655.1926 1187.854 1226.113 1412.954 1884.18 2073.958 1926.506 1064.397 12.48775 8.810484 0.5517466 NA NA
1044.774 1139.191 1214.04 1329.144 1436.959 1560.893 1651.22 1818.352 1918.724 2129.451 2268.289 2452.157 2624.671 2834.413 2991.378 3245.534 3501.798 3683.486 3938.312 4188.708 4417.776 4792.96 5472.544 6081.346 6629.998 7914.201 8643.458 10809.36 12114.32 14150.21 15837.13 20114.03 28653.13 28877.99 1583.331 481.4949 124.3354 44.02834 13.8926 5.11874 16.81086 1.170158 3.276626 4.234236 1.959087e-05 3.284337e-13 6.178395e-32 9.259713e-31 NA NA
518.291 548.1511 589.485 630.3222 669.3736 703.1533 731.772 777.6605 819.6909 904.2163 1020.459 1045.069 1053.876 1101.483 1165.278 1178.366 1263.381 1323.314 1427.506 1566.452 1794.956 1975.071 2181.014 2391.398 2665.032 2979.413 3595.479 3936.643 4342.437 5336.841 6656.665 7815.634 8913.602 9832.305 10531.47 15044 14087.66 13.73709 15.83081 6.942408 13.26076 8.890014 3.180632 4.30782 0.511744 0.09228591 0.4705802 1.083586e-14 NA NA
1276.395 1391.818 1480.207 1587.13 1664.031 1771.332 1976.619 2157.154 2509.552 2765.653 2891.63 3015.742 3175.205 3526.409 3859.515 4082.9 4325.171 4615.478 5605.346 6224.215 6672.653 7216.602 7992.035 8927.199 9922.616 11191.34 12840.17 14448.06 16721.69 19770.31 20872.81 22360.21 84.9577 47.24502 53.48131 14.61177 13.17772 1.74257 0.06527692 0.0004150455 5.113549e-07 5.311911e-08 2.411516e-07 2.092581e-11 2.010914e-17 4.695645e-15 3.203636e-19 4.888248e-14 NA NA
1537.614 1693.904 1799.788 1875.778 1953.844 2033.44 2131.814 2228.17 2418.769 2493.449 2624.261 2797.115 3119.671 3209.619 3315.956 3652.344 4250.651 4531.557 5306.776 5988.83 6426.215 7316.851 7928.906 8692.987 10020.44 10896.44 12083.91 13001.49 14030.77 13830.31 8479.328 3.460143 1.863157 0.6546223 0.4358837 0.3077566 0.1832463 0.3955422 0.1261693 0.2539334 0.2671567 0.2515616 2.027388 2.739237 4.089688 1.726928 1.044135e-07 0.0003024751 NA NA
1052.28 1204.942 1300.249 1388.905 1560.663 1672.471 1758.864 1868.982 1965.838 2090.422 2160.663 2236.853 2393.845 2455.033 2471.627 2612.908 2785.405 2976.315 3301.032 3542.042 3843.686 4123.188 4607.905 5392.975 5979.282 6405.483 7110.169 7756.875 8515.006 10489.69 10248.59 6663.212 1727.457 0.0884721 0.02038411 0.00126867 4.019858e-05 4.319867e-07 4.624187e-08 2.538436e-07 8.488701e-08 3.01831e-07 2.492742e-06 6.103915e-08 2.472274e-08 4.04601e-10 4.725046e-16 1.221973e-13 NA NA
962.8049 1047.458 1127.888 1291.256 1385.365 1507.456 1625.444 1733.803 1933.536 2160.678 2288.166 2486.831 2840.826 3055.571 3355.502 3553.527 3761.94 3986.246 4170.509 4483.19 4590.146 4912.368 5782.554 7345.631 7927.341 8741.598 9834.055 13023.08 14550.49 15980.73 17098.88 17294.75 11840.33 21.07748 10.34229 16.01351 21.76742 20.33994 13.95108 12.40258 7.465069 6.240308 2.664173 1.281191 5.358871 41.98734 436.8101 21.06873 NA NA
1530.424 1647.909 1722.971 1810.338 1941.681 2101.459 2247.702 2443.003 2591.179 2813.8 3030.313 3181.003 3419.062 3589.851 3799.417 4050.113 4586.81 4785.361 5044.96 5399.989 5982.158 6535.258 7380.717 7955.477 8744.551 9595.127 10633.27 12353.45 13833.57 15506.03 21297.65 22642.29 14400.34 294.055 181.6081 119.714 128.5536 111.5804 70.38682 78.79617 37.78669 27.29376 7.121183 18.81736 22.2685 40.90337 584.6882 391.4905 NA NA
714.0683 778.647 819.2945 868.5897 993.8411 1049.757 1153.947 1236.12 1348.506 1512.301 1631.955 1744.465 1830.192 2080.761 2200.801 2347.906 2452.485 2677.708 2762.667 2838.841 3601.297 3788.347 4161.607 4865.401 5450.683 6209.507 6778.006 7723.63 8654.8 9573.212 10752.99 12128.45 13601.14 15964.25 15866.61 6047.913 0.8365784 0.05296076 0.01321022 0.004166662 0.0003653142 0.003710469 1.409715e-05 1.714634e-09 7.788239e-08 3.451862e-12 8.073255e-11 4.067676e-32 NA NA
1094.808 1308.695 1385.838 1494.333 1577.385 1652.302 1828.895 1973.452 2070.21 2185.745 2344.599 2454.595 2589.73 2820.035 2945.101 3063.803 3170.709 3489.374 3632.395 4180.076 4586.26 4942.938 5400.054 6365.315 7397.594 8212.28 9069.632 9931.502 11051.94 13724.42 15704.78 14628.57 9930.688 16.96581 6.527963 2.841888 6.474504 5.101915 7.739168 4.742594 4.983889 4.518231 3.916742 0.4591202 0.5808899 1.509293e-07 0.001532345 0.001270188 NA NA
1784.7 1919.762 2092.023 2181.759 2284.408 2382.584 2493.449 2717.067 2843.429 2979.002 3306.622 3729.839 3918.946 4130.188 4358.802 4798.665 5495.08 5884.373 6313.123 6810.728 7652.737 8665.388 10058.74 12428.21 13773.14 14963.29 17092.69 15704.49 4669.7 4.519377 1.159249 0.8970607 0.2592083 0.09832293 0.05405714 0.01560778 0.001653712 0.0003085858 1.254635e-05 3.954775e-07 1.980748e-09 1.012281e-13 3.592385e-19 4.679066e-26 4.09353e-21 2.230704e-22 1.13206e-19 1.897963e-38 NA NA
1345.96 1431.311 1522.099 1637.533 1724.75 1780.602 1873.448 1987.606 2114.22 2347.146 2466.671 2644.97 2673.493 2850.599 2903.12 3064.871 3280.533 3627.208 4016.656 4583.871 5039.837 5790.46 6439.072 7086.074 7664.011 8786.561 9654.469 10708.32 11670.91 13050.92 15988.31 17038.72 19884.38 25378.57 21078.23 3756.676 3820.035 4904.84 6094.988 7180.213 13246.91 22922.87 23903.4 38107.84 63060.44 78520.86 87521.61 677.6905 NA NA
806.7489 935.653 1049.02 1104.647 1161.71 1242.106 1341.649 1416.253 1507.607 1584.41 1725.555 1827.749 2058.929 2234.804 2346.511 2455.223 2588.317 2723.321 3144.487 3360.758 3657.641 3931.18 4396.476 4927.945 5734.441 6531.128 7697.448 8606.287 9569.433 10994.2 12772.53 15183.48 17395.91 10655.75 165.4645 104.2524 64.08855 19.68025 14.82947 0.8928357 0.9349331 0.7691257 5.660331 0.0003513349 0.0003398985 0.0008848387 0.1749054 0.0006348987 NA NA
878.3257 930.1069 995.4204 1036.373 1101.101 1193.564 1344.317 1558.958 1741.415 1850.523 1921.965 1977.702 2029.43 2070.354 2093.564 2173.769 2461.919 2809.499 3028.565 3322.691 3585.334 3895.431 4209.605 4804.494 5412.549 6024.251 6660.948 8443.396 9388.31 10422.32 11725.49 13855.5 15795.48 16618 8683.904 314.301 193.273 174.6223 352.0832 205.9429 58.00287 41.92824 17.34023 54.11726 48.05335 147.4486 57.53632 1.335441e-79 NA NA
1029.421 1113.175 1178.179 1225.574 1297.634 1399.633 1495.477 1552.65 1784.888 1866.998 1959.089 2075.298 2118.664 2241.555 2479.72 2622.567 2805.524 2979.121 3242.892 3492.482 3736.841 4055.597 4385.411 4761.677 5108.229 5588.03 6081.375 6423.992 7067.279 7581.106 9372.995 8128.909 2083.734 13.23835 2.264442 0.3173465 0.01888026 0.03159324 0.02502818 0.02105253 0.06168511 0.0622031 0.1611559 0.2904237 0.002099733 7.374415e-11 2.20679e-15 3.389609e-17 NA NA
1984.303 2164.458 2332.81 2456.668 2617.964 2758.335 2901.996 3055.245 3203.509 3444.985 3721.148 3953.657 4226.653 4640.44 4978.318 5295.202 5630.885 5893.349 6832.155 7370.258 7889.122 8475.589 9668.762 11141.37 13294.83 16280.1 18116.56 19562.64 20406.2 25007.7 10012.45 21.11417 19.18594 6.747239 3.189386 0.7348548 0.4751537 0.9380523 0.8726105 1.272467 1.984386 2.076668 4.815534 8.251047 0.8535489 4.752305e-05 0.00116627 0.008725864 NA NA
2169.692 2417.306 2585.204 2717.414 2945.231 3167.321 3343.35 3677.064 3879.084 4162.645 4696.955 5195.786 5533.511 6015.562 6437.468 7276.034 7798.841 8319.104 9015.743 10016.54 10938.98 11863.13 13005.41 14361.15 15871.26 18588.1 24780.38 30707.83 35719.63 44098.98 26022.17 168.7102 53.74113 22.72743 21.22254 24.76158 9.604761 3.695166 0.5403699 0.9184704 0.1668309 0.7218907 0.7367172 0.04847363 0.01848591 3.893142e-13 1.584095e-18 9.744495e-30 NA NA
1178.082 1302.745 1367.727 1434.84 1567.71 1736.016 1864.954 1972.559 2103.271 2321.279 2551.318 2721.333 3087.397 3256.906 3486 3643.283 3793.965 4008.634 4137.729 4286.465 5438.852 5861.276 7011.019 7823.019 9347.339 10134.77 11505.33 12502.91 13881.17 15228.36 16692.11 16842.11 21538.06 11312.76 291.3581 152.4843 24.13061 5.531435 13.63956 3.963835 5.206351 0.1505716 0.009628936 0.001957166 5.4733e-05 1.125793e-06 2.668881e-10 NA NA NA
2870.875 3127.241 3313.879 3894.858 4078.831 4769.989 5464.348 5795.805 6315.079 6869.11 7351.799 7792.087 8600.73 8972.851 10082.69 11661.03 12678.16 14328.76 15309.67 16995.63 18654.66 20002.69 21262.92 22664.21 23220.05 19747.41 10751.67 1185.655 1236.26 831.1896 760.3812 654.0321 589.1582 454.7225 359.0644 441.2368 391.9793 349.3501 326.0011 656.3234 1176.502 661.2251 529.2731 220.4768 1.886126 24.82458 41.03529 213.8231 NA NA
1090.258 1182.095 1248.007 1309.981 1367.14 1453.53 1516.386 1641.724 1770.52 1855.093 2108.736 2346.403 2476.993 2559.489 2686.838 2770.251 3107.727 3329.602 3535.551 3774.309 4331.86 4977.638 5545.553 5995.6 6578.714 8007.215 9145.121 9865.703 10434.76 11296.57 13635.85 8481.354 25.0959 1.710931 1.176769 0.4593221 0.09464923 0.01300726 0.03021129 0.0171883 0.07347576 0.03557729 0.2152125 1.640598 0.3636619 3.388014 0.9760359 5.369372e-22 NA NA
1644.183 1778.854 1953.773 2123.314 2265.262 2395.173 2547.375 2667.769 2905.066 3045.062 3331.726 3603.156 3916.987 4269.428 4372.981 4553.147 4850.416 5190.846 6030.885 6972.557 9059.608 9733.304 10885.11 12479.39 13914.98 15414.86 17560.01 19076.82 21350.45 24919.66 25277.77 15602.5 0.1173236 0.0004804499 9.009075e-05 1.446206e-05 8.662801e-07 1.336021e-07 3.502672e-09 3.655489e-10 1.462818e-10 1.413359e-08 9.264176e-08 1.773331e-08 2.369884e-06 8.706118e-28 2.395702e-75 2.067784e-94 NA NA
552.254 660.4898 700.8122 741.6834 775.1088 818.1835 891.7071 977.7435 1026.978 1070.807 1135.652 1247.601 1341.17 1545.607 1586.802 1592.15 1649.814 1710.745 2318.962 2548.754 3279.76 3621.104 3957.987 4528.53 5412.136 6368.99 7050.987 8613.947 9956.179 15644.58 19746.76 22702.88 27572.13 36021.35 41285.79 39388.83 22467.76 27.10422 11.74277 11.86185 6.496048 4.034938 2.325736 0.2887515 0.003436263 6.32959e-06 3.214304e-12 NA NA NA
1220.135 1358.76 1409.784 1577.923 1647.075 1817.693 1943.617 2032.888 2127.125 2199.096 2409.461 2535.004 2596.235 2685.327 2674.192 2718.048 3002.188 3295.138 3668.984 4027.104 4377.023 5716.973 6574.093 7078.738 7740.25 8534.46 10705.52 11642.23 12719.5 16700.42 18435.02 20238.41 17612.6 3668.486 57.74932 33.54547 12.47333 2.473039 2.11927 3.348455 0.9119593 0.1294326 0.0797917 0.1030831 0.0006550448 3.970886e-12 2.597848e-12 3.209341e-26 NA NA
1982.061 2172.006 2301.493 2504.046 2625.929 2736.723 2863.048 3047.537 3173.123 3294.298 3410.098 3533.281 3648.877 3749.901 4348.55 5222.554 5788.764 6348.349 6762.014 7394.878 8646.529 10032.05 10968.74 12439.73 13595.3 15726.11 18534.79 20937.5 24262.98 24290.1 16765.15 3043.437 2581.162 1989.979 2752.199 2929.381 2569.904 2692.639 1219.915 593.1553 67.86353 179.8765 147.7504 300.4301 1169.142 4681.952 11315.09 73313.94 NA NA
1291.446 1410.924 1514.96 1641.814 1716.157 1808.742 1892.852 2032.591 2128.645 2272.268 2387.709 2510.846 2736.395 2934.125 3095.961 3208.814 3352.977 3531.469 3794.991 4207.771 4775.503 5445.825 5920.038 6635.305 7519.962 8303.785 9239.425 10181.3 11801.63 14149.75 15953.69 16803.61 19727.03 12261.89 84.40658 96.63534 95.12765 231.3048 302.2562 382.8659 503.0315 755.345 1396.099 947.0517 14.31855 4.425209e-09 4.940335e-21 NA NA NA
1004.019 1102.908 1178.821 1244.379 1331.878 1428.524 1516.8 1585.254 1687.612 1789.193 1995.291 2150.096 2407.606 2594.624 2787.566 2986.011 3587.97 3776.686 3917.696 4185.43 5089.628 5481.342 5957.731 6495.199 7221.286 7946.119 8636.531 10510.87 11600.39 14564.16 16527.02 18176.6 19792.64 15367.61 137.4313 44.85773 7.186179 2.373887 0.7666769 0.4262017 0.653388 0.6673316 0.1690071 0.6766941 3.672215 146.3388 3768.535 1493.038 NA NA
1821.605 2032.351 2154.715 2382.19 2617.489 2785.435 2930.348 3065.591 3239.23 3449.457 4046.533 4280.862 4488.663 4719.968 5012.723 5473.931 6233.983 7132.731 7872.502 9371.849 10680.33 12511.47 14336.76 16318.61 17989.26 19604.62 21259.31 22558.58 17824.72 651.5492 358.7087 199.5132 171.9838 95.47718 68.94365 34.27224 9.982369 4.406634 0.7134413 0.2861606 0.3228245 0.2140561 1.624057 1.0728 3.116913 1.590784 0.2153336 4.072501e-13 NA NA
940.984 1028.072 1078.2 1167.912 1269.639 1355.737 1418.407 1539.837 1656.643 1840.845 2115.896 2325.123 2430.903 2647.132 2954.769 3134.382 3437.872 3610.74 3771.807 4249.215 4554.508 4949.749 5492.882 5938.592 7151.455 8423.184 9173.635 10011.58 11269.33 13006.43 14207.58 15255.76 15954.23 12947.47 11.16677 1.454494 0.09389397 0.06647394 0.01116562 0.001335236 9.659048e-06 1.550703e-06 7.604288e-10 1.111193e-11 3.335179e-12 2.386002e-13 6.928713e-28 NA NA NA
867.4516 948.3662 994.7705 1044.727 1107.993 1172.218 1224.675 1301.554 1379.763 1439.899 1616.907 1698.482 1803.923 1912.054 2013.881 2081.734 2124.518 2155.841 2316.74 2551.919 2936.152 3288.318 3544.918 3907.412 4498.834 5539.77 6230.612 6771.289 7763.718 8451.612 9854.798 12699.7 11594.87 2445.3 0.2876898 0.007756558 0.0280419 0.02535808 0.1084113 0.143107 0.1343169 0.08934989 0.7367605 0.2808405 0.06603942 0.1486004 0.003523805 1.009207e-10 NA NA
1197.026 1276.098 1356.57 1441.716 1566.681 1634.199 1745.748 1983.987 2105.693 2219.912 2335.652 2485.734 2683.498 2786.515 2949.955 3124.62 3229.002 3372.831 4097.876 4849.703 5281.528 5726.238 6191.047 6825.605 7396.689 8207.261 9650.189 11533.3 12916.43 15210.97 18123.33 20097.82 22619.66 25976.94 25704.18 42.32499 8.538696 7.271751 18.18122 32.81758 46.37987 96.48742 119.6475 200.9319 2.848498 15.62206 50.05009 NA NA NA
396.0026 419.2223 449.4149 468.866 534.1838 573.3998 613.818 648.0913 682.5074 714.9389 763.1003 841.4913 914.5525 937.1732 943.6537 971.1592 991.7317 1081.615 1176.702 1328.611 1470.451 1652.122 2079.415 2286.47 2553.207 2810.656 3152.33 3535.503 3888.147 4413.466 5081.961 6041.548 7373.612 8837.204 10497.48 13518.08 13833.75 200.9185 9.202259 23.47462 10.01658 24.45466 5.264962 14.53892 2.40336 1.097481 11.48317 156.5847 NA NA
1255.505 1346.062 1428.571 1506.282 1576.32 1692.387 1802.871 1882.708 2052.33 2216.218 2295.448 2365.47 2441.266 2577.771 3035.469 3250.245 3523.151 3773.781 4400.96 4955.031 5983.434 6713.936 7340.964 8683.601 9409.126 10245.91 11865.32 14798.34 19055.04 21384.9 23910.64 23934.45 264.6458 193.8647 168.3009 162.9025 124.4843 203.641 112.8419 88.41387 81.68746 67.23426 25.90565 30.84368 8.306973 8.497227 11.51265 0.8010912 NA NA
774.7802 863.2891 926.1792 972.7862 1028.126 1082.943 1160.215 1220.174 1304.527 1457.689 1558.442 1643.201 1735.113 1910.259 2022.595 2199.057 2502.433 2648.178 3394.839 3659.949 3898.272 4045.387 4343.703 4927.817 5390.254 6119.544 7651.557 9867.034 11334.47 13803.44 15809.11 17741.18 20273.7 25824.34 14077.03 53.51846 24.00195 7.754321 11.40313 16.46579 13.35067 16.32526 51.04838 153.6362 1182.135 1399.059 0.06629971 0.0008823561 NA NA
1598.07 1722.525 1930.499 2029.727 2367.72 2601.66 2763.566 2892.844 3031.508 3207.59 3481.761 3840.65 4392.342 4636.889 5251.762 5582.244 5804.086 6063.144 6629.305 8093.736 8699.76 9429.453 11038.62 12529.01 13880.97 16364.35 18636.68 20776.69 23591.45 28145.41 26722.51 7878.361 38.93675 14.43005 9.525513 15.13188 22.67823 31.14543 42.8553 54.17266 75.40048 169.5992 475.2647 1660.283 2521.512 1792.158 5.419952e-22 NA NA NA
1151.808 1177.744 1200.913 1325.776 1499.923 1612.031 1666.852 1817.793 1984.342 2079.691 2233.843 2343.087 2487.415 2598.85 2854.631 3231.865 3644.987 3895.89 4225.487 4632.385 4965.006 5390.794 5826.265 6946.31 7510.812 8118.967 8966.736 8860.532 10428.71 6789.593 2076.915 7.851395 4.723321 0.9189503 0.1954296 0.4960038 0.484149 1.635023 1.479868 1.335683 0.479599 1.912623 3.230676 2.666728 0.6247486 0.1673049 5.191743e-06 0.2366938 NA NA
1860.422 2033.792 2139.78 2260.847 2392.247 2614.855 2721.494 2900.753 3092.519 3254.57 3412.478 3502.148 3569.423 3971.213 4195.337 4628.816 5144.861 5445.513 5776.38 7101.043 7965.301 8447.988 9426.273 11069.39 12112.77 13584.27 14342.27 13217.48 5900.814 73.53048 37.76729 31.95567 25.12412 32.94293 19.92483 22.52468 28.13407 39.96834 45.29816 36.27282 18.94406 31.58593 28.37297 57.09848 6.260035 0.01871259 6.165013e-20 3.590082e-15 NA NA
836.93 938.3437 1082.535 1160.847 1220.381 1381.665 1459.575 1536.73 1625.702 1718.239 1797.693 1878.813 2030.37 2170.636 2303.158 2421.862 2566.462 3017.115 3474.434 3968.831 4430.923 5026.841 5562.919 6154.027 6699.234 7303.131 8717.662 9750.54 10816.89 12984.21 14547.14 17786.87 16325.11 6.194624 2.579815 0.2309292 0.06998161 0.09127106 0.04604649 0.005013792 0.002115322 2.913587e-05 4.703452e-05 4.081476e-05 3.171296e-05 1.873206e-05 6.94501e-37 3.053306e-45 NA NA
1782.617 2035.391 2151.667 2269.222 2384.361 2574.659 2659.733 2839.893 2923.584 3034.892 3158.035 3212.135 3267.981 3337.665 3575.324 3884.312 4196.571 4723.801 5290.951 5727.142 6351.597 6805.154 7290.337 8235.119 9095.03 10025.28 10970.33 12611.16 13561.98 15124.05 14710.27 5979.539 130.6011 87.1717 36.7928 17.933 14.18053 10.63581 5.448465 6.674405 8.542114 19.4751 21.19111 48.3772 235.88 613.9947 4.313704 193.9103 NA NA
1801.405 2046.531 2210.379 2321.082 2442.632 2601.036 2926.068 3187.098 3371.055 3604.277 3834.462 4187.833 4552.283 4811.754 5533.723 5863.093 6192.474 7563.078 7993.296 8560.431 9248.801 10140.75 10981.94 12004.57 13091.86 15082.87 16716.27 18547.7 21465.35 23750.97 25297.9 12312.82 228.1668 201.3834 162.6995 176.997 194.0507 164.5483 172.799 197.3391 124.2185 20.46788 16.83183 19.06671 254.5028 852.0226 1911.938 11344.98 NA NA
596.5124 687.2814 743.6427 812.159 845.8205 848.2896 923.7227 974.6919 1022.828 1056.75 1138.586 1237.98 1335.532 1571.217 1584.067 1742.01 1979.453 2244.525 2437.967 2694.258 2994.814 3366.72 3629.075 3940.353 4280.419 4791.157 5218.901 6142.324 7104.394 7748.286 12015.18 19620.69 24729.92 27163.78 10126.01 0.06707912 0.01848308 0.001407135 0.0001379069 4.565494e-07 2.212014e-11 6.277731e-21 2.492773e-20 1.04919e-17 1.059588e-19 5.150402e-38 NA NA NA NA
632.9763 731.9909 757.7414 807.3657 864.2041 966.2518 1003.298 1065.581 1127.442 1183.824 1224.592 1249.409 1260.445 1275.986 1249.464 1262.763 1425.96 1552.844 1686.332 1841.367 1999.531 2223.268 2395.612 2820.733 3319.379 3748.31 4274.14 5014.056 5701.271 6797.78 7380.491 8235.997 9404.387 8902.399 5447.842 0.00998498 0.03017981 0.05419577 0.071134 0.01145625 0.000730896 0.0003218361 1.727672e-06 2.207359e-08 1.521681e-18 4.393699e-18 5.663774e-21 7.60663e-73 NA NA
3056.992 3272.005 3461.565 3641.536 3802.569 4043.565 4297.561 4546.814 4848.563 5340.661 5604.048 6354.563 8065.743 8576.735 10259.53 10977.47 11668.16 12694.72 13679.79 15669.8 16683.89 18306.68 19463.68 20261.72 19520.01 12573.59 736.1678 787.6095 481.8229 630.1698 649.3719 688.9197 924.7596 940.2302 945.1353 912.3813 935.3503 1144.819 1025.038 2221.73 1519.497 1372.757 2107.694 894.2251 1692.67 664.2347 0.1825061 1.055008 NA NA
1041.12 1127.072 1167.292 1312.521 1445.385 1544.624 1632.253 1796.847 1847.136 2291.247 2417.75 2621.997 2867.221 3280.203 3710.395 4021.013 4383.629 4785.435 5473.915 6045.906 6550.321 7086.948 7740.315 8964.978 10171.1 11127.8 12326.82 15333.21 18709.05 21070.54 23857.1 27152.17 32242.57 23749.99 3160.275 3391.959 3990.476 3061.672 2772.246 5616.033 7509.569 11580.46 16873.32 15984.98 27402.23 71128.72 226015.7 679963.7 NA NA
1298.649 1375.582 1481.45 1615.299 1694.349 1782.226 1849.056 1982.144 2142.918 2333.445 2409.144 2716.481 2783.244 2925.724 3018.093 3268.898 3467.144 3709.924 4043.845 4516.718 4906.643 6154.305 6951.099 7574.827 8249.547 9189.813 10740.45 11861.45 14327.86 16365.71 25863.86 26870.01 13432.3 13.26385 0.4735435 0.03232701 0.009019676 0.0008739129 0.0001686186 3.76083e-06 2.967035e-07 6.819159e-12 1.105758e-22 1.444759e-18 8.075169e-25 6.800475e-48 3.488903e-64 NA NA NA
2013.027 2183.998 2427.025 2553.514 2733.886 3015.602 3246.019 3400.303 3764.236 4428.359 4802.315 5095.902 5385.209 5677.37 5959.392 6370.156 6677.651 7230.38 8169.395 8718.16 9684.218 10854.1 12391.24 13711.29 15176.44 15762.56 15026.24 10174.13 1623.581 0.1037124 0.002464812 0.0001383064 3.409455e-05 2.706371e-05 6.161675e-05 7.462251e-05 3.775765e-05 2.417655e-05 1.109592e-05 5.056179e-06 5.733261e-06 7.930262e-08 4.186033e-08 1.48485e-10 2.992456e-13 1.624771e-19 1.072109e-50 1.497432e-106 NA NA
991.8461 1139.325 1204.2 1257.084 1390.289 1474.098 1544.862 1706.272 1791.74 1899.762 2060.008 2166.738 2286.079 2657.506 2990.564 3122.295 3279.811 3349.718 3478.114 3738.006 4095.805 4573.162 5043.803 5774.324 6320.887 7344.916 7953.28 8765.687 9359.342 10590.31 10222.14 10931.67 4574.459 42.57019 25.48537 14.11806 4.49548 0.3363173 1.155661 3.520116 12.27018 6.360846 1.446145 0.07059653 2.540923e-06 2.025217e-11 4.409042e-34 3.059607e-106 NA NA
1473.356 1609.276 1690.435 1783.718 1939.399 2059.128 2160.76 2269.464 2416.857 2689.963 2908.602 3041.666 3266.76 3395.13 3552.696 3655.615 3757.018 4153.426 4754.305 5147.325 5517.233 6109.352 6683.93 7663.596 8802.795 9712.987 10571.21 12903.33 14971.76 16532.32 16558.33 11724.12 82.1254 8.947435 1.461747 0.4972614 0.1479739 0.7743373 0.8157317 0.2879178 0.0572241 0.03070348 0.1459188 0.498801 1.100154 0.01356017 5.460941e-06 NA NA NA
2182.831 2383.095 2553.051 2674.353 2996.878 3131.015 3497.646 3666.495 3902.425 4396.203 5034.608 5341.956 5662.519 6059.817 6450.139 6550.785 7172.058 7742.453 8361.22 9610.284 10872.73 12245.88 13826.57 14852.82 15793.82 17207.37 15883.83 9903.776 4.052881 0.3624283 0.08679946 0.02751962 0.02501249 0.005258264 0.003148423 0.0007803258 7.581924e-05 0.000123433 8.87323e-05 8.235076e-05 2.373666e-05 3.307396e-07 1.105313e-06 6.996492e-07 4.342047e-08 1.56891e-11 3.701077e-09 1.020469e-79 NA NA
1331.896 1449.79 1618.49 1684.693 1804.912 1959.58 2061.922 2148.668 2296.994 2443.954 2543.741 2773.951 3145.846 3301.185 3669.299 3844.164 4028.499 4880.974 5318.113 5916.766 6407.85 6915.508 7709.772 8503.278 9739.25 11344.49 12492.53 15412.76 17647.92 20322.79 22838.79 27178.72 25677 194.8535 129.8809 42.71368 12.54725 1.856781 0.9583281 2.165619 3.067262 3.661109 13.44645 30.33325 70.21084 306.0345 1184.028 18.44031 NA NA
2176.033 2356.713 2541.059 2644.087 2795.029 2948.127 3135.369 3351.669 3572.749 3807.569 4081.966 4214.303 4280.44 4653.573 4981.951 5531.332 5993.673 6541.533 7050.951 7878.452 8537.584 9103.345 10696.15 11878.34 13971.67 14678.61 15193.34 14726.42 10822.7 1299.314 0.2750646 0.08519441 0.1681145 0.09961742 0.06018023 0.0194973 0.002876126 0.000134007 2.062243e-05 3.28904e-06 1.8794e-06 1.060231e-07 1.115907e-09 7.878916e-11 7.520135e-21 7.302955e-24 6.646839e-34 1.413404e-72 NA NA
2808.523 3066.904 3296.062 3462.489 3728.358 4099.532 4334.173 4538.714 4894.468 5125.211 5385.813 5894.885 6120.97 6428.8 7022.015 7661.303 8372.795 9639.715 10769.6 11860.8 12685.28 13479.12 14507.22 14369.12 11554.06 2655.693 4.772914 1.983543 0.3744409 0.4725382 0.137649 0.02694394 0.01602379 0.003543039 0.0005776772 0.0003726198 1.11673e-05 1.687107e-07 6.161692e-08 2.536453e-10 3.891851e-15 3.184292e-17 6.726199e-26 9.328925e-22 4.220645e-27 8.617294e-45 NA NA NA NA
542.8195 591.3981 623.3933 672.5678 727.8764 764.7984 803.108 842.4948 963.0816 1019.483 1067.46 1118.698 1402.228 1497.395 1589.615 1671.751 1740.986 2022.702 2216.461 2319.017 2495.953 2849.474 3296.895 3692.809 4007.807 4512.963 5034.909 5676.683 6498.875 7689.65 8525.097 9466.197 11319.2 15044.32 17378.53 13911.16 60.37511 36.87113 27.45457 47.32922 52.19385 105.3418 117.6156 106.2499 17.19463 0.09415292 4.817938e-05 0.005311534 NA NA
503.3352 548.0151 583.5915 619.0534 657.0874 697.3359 735.1831 809.2337 857.115 902.4564 953.8976 1006.6 1080.403 1148.623 1260.255 1390.715 1521.716 1656.13 1738.336 1805.054 1966.472 2028.692 2203.311 2523.392 2786.248 3194.341 3711.288 4362.864 4890.283 5609.698 7274.609 8409.179 9613.01 11449.04 14873.23 16660.99 11130.18 698.7846 889.4419 1665.052 2814.804 3863.46 4908.687 3661.323 3654.651 3213.234 0.0003167361 1.903459e-34 NA NA
1336.206 1528.416 1605.583 1674.422 1740.61 1834.142 1908.777 2014.222 2096.458 2265.928 2398.496 2528.254 2708.212 3279.092 3730.331 3888.712 4003.099 4245.892 4752.075 5120.876 5636.317 6176.51 7695.992 8336.642 9684.651 10393.17 11439.94 11936.16 11550.74 8214.998 3.103602 0.2641937 0.04776793 0.03309318 0.01733012 0.02003606 0.005668607 0.0129267 0.05022615 0.07745804 0.07386932 0.03877883 0.06681759 0.0001733908 5.605522e-06 5.671183e-06 2.518788e-11 6.467592e-11 NA NA
1757.697 1941.243 2039.484 2137.753 2224.2 2328.05 2416.141 2544.707 2659.082 2760.956 2893.682 3113.024 3206.798 3264.102 3606.039 3820.637 4189.765 4513.293 4825.801 5538.272 6087.799 6578.701 7356.312 7875.577 9425.893 10271.15 10824.47 11238.59 13388.23 15057.75 8761.997 713.2014 547.2729 486.1234 562.2422 775.961 476.7572 356.7534 957.5378 632.4323 800.4089 1444.156 2121.13 7377.777 14339.4 13592.45 463.6933 3.514139e-25 NA NA
1022.009 1166.738 1223.554 1260.889 1312.749 1359.297 1399.881 1434.505 1554.114 1899.727 2017.748 2111.83 2120.762 2080.925 2189.358 2351.575 2652.915 2789.915 2962.935 3423.994 3986.175 4218.519 4557.273 5298.147 6170.83 6497.547 7124.513 7858.392 8324.414 7597.339 6337.863 1903.625 2.852236 0.2466752 0.1220428 0.08773188 0.05027833 0.01875946 0.00864424 0.005473281 0.002784557 0.008187141 0.001435876 4.96583e-05 1.698279e-06 1.345531e-09 1.829773e-14 3.326026e-11 NA NA
1350.935 1444.352 1554.222 1642.341 1855.137 1972.438 2091.602 2249.648 2527.592 2706.749 3141.168 3336.245 3580.908 3968.119 4248.704 4564.294 4706.387 4804.729 5040.774 6463.276 7194.411 7814.657 8389.147 9099.667 11469.98 12534.74 14831.7 16067.43 17610.44 17907.28 16149.71 2690.147 2.229505 2.246341 1.629073 1.171125 0.3036852 0.2149966 0.03869258 0.005877821 0.0005054237 5.243363e-05 1.891824e-06 7.177683e-11 3.95896e-14 2.00415e-20 1.233303e-19 1.419941e-13 NA NA
907.6329 1026.495 1061.74 1121.006 1182.894 1245.798 1309.114 1357.478 1459.545 1520.769 1619.17 1702.878 1790.7 1966.414 2280.77 2409.247 2453.72 2638.715 2934.926 3180.238 3533.012 3850.414 4207.711 4837.633 5346.181 5802.737 7265.973 8231.467 11228.8 13363.82 15551.34 17503.07 20572.75 18339.15 426.3947 187.6098 273.1367 251.7682 157.0028 137.8956 95.88085 141.1418 102.1412 6.32975 0.8781542 10.20229 1.767312e-05 4.814443e-06 NA NA
498.6105 546.6199 585.8899 633.6042 715.4194 797.3134 841.0814 900.2719 950.9399 1044.15 1124.957 1333.638 1413.702 1529.859 1622.987 1694.51 1997.669 2056.504 2219.014 2267.955 2252.459 2415.757 2638.562 2964.579 3426.028 3824.626 4624.774 5594.321 7515.672 8633.985 9858.806 12428.08 13781.22 15641.48 18230.06 18339.07 14044.76 0.07756522 0.006597426 0.0008601481 0.0001940255 6.262083e-06 1.140249e-12 3.746769e-10 7.575304e-17 7.538045e-17 1.149547e-21 5.627259e-19 NA NA
687.7804 754.8652 793.3178 834.0026 894.1828 959.8631 1012.875 1072.46 1127.537 1201.718 1419.184 1551.319 1630.444 1712.071 1838.206 2193.237 2270.104 2336.042 2389.673 2401.423 2463.575 2809.076 3048.749 3480.962 4265.188 5015.638 5605.471 6153.512 7573.43 9198.324 10212.29 11343.07 13647.7 15310.33 12987.45 8.469192 9.043293 3.128351 0.9581082 0.3501118 0.3806003 0.1494058 0.09872128 0.370063 0.153514 0.3523383 0.0002941749 NA NA NA
940.408 988.9473 1064.671 1099.566 1140.593 1224.024 1268.296 1321.893 1350.523 1433.969 1504.894 1651.837 1659.089 1656.813 1712.821 1817.7 2031.851 2358.045 2582.887 2797.534 3054.245 3473.88 3776.784 4109.042 4544.347 4907.889 5641.026 6234.055 6696.24 7134.255 7985.734 11386.07 7445.635 4.240041 3.949718 2.978595 2.056281 4.475804 12.35803 9.445255 12.45084 6.181467 6.41722 12.67201 2.590644 0.5903462 12.00922 0.5569859 NA NA
1166.139 1290.5 1345.362 1400.256 1533.368 1633.382 1700.08 1800.258 2061.664 2119.161 2282.107 2402.434 2630.198 2963.512 3506.005 3736.648 4261.881 4599.585 4961.823 5322.423 5757.05 6238.598 6749.519 7363.166 8112.566 8743.457 9854.494 11405.12 14171.1 16719.8 18387.15 13957.89 116.4479 19.62843 5.428899 1.753564 1.003781 1.083847 0.1377875 0.1966673 0.172571 0.01013968 0.001417281 5.718088e-05 2.713632e-09 1.494603e-06 6.52115e-06 NA NA NA
