1380643 1506828 1544918 1576833 1620712 1678228 1728549 1790091 1865128 1945769 2019427 2067813 2128386 2168623 2257567 2323304 2549573 2699960 2805550 2939283 3022862 3143637 3317419 3453065 3623918 3807337 4071656 4315452 4944273 5371544 5387202 1082193 978597.3 901210.7 732613.2 848867.8 840552.8 639478.9 567006.3 934725 801736 763082.7 957447.9 1693410 3624999 4973806 6063531 3361176 NA NA
1416206 1522959 1555685 1607300 1708968 1762884 1821856 1868276 1964606 2042857 2119006 2170665 2282053 2336601 2393556 2533977 2647060 2760320 2980906 3097490 3289773 3417105 3544199 3752348 3914763 4338486 4577257 4903458 5250859 5666605 5993287 6422626 4450369 231678.3 81591.91 78607.79 62786.23 53522.64 27674.76 14772.79 6707.611 1342.163 288.5319 93.58353 98.08971 0.001637961 6.799545e-07 NA NA NA
1273321 1347915 1399953 1459584 1524987 1558717 1601766 1666988 1749655 1805029 2003100 2143025 2191183 2262423 2320427 2391992 2481475 2560620 2699173 2900077 3132084 3320618 3513750 3726778 3875065 4050001 4268810 4620572 4926606 5303222 5590942 6019638 5684525 1969132 1469326 1487261 1482945 1431862 1447344 1369244 1098170 577564.7 565161.8 545825.7 1741713 3543503 8263513 12083653 NA NA
1140372 1191034 1237953 1279837 1351597 1386896 1417837 1454751 1530809 1571149 1650838 1727278 1758399 1816549 1884876 2001172 2046272 2229766 2355576 2435747 2582787 2715755 2823357 2939136 3092016 3216025 3402144 3532867 3705764 3902999 3805768 2550011 443275.4 344068.7 276262.6 317810.8 222430.4 196838.1 114064.5 63023.75 46228.26 40195.87 48406.58 47442.05 136530.3 286965.8 356417.9 42.50049 NA NA
1245443 1279752 1332844 1370501 1416117 1463610 1490484 1542382 1590566 1618322 1646615 1729219 1778637 1851279 1891984 1938953 2017929 2106787 2201573 2318128 2402819 2572369 2730175 2892881 3025171 3282408 3464035 3681099 3916406 4158998 3526688 236863.4 104430.4 86198.27 83906.44 101934.7 95353.27 75247.79 42400.59 28288.15 12939.92 11746.39 4624.014 6055.902 15522.92 154695.3 892702.4 4512686 NA NA
1429810 1508804 1669268 1707962 1754979 1802568 1923538 1953040 2010262 2070527 2124411 2179320 2242425 2333676 2428957 2508787 2623005 2740731 2833462 2937249 3031956 3241710 3449916 3621801 3814655 4057336 4380486 4553411 5041087 5039938 3097658 304229.4 162954.7 198681.9 176900.1 148219.8 105878.3 91696.16 86494.21 74857.97 74915.83 123528 105297.6 115282.9 251894 552633.7 1112765 23087.8 NA NA
1018541 1054001 1126582 1151531 1172178 1203100 1228167 1274498 1324903 1423383 1486960 1533348 1548430 1561684 1566108 1600208 1622049 1694155 1818787 1889586 2032962 2119900 2224971 2305899 2522700 2662985 2895765 3082607 3283385 3442790 3618111 3775388 3769380 3288178 171211.2 159727.9 129818.5 116959.1 91432.63 115072.1 178077.5 261532.2 530555.2 809970.2 1347849 1421843 1724730 4149335 NA NA
1184883 1235622 1275380 1305006 1334930 1360039 1389981 1457790 1505728 1569855 1597976 1673721 1751808 1834854 1887731 2009027 2031423 2154760 2258731 2401619 2527818 2631918 2793386 3000252 3206625 3368096 3524032 3682174 3917100 4137054 4470947 3969990 69753.97 54796.73 51645.87 34675.1 34053.78 15681.75 5936.036 809.3055 937.9937 1541.229 750.5351 547.5581 1016.564 250.6155 605.6805 2.306457e-54 NA NA
1314462 1400864 1446698 1506316 1536395 1572551 1625669 1670204 1716619 1767762 1850414 1903799 1957892 2028915 2093273 2154469 2320412 2392103 2495353 2645915 2802241 2994273 3147426 3322777 3513961 3708315 3905718 4675250 4791329 4321513 663693.2 558915 465373.7 396712.2 343455.6 324233.6 346047.5 498614.5 543303.5 715778.2 989809.6 1136096 1644720 2664991 4569718 6010399 7389877 8900474 NA NA
1095369 1152812 1171927 1203473 1236280 1285225 1334829 1367233 1402113 1455652 1505563 1592506 1646602 1783040 1820017 1876650 1921906 1953293 1999622 2137618 2206182 2284551 2393530 2646650 2768936 2887711 3018266 3320914 3529559 3676906 4196610 4455321 4715917 3292583 472240.8 331867.6 346950.7 436494.3 580877.3 548427.6 565482 605154.2 950910.9 1484946 2847223 4906426 5765205 3293899 NA NA
1436292 1534734 1556584 1583635 1635617 1703354 1722346 1802401 1831094 1884538 1904356 1947373 2036542 2115060 2219933 2317588 2505080 2632612 2793623 2924031 3098710 3301366 3425425 3745924 3955026 4256351 4521086 4682553 4778270 4716735 3419400 283860.7 62520.63 22194.93 14439.44 15614.46 5820.426 2963.236 1890.24 1678.23 4201.889 1840.363 2307.257 2011.01 1387.893 22.35061 0.001160183 1.102022e-08 NA NA
1137493 1171096 1203749 1241843 1278947 1327494 1368374 1416702 1455977 1521740 1557192 1600741 1663026 1687924 1725681 1763113 1799821 1869593 2046112 2200109 2307910 2442446 2555474 2730621 2870591 3084447 3350071 3782149 4010729 4293427 4494769 4714472 4946631 5136966 91846.57 27685.13 12251.04 6256.381 1890.088 1247.329 408.7143 428.701 27.33352 0.004893718 8.773026e-12 1.772589e-12 7.795748e-22 6.367631e-08 NA NA
948325.2 994469.6 1015788 1044297 1082421 1101070 1126954 1156288 1196481 1215582 1256067 1305175 1311975 1398435 1446759 1493960 1516265 1534397 1591064 1668230 1896379 1985394 2062645 2184066 2267785 2373179 2472302 2649360 2876594 3135723 3315433 3560310 4173291 4433614 4780231 4276150 169806.3 48647.45 9069.289 2570.593 1540.668 6146.896 6425.507 7954.436 3102.258 0.05434852 18.73665 0.8711752 NA NA
1224679 1339218 1394418 1455101 1489455 1527886 1585177 1620226 1689306 1780899 1850692 1963577 2003756 2089689 2134895 2185647 2268128 2333090 2472485 2647592 2763951 2935089 3034747 3249785 3400406 3563850 3712743 3844436 4055403 4102369 3697269 147805.3 139540 82402.1 34025.87 34358.63 38664.23 34423.74 45028.75 27015.56 45623.99 43273.19 35788.65 21529.87 10353.3 6533.858 2478.045 57.24815 NA NA
1386592 1435811 1505226 1540428 1579166 1613685 1669983 1695815 1736998 1774950 1809204 1857111 1916604 1960646 2035428 2074523 2131052 2197765 2270910 2370517 2634302 2753197 2833363 2964570 3105229 3347459 3453821 3351271 2898277 1231592 42636.29 48549.77 28679.67 15568.91 9269.204 3363.411 6081.784 8947.231 8835.183 10727.79 20845.79 9646.567 11318.44 15652.97 15277.52 30317.87 173348.4 1532245 NA NA
1438420 1548065 1581515 1632740 1659406 1787362 1848290 1908462 2046379 2052129 2058197 2117378 2185216 2248978 2304384 2498093 2695586 2825187 2958084 3202015 3443918 3633994 3792090 3926898 4239202 4483890 4897531 4981658 4818116 3929075 338257.5 219807.5 145915.4 139810.2 151723.1 185308.7 180627.5 170508.5 165548.7 151096.6 238233.2 238649.9 143916.7 136139.2 194030.2 19589.66 6760.406 134032.4 NA NA
1281060 1328014 1381671 1421042 1461513 1513895 1559987 1606082 1652849 1706181 1744366 1781621 1826270 1889537 1991536 2045734 2117822 2147206 2258883 2341147 2445601 2533901 2662763 2849862 2972386 3166464 3343225 3532050 3839673 4170061 4417649 4388485 4330419 600555.8 645598.7 758088.8 674239.8 515122.3 303428.8 56997.51 64526.45 96915.06 51072.15 46882.81 55219.14 99645.04 134357.7 121085.1 NA NA
976635.1 1008204 1035326 1086101 1124599 1159565 1185045 1213705 1243265 1280375 1307103 1354646 1395497 1455471 1472367 1485146 1537276 1593743 1652040 1708154 1832027 1940794 2029708 2163920 2335445 2459782 2544914 2770751 2950267 3190189 3374288 3636084 3844872 3623312 681731.9 702193.2 282761.9 245016.9 251275.3 253893.7 230139.3 249677.7 441351.2 476478.6 495810.1 287929.8 45391.07 238535.5 NA NA
1026670 1080941 1126034 1173415 1215510 1248796 1294929 1317027 1377068 1397684 1489061 1565732 1609505 1814493 1851524 1983043 2082569 2159170 2344086 2424872 2528383 2641631 2808143 2915544 3116071 3540728 3747340 4040613 4271535 4499052 5036379 5310808 5427414 4155747 1086424 888501.9 593631.8 621083.4 565554.3 466453.1 530024.2 420774.8 794170.5 469005.6 1212680 2200208 2372599 110341.1 NA NA
1080500 1126919 1147380 1187286 1233185 1275825 1320409 1421807 1459965 1522085 1557118 1602745 1701907 1749988 1839494 1881199 1939567 1968279 1992657 2047025 2099087 2336871 2544613 2647491 2754305 2909951 3144657 3260287 3496124 3937570 4044561 4041375 3559376 1518316 192333.6 116119.7 57456.36 18081.84 3190.382 905.9514 1953.228 4166.878 2923.423 2579.895 20586.44 27769.97 67371.28 26762.44 NA NA
1070635 1164880 1183702 1209641 1240307 1280718 1302441 1333672 1360353 1467614 1538674 1576432 1608466 1625036 1710173 1800551 1884141 1965639 2091956 2382072 2446538 2564531 2653955 2790115 2914112 3107435 3315667 3436914 3671544 3645702 3059453 286716.5 225626.5 137776.8 100201.4 134340.8 153747.3 172009.3 198956.5 275487.6 311644.8 331076.9 435944.9 499101.4 1148490 1910268 4913608 32816904 NA NA
1622553 1664888 1696233 1765320 1796503 1833309 1921324 1945053 2021846 2058671 2104192 2161520 2221518 2291792 2390061 2513048 2608427 2711060 2858098 3153845 3264538 3370707 3505770 3682276 3844609 4015644 4094207 4177853 3746401 1698396 32450.34 29721.56 24690.64 11170.01 3681.482 1655.192 1049.923 220.9222 17.84066 14.03445 0.5385216 0.004393122 0.0004997026 3.082254e-06 6.37569e-06 3.143368e-16 2.216638e-29 1.289526e-59 NA NA
998804.2 1020613 1040598 1084924 1140427 1152426 1214915 1238343 1271654 1331651 1360754 1418373 1464752 1540534 1544344 1624633 1690595 1771442 1893936 2005751 2100423 2241532 2336765 2483191 2581570 2744920 3015857 3145346 3290319 3521680 3689674 3798677 3898099 3315696 46931.35 3796.209 4043.895 5107.887 5108.971 11174.55 20674.53 16470.56 31469.22 33985.17 34577.63 30738 6246.055 2.054251e-07 NA NA
997859.4 1030740 1067932 1088582 1116657 1176841 1207935 1234288 1251131 1265085 1309483 1397793 1514451 1546217 1601723 1662877 1799489 1907556 1987956 2130524 2248897 2309541 2629712 2768347 2903315 3114812 3514877 3863047 4019793 4317332 4523632 5163880 5381915 6094163 5188167 55174.21 34284.62 30698.02 31568.1 42585.41 62434.4 70261.49 81183.86 59472.65 39873.65 187721.2 653560 5246585 NA NA
1306552 1375656 1432449 1469602 1512069 1562899 1595859 1684597 1752600 1843430 1950131 2124126 2203700 2295215 2383001 2452543 2575290 2747094 2874724 3118291 3417508 3569994 3702581 3920603 4167433 4626252 4855656 5098062 5226230 5075209 2697213 111290.3 32392.82 18622.13 10017.97 6607.452 6592.288 5442.296 14957.93 23399.86 22307.21 25689.82 29661.39 34834.8 47250.45 72191.21 217508.4 160312.3 NA NA
985844.2 1024972 1053645 1078519 1107988 1139493 1174024 1201492 1242873 1325021 1353572 1389280 1436677 1470993 1494328 1521110 1533771 1545110 1665622 1806096 1930055 2054636 2174490 2281917 2423136 2535825 2697147 2838964 3171880 3792002 3949410 4169417 4526295 4809348 3290122 319336.8 183731.3 147040.3 157138.6 155239.1 191403.6 236506.3 294876 554221 816103.4 885507.6 1897086 324290.3 NA NA
1257523 1296498 1335532 1359482 1420237 1454221 1474892 1495476 1516646 1562706 1662977 1778649 1793296 1853024 1920591 1989203 2090491 2181946 2315251 2440414 2592124 2682648 2819021 2914225 3064300 3142786 3269375 3277180 3377710 2857528 1206512 30903.39 12120.71 12312.14 10440.3 10555.48 5310.02 2552.118 2153.462 3451.151 2403.055 2381.314 3985.33 3461.871 181.7051 0.2808084 5.329217 NA NA NA
1101035 1161168 1195577 1219167 1248638 1288973 1330058 1357809 1387200 1442782 1477244 1501017 1518786 1533105 1556464 1576674 1625363 1712271 1787799 1852941 1958344 2043915 2202974 2274658 2530817 2710427 2848520 3090721 3401002 3953923 4153312 4435490 4971362 5189803 5376302 4251902 686189.1 468527.1 461751.6 586458.3 682449.3 853012.3 1057247 932025.1 1776765 2662505 1998291 5535869 NA NA
1558647 1624513 1661188 1709864 1749605 1808877 1903770 1946822 1998735 2078881 2164339 2234859 2317347 2354073 2417563 2500194 2725434 2862189 2989061 3077555 3337640 3457229 3633795 3805424 3914852 3985373 4117943 3929887 3287303 428696.8 230538.7 125199.5 81196.62 74280.06 50517.08 25939.61 21920.11 14520.06 19785.77 28030.31 22055.92 12092.66 3129.758 10354.71 29190.52 60381.4 457082 1269001 NA NA
1707026 1780547 1835366 1872241 1945480 2098486 2139454 2279842 2352426 2442659 2503270 2557506 2673766 2717870 2803983 2897978 3048763 3164605 3290664 3438454 3622046 3788995 3920421 4299223 4504261 4705886 4941127 5558290 5363462 3328885 491378.6 497141.2 448162.7 444409.9 422060.7 480724.2 366163.6 338799.8 448454.7 670472.7 830256.5 1057722 919076.4 674684.8 32287.78 40968.75 1504.386 17.72219 NA NA
845771.3 887235.6 910820 949862 987016.5 1032026 1074338 1115624 1171144 1213891 1255412 1308930 1380159 1429732 1471703 1559916 1649171 1685642 1722442 1799879 1834632 1974530 2012019 2114935 2236402 2397900 2541965 3011336 3210856 3414803 3641599 3981343 4378918 5074321 5392284 5136961 473754.4 230818.2 226980.4 187976.9 252332.8 294604 430950.3 624907.3 1270912 4092109 14282107 36477810 NA NA
679494.3 710506.4 735815.9 750237.6 758431.2 771578.4 792680.5 800146.6 814198.6 876450.3 893730.8 905235 959156.8 955211.3 946369.5 946607.4 1005447 1108974 1172812 1262616 1345064 1431217 1499867 1675165 1824212 1930170 2065120 2197266 2335416 2495529 2649076 3231191 3466277 3910212 4221827 4476068 4387772 1582960 31349.03 15465.22 13784.76 9189.704 6866.745 3970.229 11435.2 22361.94 6445.639 69376.04 NA NA
953095.1 1008191 1050250 1077496 1129711 1168546 1200966 1232101 1256156 1295722 1324844 1362821 1389434 1440896 1464822 1488844 1506628 1613521 1661386 1751341 1807933 1986121 2065785 2220977 2366399 2510143 2694308 2889938 3032785 3474160 3702619 4290372 4506695 4040393 417629.8 170551 146201.5 125549.1 92078.7 92715.97 35668.88 41787.04 14650.9 11566.64 29823.34 96439.4 460501.6 5114707 NA NA
883614.3 919346.9 946916.3 977555.3 1010871 1036283 1086300 1114061 1134327 1183794 1224716 1255053 1323667 1386634 1436275 1500798 1539917 1560181 1618609 2000806 2138010 2246301 2358844 2456852 2599021 2789070 2995632 3144910 3255485 3385987 4046922 4481795 4832562 4825437 3835895 49098.8 11547.16 4887.364 1922.431 291.1148 147.2731 369.9104 143.5389 10.53681 0.0003378765 1.118987e-05 5.076597e-07 0.0001134387 NA NA
769413.6 845455 877963.8 934135.6 1005124 1028883 1074671 1153034 1201581 1234748 1275038 1323881 1358720 1392226 1412427 1556136 1618263 1725871 1800700 1924487 1998918 2108524 2226034 2322534 2465546 2590460 2854180 3040675 3345240 3706509 4053791 4518708 4954366 5436691 5784374 6122355 5212632 1387417 977282.4 854466.6 1006218 421042.8 293703.9 255225.3 146438.7 6117.121 49232.75 3944.654 NA NA
1055734 1093499 1133364 1204752 1230003 1268777 1286467 1349163 1416994 1484915 1519744 1565369 1581123 1607979 1662951 1698642 1854053 1977638 2075185 2151226 2319155 2437332 2552344 2673788 2803444 3009045 3260763 3414046 3696034 3946571 4221153 4718958 5010014 5719053 3877005 1874332 1659480 1312697 1128318 1153923 586252.9 518972.3 554494.9 90165.06 194544.1 152854 147.1991 0.0002960235 NA NA
1530809 1641275 1676934 1743913 1787396 1863924 1906207 1958147 2048564 2113352 2148801 2178164 2210893 2256097 2397717 2533432 2637451 2792859 2881257 2992612 3128247 3291659 3558074 3863212 4178685 4381416 4578030 4849102 4745927 2775995 325059.5 221240.2 136199.3 103759.6 103405.9 60643.88 59028.1 38153.57 11959.04 6183.991 2811.202 6281.355 13199.08 51642.86 160084.9 534408.8 943951.7 569199.4 NA NA
1348326 1439747 1475820 1509876 1566995 1604619 1723734 1808428 1864341 1903188 1941812 2051210 2109413 2193696 2268394 2309505 2391142 2470815 2607177 2702181 2860609 2952936 3068763 3247605 3440315 3568655 3826390 4113922 4877047 5067716 5402486 5393926 4319678 213175.7 113104.8 99959.98 57258.44 34925.96 26851.42 8106.671 4102.118 565.8221 129.6291 0.0141373 7.050089e-11 7.233392e-15 1.033005e-18 NA NA NA
1109818 1159077 1233921 1264425 1307065 1342669 1378664 1439196 1474529 1522276 1592878 1639534 1684081 1774568 1816627 1945351 1998036 2090771 2141415 2236254 2501404 2592918 2691583 2825457 2931332 3212610 3464289 4083791 4297236 4472908 4653324 4664202 2930994 82743.4 42557.49 26903.54 9077.783 6572.131 635.0225 10.40083 0.02788055 0.02101792 0.002611213 6.207253e-07 1.612889e-07 9.121174e-06 5.076938e-05 0.03882675 NA NA
1201318 1247450 1338406 1363430 1397946 1458077 1498708 1613171 1649669 1740282 1798976 1836786 1884995 1918509 2039234 2115385 2217035 2280462 2343013 2445723 2586693 2665385 2766975 2904191 3034127 3244461 3479769 3730290 3875098 3957502 4041366 2431860 68796.52 20445.27 9011.023 5697.437 478.9464 39.93932 33.95942 6.398783 0.5660333 0.09500004 0.0002511859 0.001537012 9.862269e-08 5.296903e-07 1.654603e-05 NA NA NA
1056167 1093923 1134018 1159643 1243515 1274115 1338784 1390945 1503793 1542758 1584475 1634504 1687120 1731722 1764221 1806173 1850292 1919334 2029346 2113093 2192350 2298406 2405523 2510613 2656677 2757441 2911465 3282490 3449350 3962544 4281845 4572635 4565534 2340350 92728.26 56102.83 50059.26 32908.6 32185.15 22750.42 6817.433 7949.116 6674.469 11116.84 2220.826 88.32594 0.03164174 4.412632e-14 NA NA
1155182 1205248 1225925 1243685 1273650 1320475 1388102 1421051 1528892 1577904 1611371 1675211 1689892 1713788 1764299 1795557 1782482 1874186 1993018 2176557 2294114 2404488 2539221 2668142 2823510 2940808 3141263 3465135 3816042 4033562 4411380 4878879 5146940 5355815 5463278 3218245 57180.83 82047 78204.43 57163.94 85392.14 80867.77 71492.59 54613.38 59674.83 86273.64 1735.925 NA NA NA
1165914 1285906 1352020 1388977 1435305 1484699 1547606 1611893 1682177 1712857 1852947 1927474 1957790 2030362 2078421 2253708 2292434 2423228 2569326 2806686 2905790 3022055 3194841 3295636 3541885 3683369 3840569 4073772 4531130 4813989 5002031 4578063 1453370 1403523 1338402 1388187 1389661 1331612 1396776 1651733 1673517 2084674 2922637 5001237 5741666 9589110 16945407 23477996 NA NA
825604.7 857952.4 891791.1 917504.3 940641.7 963269 985232.7 1031751 1053473 1082673 1102220 1131293 1190393 1214305 1239192 1297308 1297453 1274162 1336459 1315765 1374454 1414597 1477699 1730153 1822236 1929698 2130491 2212657 2336905 2550234 2653735 2731159 2860349 2727587 2558911 748108.6 7753.714 5057.223 1928.858 804.0491 119.9854 63.38135 0.001692207 6.125001e-05 1.063666e-08 6.648866e-07 1.831811e-09 3.108687e-60 NA NA
1329227 1392711 1442415 1468893 1509515 1534162 1576408 1604750 1630029 1673375 1747891 1807433 1843617 1928132 2015261 2069613 2180611 2305028 2472526 2573235 2753160 2880630 3018456 3206097 3417548 3583355 3787088 3997464 3954931 3518598 863006 1046942 1123909 1210960 1428408 1549700 1668835 1892015 2422185 2715943 3215655 5000303 5670645 8037593 11532624 17574437 27470821 33657281 NA NA
1485983 1561681 1595938 1652191 1727148 1795987 1843914 1897568 1958317 1996906 2045937 2142291 2259553 2308293 2432877 2560519 2648841 2754703 2825023 3036644 3152447 3346705 3467239 3622009 3782146 4018545 4200161 4400931 4549149 4077693 137429.1 125164.5 125673.7 57428.8 29390.69 13807.34 4907.514 3875.401 2830.654 6086.116 6573.571 5425.666 5360.249 2356.523 15402.66 48385.02 454.0237 11.12915 NA NA
1334109 1376777 1435632 1478640 1559179 1590701 1639391 1668093 1726298 1771751 1824870 1868933 1906292 1949314 2000177 2057723 2128017 2194994 2265844 2377503 2536913 2679382 2915488 3114407 3476536 3617858 3788216 3973852 4198953 4378879 3899843 926520.3 536530.7 531922.3 437246.2 597417.7 692753.9 840849.5 905670.9 1002433 1342888 1737751 2722203 4638452 4893772 7561908 9579899 16495805 NA NA
907695.5 946089 980835.3 1024080 1044096 1115659 1140479 1179829 1253532 1275261 1326037 1442772 1471588 1509126 1563973 1636637 1648040 1686312 1766704 1900294 2026060 2129085 2241920 2401585 2530312 2674464 2925772 3062076 3287942 3706218 3890782 4106950 4141683 2944398 785978.7 683353.9 518520.3 461033.7 385969.3 426461.9 392026.1 185254.1 101452.9 78217.65 148366.4 111402 124.6561 8.978133e-20 NA NA
1114838 1155924 1181294 1246357 1288737 1324640 1384967 1462805 1518522 1552796 1580611 1623882 1694169 1728512 1808142 1866015 1922193 2022185 2037410 2058889 2204641 2308156 2428992 2804429 3123493 3333070 3546111 3640010 4268742 4711141 4852886 2205847 42129.46 17762.94 7221.948 2342.879 1471.584 484.6784 53.95889 13.14972 0.09605253 0.03040121 0.03297956 8.324481e-05 8.068004e-06 4.362774e-05 2.199177e-09 NA NA NA
796658.3 821801.6 842729 884633.3 923294.4 956899.5 982602.6 1017240 1044140 1084274 1108474 1135459 1167105 1199112 1242678 1292506 1327377 1358551 1396452 1461397 1479068 1552260 1628459 1751819 1875140 2018928 2163616 2259763 2357219 2525974 2643449 2759720 2930415 3095445 3223842 2952903 392670.2 321677.9 176731.2 221107.5 150607.7 238284.6 469161.1 822524.2 1486611 2635662 4663181 2067208 NA NA
1291947 1364410 1398107 1437143 1470417 1505944 1545750 1630565 1686813 1761737 1829896 1883155 1968030 2000793 2084184 2122506 2163057 2217090 2408478 2528963 2736994 2885542 3011201 3151741 3339199 3461988 3753536 4007746 4220027 4646972 4963340 5589367 6221843 5470641 824865.7 710581.3 512469.6 398353.8 194602.6 95298.49 142283.9 55239.47 83512.66 62992.74 48716.09 1257.137 256.6014 94.91875 NA NA
1223126 1291980 1340560 1394791 1431116 1503868 1537580 1578427 1629878 1679299 1749116 1798514 1840424 1909977 1950444 2041792 2085904 2130582 2264787 2378685 2495328 2608564 2683727 2863409 3143857 3339620 3526386 3830413 4011046 4217380 4364310 3669258 34774.31 9498.507 4891.044 3967.14 3360.379 3331.77 7333.009 4137.066 5588.684 5585.52 6528.435 19405.05 109996.9 224633.2 522635.4 1361009 NA NA
1049546 1082184 1131669 1163705 1192277 1230950 1257576 1284705 1306561 1331765 1364397 1393719 1427872 1448052 1482764 1512951 1539382 1578960 1633724 1715720 1890550 2003259 2093972 2269896 2454031 2568183 2864880 3182825 3335532 3538755 3780042 4050110 5141079 5246321 865177.2 846757.2 661245.3 625277.2 968267.8 1061605 1096374 1053471 1517750 2044510 2715723 5011413 14394722 51042252 NA NA
866257.3 920634.1 947672.4 971256.3 987432.1 1017711 1030483 1051154 1071259 1086572 1114701 1132429 1149339 1159912 1207651 1259091 1344209 1393512 1468060 1509292 1609138 1703242 1799998 1907065 1999338 2101838 2200125 2566797 2786939 2917429 3061287 3112291 3258982 2913669 1950779 152254.6 91883.84 35531.98 24084.14 26857.53 50797.2 47566.38 28078.45 16251.04 618.976 3833.569 13595.17 92.77244 NA NA
1397249 1439207 1494769 1561278 1644228 1725930 1766451 1819808 1873358 1951587 2040358 2099594 2201697 2297031 2381503 2444827 2502022 2589583 2684978 2830741 2926250 3085957 3211023 3356296 3528460 3714729 4513551 4835830 5265627 5723152 6335447 7174865 7518977 2560974 2194961 2413218 2524677 2245270 2034998 1941214 1913784 2522423 2548243 3231934 3179236 1063578 453436.2 1032429 NA NA
931031 962034 1026965 1058334 1100256 1129497 1161029 1193373 1210124 1218485 1248433 1259135 1275576 1306381 1314856 1376354 1469308 1535107 1597067 1705258 1786661 1931244 2036950 2180031 2306229 2442103 2597085 2804578 3101065 3229281 3472142 3668607 3936293 4261939 4503764 3308280 9306.721 3796.777 2522.579 982.3782 489.1565 374.1133 191.6966 1199.297 3304.023 5578.994 30968.5 109388.4 NA NA
894458 927861.8 969456.8 1017247 1056152 1124734 1197828 1236603 1272906 1312617 1377661 1416262 1467928 1526288 1627633 1714803 1754911 1806658 1859925 2089411 2176500 2264536 2376929 2616402 2715132 2856282 3069168 3351081 3640013 4047262 4379827 4586214 4782175 4434671 3152693 307434.1 80707.54 7593.434 624.4069 46.89415 13.73055 0.2510733 0.8263062 0.2055213 0.006568175 4.206548e-06 2.088145e-18 NA NA NA
1439046 1489873 1547299 1585188 1614016 1735466 1762998 1797815 1824791 1874550 1883553 1893796 1921354 2008065 2087547 2154835 2242016 2304583 2421529 2551192 2671853 2787231 2980869 3274113 3414021 3507900 3329618 2810526 746324.9 33751.95 20231.5 15435.62 12146.88 11430.67 8734.677 4249.208 3994.925 2129.51 1088.857 614.953 489.437 255.2817 121.6373 38.90729 92.05606 0.4999751 1.687294e-07 7.018195e-06 NA NA
1385222 1468818 1528485 1575661 1640468 1739490 1784554 1843379 1897375 1954898 2021212 2094377 2138092 2254397 2305321 2318346 2343110 2472664 2556624 2631959 2713622 2832073 3061831 3424352 3682508 3935552 4141111 4410655 4588631 4921787 4930316 4023563 329877.4 210200 171971.4 100147.2 88142.01 43817.03 14613.81 6435.96 10573.62 5904.033 6672.535 10430.44 939.4362 376.6757 0.1514861 0.0179298 NA NA
1374666 1466415 1495881 1521530 1569396 1614280 1653810 1702825 1744795 1773500 1878499 1909198 1956979 2002204 2065597 2179381 2285276 2347648 2501880 2639803 2865596 2964997 3057232 3206470 3388600 3449877 3468390 3352092 2585374 49851.9 15383.95 8286.96 3191.647 1663.34 785.4066 804.0267 345.5532 34.00676 0.5051842 0.004438292 0.04824699 0.04692565 0.004649191 0.001858818 1.639596e-07 2.766316e-11 2.186135e-63 NA NA NA
1564750 1625705 1690891 1743072 1782759 1842579 1910080 2051049 2137674 2199487 2330333 2404678 2478327 2568776 2643538 2791862 2867832 3037053 3265549 3383720 3530150 3724236 3876292 4286269 4600860 4775047 4661461 2933823 152856.6 148332.1 104689.7 79841.3 42827.14 42085.8 35107.47 30399.52 32017.26 20364.11 9630.048 8439.437 5012.056 7915.507 5061.344 22414.16 37935.52 87755.15 175049 408637.9 NA NA
845762.5 882972 925253.2 961533.1 1011326 1046842 1076486 1114652 1163336 1230566 1263340 1286540 1282632 1293840 1354506 1464743 1455890 1406180 1464959 1556154 1666031 1797751 1900947 2113376 2222158 2365269 2528955 2637841 2814044 3017077 3101581 3512104 3856561 4106808 4755352 5514226 410754.2 216733.3 182383.6 168817.6 141809.7 141643.9 49753.9 6548.985 36177.24 14876.08 4.683665e-32 2.693812e-15 NA NA
1435254 1487987 1517685 1552674 1595251 1661513 1701782 1730011 1749674 1791588 1908393 1919474 1978665 2041767 2120746 2209723 2288149 2442819 2516197 2637968 2739970 2856363 2955270 3115734 3263122 3476653 3758520 3747396 3636871 1990227 75036.74 56041.79 30188.6 7093.286 1206.174 478.9962 80.32482 8.210228 1.830268 0.1764349 1.141106e-07 7.341102e-09 1.323815e-09 2.318029e-11 9.167474e-18 1.810705e-19 7.486814e-27 1.84949e-88 NA NA
1577003 1660264 1686982 1743802 1819854 1854991 1949541 1990228 2054947 2106642 2186205 2242690 2284023 2323695 2386624 2435453 2656907 2735148 2843699 3110166 3253752 3427426 3771139 3932240 4280912 4506495 4629533 4663665 2760575 161853 72819.65 43683.69 33773.92 9651.953 5417.728 6909.043 2775.332 3397.767 1137.861 2712.588 1217.367 1927.933 6907.88 16667.77 78501.18 147616.1 238616.2 1075288 NA NA
1114124 1180654 1209332 1271682 1303895 1331859 1416075 1443485 1495881 1545262 1586652 1654951 1691463 1804177 1859876 1915006 1991127 2024025 2106902 2264674 2376158 2499302 2634621 2883526 3088848 3215741 3345572 3631938 3945002 4273558 4572660 5378032 5857822 3809145 66712.57 29905.32 23921.89 36561.4 38001.98 49456.49 61140.45 56261.73 77811.13 150808.9 213277.3 538658.3 742555.1 2431565 NA NA
1255785 1322590 1363598 1400546 1463482 1503340 1548373 1573036 1631778 1661785 1690255 1700712 1741647 1784446 1829965 1911764 1974781 2119552 2322504 2536842 2626265 2920047 3037866 3469452 3775099 4095850 4645045 4874424 5125897 5678640 6086847 5700889 334980.9 282531.6 252682.7 221567.3 180053.8 159209 182551.6 283227 342747.7 359180.9 547830.7 586162.8 986820.5 1832499 2433391 9346367 NA NA
1784816 1844008 1887011 1933991 1986469 2024589 2179598 2310451 2407135 2528408 2623365 2753076 2909865 3028817 3148930 3314643 3450713 3602745 3873466 4002446 4218945 4397494 4768419 4888059 4687925 3567859 248872.2 201249.4 161557.9 148998.9 152955.7 144727.2 143796.9 165915.2 145759 164669.5 129222.5 100143.5 91142.51 103968.1 49371.22 54055.77 71046.42 84632.4 12638.15 52639.18 6109.141 2.964333e-14 NA NA
1232000 1285109 1304899 1359316 1428415 1471832 1524132 1601254 1651859 1709723 1744355 1772091 1815520 1865058 1963263 2019135 2126003 2235753 2364228 2439806 2550502 2656082 2756978 2920607 3131949 3256361 3411745 3498540 3691677 3592406 3121289 270852.9 194800.9 152589.2 112823.7 89571.4 49175.94 24543.1 20167.57 17416.68 11410.86 8189.792 4067.307 3037.584 3087.747 1891.114 1062.063 38747.4 NA NA
772612.3 806736.6 849651.8 871093 900742.9 930318.5 950674.2 977296 1019431 1045396 1087575 1106668 1140818 1168324 1203333 1245179 1255768 1259701 1321359 1398115 1500107 1624311 1690472 1792080 1908292 2042067 2159922 2363557 2458404 2644694 2892510 3115517 3271844 3488801 3753587 3852429 2778408 320717.6 365751.5 200135.5 105509.2 79795.14 47561.64 48606.55 3701.207 63.74949 0.001779553 NA NA NA
960588.8 1014808 1046226 1075085 1100673 1177546 1271599 1324566 1361544 1396770 1442237 1512454 1552591 1588138 1676678 1832601 1959804 2063870 2142483 2166689 2324997 2430436 2552618 2679025 2819696 2924781 3107644 3431575 3678266 3952662 4187042 4508999 4616665 3871272 1363014 1017139 575286.3 683024.4 781426.1 799216.9 878113.4 1595166 2802224 3655908 3944043 4483570 4618447 16603805 NA NA
1061853 1097713 1121164 1152872 1182247 1216913 1248393 1329578 1361605 1407266 1441746 1478997 1560625 1608741 1619684 1688289 1743176 1837220 1939379 2060137 2155567 2284362 2375495 2558148 2701421 2797870 3045881 3252364 3429566 3624876 3833656 4212184 4249247 2442086 2349.673 1776.501 1135.307 1722.72 2064.415 3064.839 3759.857 7545.7 13734.45 18570.73 68873.91 116166.7 131547.5 112447.9 NA NA
1240738 1287964 1316091 1404506 1444928 1474444 1512313 1546131 1614191 1669320 1700267 1746344 1798391 1949520 1989771 2082053 2139342 2219770 2299129 2412905 2520093 2602118 2747352 2862867 3090703 3383114 3595862 3861700 4079057 4181855 4116048 2292890 16809.63 6976.682 3616.387 1975.699 884.126 861.2096 1436.706 636.5226 650.9045 659.8299 1436.547 4.063338 6.062806e-05 0.0006058477 0.01882203 37.82136 NA NA
728539.7 769625.2 785374.4 805377 828946.7 858976.4 904507.9 930592 972588.5 1008390 1035585 1074525 1174519 1225135 1290593 1314480 1390238 1427361 1462567 1497411 1588114 1657255 1739122 1806034 1908256 2045854 2200385 2390314 2513794 2685773 2874187 3072056 3284555 3472355 3706095 3884832 3459197 864549.3 723014.3 914130.6 1030493 1010461 2130194 3570519 3030792 161879.9 1083106 30.08969 NA NA
1120923 1176129 1220311 1247032 1292104 1353728 1410000 1444254 1473706 1525628 1611151 1669509 1697603 1767778 1795383 1800186 1807324 1823012 2097930 2194828 2293598 2473808 2619248 2705947 2861138 3055312 3173871 3391899 3528054 3711155 4134183 4451187 4756370 4152323 847212.4 612281.9 670230.5 772263.9 864562.8 867300.5 970978.7 1065864 1072129 736714.8 1636839 1365237 3103717 10023056 NA NA
781212 808957.6 829076.9 845531.1 868305.4 890092.1 919742.7 942224.6 971848.8 997690.5 1032195 1066495 1158009 1197889 1218461 1234416 1256028 1317312 1368215 1422046 1509162 1651925 1754630 1850110 1999281 2079460 2244788 2385870 2559278 2777661 2938136 3127703 3428188 3617485 3972224 4303415 2932467 83760.95 68455.43 20161.42 16824.35 14660.42 11122.21 37565.51 143655.6 160569.4 92174.52 975283.6 NA NA
1471101 1531572 1587744 1616135 1680557 1706194 1729445 1755410 1803013 1821824 1900579 1906641 1994118 2072893 2181586 2230788 2289951 2392241 2470646 2556032 2656404 2896507 3018910 3078180 3141487 3335159 3558462 3599392 3683794 3230739 3132157 910388.3 795238.4 921903.5 845442.2 918036.7 852492.3 1151539 1102559 1533148 1553820 1936609 3189569 3953378 4348942 2442952 345016.9 0.0001954784 NA NA
1015715 1068446 1101255 1133838 1205394 1232855 1258985 1376810 1405645 1444602 1475864 1519395 1609960 1676213 1742059 1816800 1860746 1969700 2072358 2175426 2376715 2481937 2682582 2832653 3049591 3235342 3425477 3566089 3783578 4051118 4227706 4147242 3720648 370288.6 264804.8 218504.3 165932.7 168695.3 155153.7 143669.7 105432.1 97066.36 141900.9 18209.78 455.0583 255.2455 0.1667891 268.7855 NA NA
925525.9 962207.1 983693.5 1024510 1062809 1121932 1163683 1248165 1273231 1309590 1340769 1396483 1490547 1575006 1647280 1715821 1756782 1805606 1890661 1920057 1969656 2071549 2191455 2324085 2435943 2609759 2784893 2903338 3071512 3274570 3482222 3659711 4083927 3981506 3385405 1141604 1112764 970526.1 970514.6 1178470 1119608 1487144 2472374 2638990 1510252 660651.2 629156.8 94620.68 NA NA
998192.5 1045047 1077112 1116356 1164348 1226753 1271077 1308439 1340427 1378142 1418599 1469347 1513141 1580079 1668288 1725528 1812221 1899987 2038824 2293915 2379879 2471380 2600802 2772765 2951599 3125932 3239747 3352161 3907172 4121785 4359653 4782807 4928079 3823366 269960.2 165768.6 99558.32 71342.05 34818.58 5586.048 1659.751 27.48212 43.15167 3.551497 0.06197898 0.3706666 0.3208693 3.252848e-58 NA NA
997805.8 1035889 1078874 1109668 1138710 1187616 1210237 1252727 1303932 1332118 1406810 1430914 1455698 1461794 1474585 1519714 1587205 1677021 1790221 1865611 1933697 2027577 2224407 2400224 2597503 2814178 2984875 3334379 3463882 3960593 4170647 4595794 4535439 3683507 29948.46 13360.91 5285.62 1264.236 1524.224 2763.614 4028.028 5240.473 9277.929 41439.95 37887.9 25827.13 37344.39 42742.56 NA NA
1373027 1438618 1470417 1514868 1556219 1600772 1632401 1713913 1782961 1874229 1924434 1980595 2066373 2133984 2270880 2329330 2370424 2408413 2469214 2564197 2661223 2934909 3124419 3238819 3381523 3573921 3738970 3955678 4176238 4112575 2497834 105094.5 40530.54 27865.82 31103.25 46850.21 54582.82 55327.17 57082.49 105618 92396.1 140473 279022.8 507201.4 1193124 712707 162591.6 0.07364092 NA NA
1151922 1191147 1231115 1296325 1324923 1347435 1379099 1420630 1465099 1489400 1518902 1564276 1590681 1610678 1619562 1673090 1726617 1789231 1869985 1937464 2023243 2078929 2178486 2251123 2397549 2501509 2618736 2684678 2815237 2745544 2267874 1003579 62625.5 39997.8 35482.92 26078.55 27029.1 58311.73 48871.79 63539.91 42586.2 20260.07 6489.443 4681.382 498.7996 1.087201 3.220732e-07 7.667897e-12 NA NA
963652.9 1006258 1042925 1093685 1129662 1156170 1208205 1245535 1279533 1315106 1356059 1394433 1446058 1487711 1518353 1627901 1706526 1743022 1810814 1932679 2042791 2118512 2203048 2481528 2576710 2702129 2876194 3037949 3275918 3540159 3802821 4292844 4177402 873656 811127.6 911018.7 928511.2 1218479 1556164 1395798 962491.8 582554.6 781099.8 1309233 1267416 1107920 284813.7 1547641 NA NA
1090039 1121443 1154470 1180169 1204146 1227956 1250545 1323597 1377143 1408967 1467749 1502692 1527790 1565182 1593201 1599012 1606119 1644486 1714482 1793961 1864425 1983230 2067252 2158395 2256550 2434092 2633515 2820319 3226700 3522793 3822061 3949494 3603350 642881.9 518171.5 457961.9 433299.3 343072.9 391205.9 366655.3 390696.5 426403.7 585290 595342.3 404913.8 484658.7 3489534 1639903 NA NA
1614137 1694592 1761326 1795865 1884454 1926808 1991723 2058052 2171540 2228000 2299013 2378203 2448286 2515741 2670855 2877738 2940014 3023258 3123397 3267876 3434052 3670097 3866571 4074665 4207167 4676872 5187850 5049147 2866657 464815.6 349794.4 209729.7 121829.9 65183.33 40019.46 14003.13 2904.728 4934.986 6263.825 8043.841 5734.196 826.5436 1671.317 431.6595 0.0001623713 1.265414e-10 1.098856e-51 NA NA NA
902284.2 963048.3 989479 1000892 1012607 1047144 1055948 1079890 1092991 1103614 1118480 1118609 1122015 1147815 1199830 1240634 1319105 1387537 1457082 1583632 1683270 1755834 1835395 1934638 2036131 2199266 2288693 2415698 2593317 2722363 2922170 3161312 3408004 3631857 3945469 4210513 4288081 590231.1 607935.1 405984.8 420907 289415.1 116562.4 49564.3 23527.35 38390.58 260821.1 887993.4 NA NA
1288149 1348915 1434463 1473173 1541285 1613881 1668958 1754860 1842067 1896523 1942525 2012566 2082646 2121757 2214976 2429998 2567720 2641889 2709450 2815618 2977195 3156758 3261713 3480468 3630278 3865753 4339498 4621134 4948060 5216657 5787988 6228833 6550743 4626548 154867.5 66018.86 60321.99 33895.62 42114.9 44400.36 30519.81 67522.81 74263.85 141492.9 191051.7 78609.53 34593.43 0.001370017 NA NA
1068404 1099758 1135399 1152533 1192257 1234900 1313783 1361506 1380068 1427938 1474174 1491826 1607174 1633186 1643317 1777926 1844428 2009712 2111352 2236979 2322606 2484791 2658945 2788469 2930897 3080362 3236551 3402292 3749191 3929693 4097254 4400756 4447882 4070830 587464.8 615527.5 712926.1 755839.7 677894.9 654609.9 786298.5 872421.5 804094.9 680933.8 2076737 2665276 5827567 17302526 NA NA
1238973 1288793 1335526 1369425 1405863 1462602 1502555 1539403 1591220 1696085 1743698 1817131 1859243 1902226 1954229 2058207 2139795 2201417 2288146 2380014 2488602 2621896 2769299 2876879 3014543 3394355 3518243 3680222 3958436 4254756 4674511 4827394 3291508 564714.4 410291.7 371997.7 293046 243916.6 316197.1 451173 361048.1 371985 249770.4 172094.6 64463.68 178415.4 87929.73 5.633853e-05 NA NA
1040002 1077014 1132318 1170234 1252788 1304741 1347316 1390477 1495901 1564454 1611375 1709499 1777182 1819246 1910590 1961092 1989346 2140458 2221780 2362671 2427753 2550256 2740174 2833499 2934521 3239140 3460304 3633594 3924981 4274559 4544158 4791212 4726285 2935773 14282.71 15631.49 6938.867 9636.71 10700.06 6944.643 11599.62 16930.91 20550.5 17350.49 2708.132 16489.7 100896.9 134709.3 NA NA
1203359 1262662 1344167 1395311 1462901 1488118 1574137 1638766 1682420 1758509 1833628 1884395 1972009 2059704 2135763 2193679 2285925 2456747 2589325 2726685 2893037 3002568 3167770 3291873 3436192 3893724 4086565 4407110 4668942 4924001 4861101 4030358 217564.9 109240.5 32519.83 24899.29 18304.73 23810.65 36490.98 35247.7 52629.67 44025.74 77651.49 147194.7 133545.3 132141.7 698316.2 2267082 NA NA
1247422 1375545 1410244 1462097 1504362 1530217 1563350 1610504 1665421 1751403 1819096 1898416 2006573 2112688 2175000 2280310 2401323 2446796 2534624 2642296 2756928 2867573 2940379 3094480 3278555 3500896 3671468 3811119 4156124 4358000 4479291 4005585 233238.6 97155.64 35896.37 13296.29 10182.72 12116.35 9194.838 12644.89 18666.4 12221.39 8462.9 22604.62 63404.87 202062.8 313358.7 46406.65 NA NA
1310808 1370245 1401642 1439589 1520742 1562564 1622514 1669458 1725198 1825188 1877111 1931093 2041363 2096488 2139541 2212736 2272870 2352296 2540185 2637355 2755539 2892579 3058501 3235634 3630365 3863537 4110737 4630452 4832704 4872300 4218394 267412.2 131699.4 45481.69 50210.18 19168.61 6741.155 2349.17 1937.168 456.4011 20.76785 70.73055 75.79384 16.63581 0.07452734 6.997341e-15 1.338457e-16 NA NA NA
1002142 1056432 1113930 1146702 1214290 1251428 1284291 1320546 1359719 1390428 1451374 1498940 1530943 1609873 1666317 1710358 1791216 1853341 1872698 1960143 2048685 2189164 2424724 2523399 2851407 3075695 3420408 3695276 4038512 4506700 4918217 5038320 5248661 602051.8 94130.76 82513.64 33043.71 4890.123 1501.756 1674.048 1161.749 2407.035 2767.299 896.428 388.8776 12.52474 6.904297e-05 1.799034e-13 NA NA
1268523 1307590 1346448 1376979 1456721 1506517 1554591 1616367 1657825 1686917 1742647 1815923 1844337 1878061 1894665 1916764 2033878 2139652 2241625 2338860 2418224 2525499 2668626 2909970 3041734 3264155 3583736 3839748 3915151 3808854 2562233 618485.7 328274 374817.8 442743.6 399379.8 374528.7 277066.2 259574.9 163570.5 184652.3 97319.83 3252.922 4033.628 2551.224 537.7117 3.343119 2.828676e-09 NA NA
1238621 1295657 1336185 1367292 1484367 1558230 1608786 1685061 1778060 1896439 1984132 2105381 2162495 2206142 2268312 2418136 2478001 2529948 2710517 2839705 2923299 3138779 3434241 3591261 3877505 4044203 4396828 4605246 4923441 5235957 5374183 5017410 3435366 720700 577946.8 468583.7 347485.7 203851.2 123509.4 72237.19 31791.47 16111.92 7838.506 23062.96 66783.3 53277.04 708.7009 1.622547e-11 NA NA
1438128 1494902 1578829 1620351 1704434 1753169 1769274 1806312 1928859 2054511 2080059 2151057 2233864 2283693 2355259 2428620 2501895 2610997 2711591 2793397 3015356 3139582 3336009 3462182 3592509 3599331 3977932 3851020 3816940 3954558 376318.9 265821.7 216030.7 288551.1 202992.7 117527.9 45827.19 34913.8 41509.81 32207.21 49860.79 97549.53 209845.8 367727.3 591734.7 1266043 2809079 1040095 NA NA
877272.1 911568.4 937244.1 983849 1017926 1074221 1106432 1139145 1163283 1186931 1214015 1287543 1315046 1413886 1420484 1446953 1505880 1555206 1612312 1706303 1803155 1880083 1982386 2080830 2167232 2407309 2530269 2670111 2952855 3090749 3324635 3565488 3742979 4153934 3749445 187683.3 169641.6 143071 103868.9 60767.64 40805.35 30502.4 2138.84 2367.764 439.6695 970.369 53.7979 230.714 NA NA
944758.2 1013675 1085069 1157328 1190146 1220665 1248301 1297323 1342876 1370933 1410128 1470894 1552039 1663711 1741388 1779534 1821819 1980591 2101005 2202678 2289761 2357036 2475710 2755590 2898635 3017845 3176665 3323193 3493414 3686205 4232569 4812461 5415116 5751565 5661068 256728.1 41736.54 21296.8 17306.35 12362.38 11128.94 4140.601 5411.164 13529.18 2994.273 786.3861 7279.559 1530.204 NA NA
1286340 1375617 1434176 1473438 1516685 1561345 1594851 1650700 1716058 1892304 1947457 1991870 2011684 2028534 2064480 2096648 2166912 2222319 2339011 2471253 2669361 2800502 2928429 3034103 3148060 3297709 3540395 3720012 3918626 3935480 3667343 1684716 114199.5 92821.06 33278.34 8306.838 2063.166 261.8364 62.1365 2.724772 0.2574925 1.459482 0.1436734 0.0001056975 0.0001918678 7.357797e-17 2.189538e-24 7.122774e-16 NA NA
743317.1 770563.5 786649.3 835101.7 853863.4 895718.3 930915.4 949027.9 970829.9 998208.7 1007038 1047001 1053543 1076149 1090278 1089848 1080297 1116329 1246660 1309456 1399924 1523219 1630728 1745746 1889094 1987961 2161444 2247283 2373794 2535527 2687589 2925977 3118105 3308347 3604356 3806917 3470159 510265 110109.4 52841.13 28489.89 39150.72 13216.45 38113.99 37395.26 2214.11 0.000672193 4.49045e-98 NA NA
1002596 1041718 1077396 1101895 1161497 1190939 1237425 1288990 1409756 1435277 1481332 1534228 1590194 1702228 1769673 1828048 1939870 1988754 2039981 2170623 2284045 2349381 2488802 2605032 2734648 3167681 3439901 3840204 4059863 4293468 4685040 5096503 5545971 5733966 2548848 1777167 1176359 921980.8 1077964 1288879 1336293 2007287 2108804 2679374 4133550 6086678 10025326 30834352 NA NA
1055623 1096828 1121329 1140220 1165060 1195024 1224627 1239896 1275658 1283756 1318362 1389257 1406747 1452226 1458507 1522364 1603295 1779605 1831002 1909226 1992872 2089315 2254508 2319512 2407074 2527150 2781284 2894847 3076703 3373082 3564584 3874606 3788831 2117770 194835.8 137507.1 94033.71 44941.05 49314.09 47925.02 90890.41 102875.5 37444.79 1769.17 3305.841 19.19997 1.592068e-52 6.728254e-76 NA NA
1392156 1449396 1506004 1608141 1689708 1730875 1773156 1861757 2135301 2195600 2247608 2317412 2428277 2496086 2529791 2608479 2684035 2808188 2960363 3077456 3204936 3426625 3977346 4145468 4537635 4770316 5304813 5714693 5964912 6153763 6597854 6466911 4540075 20246.72 5293.382 3502.505 2221.065 2175.913 1720.639 1299.849 565.6777 297.3819 71.04628 160.0138 116.602 3.478373 0.01188097 0.01009022 NA NA
1535084 1598776 1625226 1658344 1773737 1815033 1872615 1962229 2073718 2171301 2218903 2275779 2329617 2381439 2506542 2611250 2689137 2827766 2933154 3141479 3261690 3469633 3690675 3890386 3922345 3740535 3183645 340415.3 186662.4 172214.1 116667.4 83686.04 53370.17 47358.05 41845.24 45998.56 33778.13 57163.36 60900.22 36706.75 60302.75 39973.9 22854.82 11585.16 5337.688 48.69525 1.720215e-17 4.160175e-11 NA NA
1212924 1243200 1265581 1303095 1342774 1372106 1432867 1461200 1516844 1567883 1598077 1712603 1821904 1865292 1893121 2021922 2100108 2266306 2382693 2458557 2573750 2847604 3022823 3151122 3347383 3609828 3853201 3989888 4211809 4518776 4840007 5165968 2945507 1040579 934201.8 934651.9 730669.6 485919.4 414482.1 385693.3 665157.5 671732.8 897992.6 1167640 781585.8 83815.22 991.282 142429.4 NA NA
729396.1 765966.8 790504.5 823403.8 843541.3 884053.8 907193.9 927641 996544.3 1030429 1060517 1201450 1226181 1257096 1287562 1366779 1453956 1572752 1636024 1668168 1695458 1869293 2053259 2140886 2252285 2380789 2521816 2706844 2869333 3081603 3379862 4051685 4330770 4561779 4677482 4757044 550281.7 15731.19 10959.81 2704.371 0.9242492 2.680329e-05 3.706182e-11 5.00119e-13 2.098788e-15 6.725411e-43 1.039622e-52 NA NA NA
964982 1001563 1014235 1023735 1074293 1138106 1176626 1196851 1248513 1280118 1320877 1335178 1375368 1352530 1430719 1535395 1473044 1500193 1538967 1601416 1704522 1849958 1930718 2040741 2151402 2271529 2391801 2539357 2841373 3007636 2965699 2908680 1368020 102587.2 63181.53 54238.9 62807.43 71942.98 67569.84 56481.19 54850.91 62585 64322.92 63124.49 105652 64004.1 99771.5 32926.18 NA NA
1291279 1348139 1376961 1405286 1453827 1551278 1602538 1628273 1671483 1748055 1782892 1855914 1897910 1934245 1974356 2018488 2073207 2173244 2350009 2427395 2505734 2696175 2789871 2948566 3049320 3242415 3585375 3874538 4103268 4646582 4905026 5813817 4985078 953931.8 436991.5 202135.7 29958.94 8949.22 7875.708 11258.66 17242.04 16140.66 3132.892 0.04698384 0.5312984 0.005249391 0.06171854 NA NA NA
637669.8 674297.6 701589.9 734239 744228.5 785230 823664.8 821274.3 860393.9 865626.6 931596.9 959315.6 1072829 1101776 1114655 1269145 1282858 1253644 1408215 1493107 1661254 1739283 1845415 1931953 2032521 2150446 2234507 2432060 2561502 2699339 2733240 2754693 3242164 3276523 3068517 3292826 663380.9 598463.6 641333.6 745246.9 958768.7 1193202 1655944 1952436 2879672 4433144 3846645 3126031 NA NA
1205119 1252802 1287902 1314469 1359588 1388560 1433501 1454477 1491493 1553631 1581133 1613217 1647217 1731993 1789421 1940456 2008687 2080403 2212003 2291864 2389453 2588653 2721667 2874573 3039532 3182378 3349770 3593365 3854778 3969108 3904377 3135412 106242.9 60197.32 62903.69 61454.37 52323.02 50522.34 41941.63 59024.49 57191.79 53303.54 84529.54 70532.15 75783.94 130182.4 459977.3 1409872 NA NA
1022486 1075970 1121422 1173300 1228219 1284695 1348196 1412796 1455451 1571360 1654966 1746642 1807093 1862101 1922721 1988073 2092098 2207229 2292517 2445927 2636047 2728259 2851573 2979112 3191075 3330417 3728887 4058313 4383218 5005135 5523996 5694198 5980321 1439584 1449622 1459378 1295327 1537279 1733607 2430768 3250793 5158009 5957701 6555291 8759672 14979656 19375614 13032406 NA NA
1161927 1208160 1248617 1334256 1357214 1380127 1401525 1449997 1460900 1504344 1556403 1699445 1834965 1906647 1947308 2005128 2142565 2209635 2354026 2450250 2571171 2708728 2862062 3063901 3167886 3323434 3710880 4018077 4217689 4747610 4651462 6032334 460006.4 363841.6 250085.5 285069.7 311591.8 284692.9 330370.2 299688 387005.4 327499.9 375044.1 459116.2 932915.1 1144226 5285643 15179.17 NA NA
1134427 1209588 1234550 1270371 1319383 1348988 1396973 1453512 1514940 1586181 1625715 1670205 1709571 1746118 1787992 1817521 1887753 1970581 2038909 2172995 2335230 2518979 2655172 2745342 2983196 3084061 3083446 2996811 2554768 803994 14372.57 5644.226 2764.927 1754.419 1736.138 1793.651 2562.31 2212.986 2089.85 3177.672 3128.004 1088.11 1850.153 3356.519 6425.263 3059.351 31.3198 89.97619 NA NA
1229290 1304039 1337505 1402195 1438552 1470525 1519016 1603053 1647477 1731570 1785132 1868392 1948036 1997677 2057509 2083579 2179383 2272404 2418908 2514861 2647076 2727425 2848120 3054714 3194659 3707626 3888797 4224140 4536184 4467865 3734329 840371.4 476554.8 478817.4 350122.6 247175.9 161970.9 94209.62 99905.4 151216.9 149027.8 146811.4 126553.1 181412.4 265521.6 785154.6 1107852 2870716 NA NA
1633896 1764236 1809054 1857274 1929581 1980074 2048911 2098339 2187386 2247997 2306003 2340418 2376886 2460953 2513895 2602853 2706120 2831806 2967315 3086544 3218867 3450593 3788298 4211058 4406935 4756997 4799736 4399996 948780.9 626832.7 572965 430522 489451.7 257140.7 127146.2 132750.3 113019.6 154487.4 194419.7 224206.5 261689.5 385725.3 484939.6 581110.3 488871.6 523083.3 1251385 10337.29 NA NA
1279231 1332497 1383507 1431078 1503607 1572389 1614828 1649794 1738858 1884531 1980955 2058647 2117790 2308131 2423825 2479139 2667654 2739352 2846284 2983569 3218496 3337895 3462059 3675060 3795379 4043026 4232736 4351072 4836448 4641112 3111169 860566.3 783984.1 770449.3 901795 962840 1076923 977422 1081392 1170918 1244595 1395269 1136295 358995.9 742964.6 1071786 51938.93 NA NA NA
947292.2 1008185 1030124 1071034 1103926 1133008 1160466 1184092 1247942 1296195 1333340 1374336 1410115 1457357 1516106 1552464 1595956 1709759 1751184 1772178 1870845 1949875 2035600 2124562 2222070 2304207 2600299 2794521 2923649 3165166 3302921 3799959 4168859 4264894 3183310 250363.1 164923.9 152232.9 138523.7 137392.7 175323.2 277059.9 336839.4 427037.3 574220.5 644307.5 1664593 1878444 NA NA
1096608 1144925 1176147 1222616 1253474 1281958 1353546 1433789 1485546 1534273 1568836 1596108 1625687 1668190 1700873 1725934 1780858 1838640 1902125 2006634 2104749 2212589 2316199 2818502 2943450 3097581 3275428 3497933 3902440 4045886 3816181 2155391 21230.56 7500.063 2711.176 309.5822 16.846 11.79379 1.72333 0.02423743 0.05783032 0.01238639 0.0002802321 0.001514582 7.160875e-05 0.001965446 0.004602766 0.1034841 NA NA
1019015 1069270 1097265 1125112 1173430 1196409 1231291 1259914 1298302 1346154 1368618 1399551 1463909 1504503 1564483 1615513 1652685 1739872 1814536 1956298 2149783 2232661 2384622 2486716 2575123 2709185 2834872 3078022 3225794 3455896 3577215 3501836 1742716 170525 183767.8 213193.2 236664.4 244620.9 251316.3 347570.8 436437.1 356524.5 548913.8 725072.4 1313272 1011710 2239449 2447935 NA NA
842216.5 893296.1 912497.3 941576.2 997713.4 1047139 1095748 1122072 1144203 1224361 1241986 1274280 1293204 1311016 1342698 1384240 1425956 1480406 1546105 1614081 1703055 1803019 2026303 2159743 2285692 2386291 2535732 2745664 3134360 3529467 3672235 3861626 4086729 4099200 2296418 1663.476 610.6939 72.48676 10.16008 4.886391 7.61427 0.1917322 0.005053193 0.002458791 1.726639e-08 2.660319e-09 1.304324e-45 NA NA NA
1214393 1279400 1317780 1363164 1402827 1438184 1472082 1529215 1608220 1656789 1700377 1744198 1812129 1882511 1957834 2048978 2194797 2354797 2402078 2468049 2550633 2635289 2709035 2814981 3025852 3231282 3488978 3719657 3865196 3970094 4331936 4223560 2277206 54120.23 15504.47 6810.368 8020.356 9404.751 3933.536 684.2925 422.6052 223.1698 193.2128 289.582 919.1501 2740.594 31845.46 232532.6 NA NA
1481854 1553117 1602829 1678570 1707793 1771139 1833059 1880321 1973552 2002804 2060213 2068052 2132727 2153165 2220531 2350902 2465226 2641001 2757921 2878830 3016237 3245721 3485451 3597449 3941046 4302750 4481638 4380203 4431814 4300485 790407.3 546264.9 516400.5 535115.9 416627.7 299642.3 237059.9 185907.9 137935.1 152065.4 72192.45 13414.03 6101.757 15583.35 21571.28 117500.3 188337.4 2038809 NA NA
1069689 1115354 1143337 1191933 1217838 1260019 1308586 1387704 1426670 1487455 1538003 1589727 1656647 1707735 1753100 1827031 1861526 1929297 2016376 2093309 2206080 2300835 2430506 2693968 2875114 2997296 3152085 3431497 3825612 4013558 4441384 4693064 5165644 4930760 502037.7 238797.7 85410.46 8758.098 918.5481 208.3053 110.7944 31.09627 8.601046 10.92175 0.5402107 0.2513566 0.0006753389 0.007467726 NA NA
1576154 1666689 1766528 1814960 1879653 1952771 1995468 2053363 2132396 2168277 2198944 2207564 2234458 2330229 2471902 2546513 2656751 2751750 2946006 3039153 3133904 3226211 3381999 3684487 3977086 4087494 4234013 4022996 2777266 13760.35 4246.092 1224.476 299.6626 103.835 45.09148 22.90711 4.079852 0.1448141 0.001891976 0.00123148 0.0006959583 0.0003873325 0.0002447432 0.001190269 0.001816698 0.003676573 0.0004163883 0.06506007 NA NA
1183455 1226925 1292979 1325737 1358219 1408271 1430218 1467329 1595400 1624440 1633026 1697898 1726092 1744276 1806221 1938964 2007319 2108291 2194631 2353906 2644100 2724673 2840745 2952728 3090143 3194166 3571417 3720016 3941108 4505521 5745541 5868496 5931534 5183772 636997.2 443533.7 333866.1 236353.6 245269.4 392001.8 439715.8 294586.9 316562.5 442223.5 868103.6 906421.9 2112855 10711837 NA NA
1066913 1105480 1137958 1160649 1202769 1244993 1283995 1320675 1369700 1397911 1437590 1518266 1566926 1623588 1653622 1716796 1814777 1853920 1994906 2148881 2324585 2551451 2686640 2891127 3037450 3225475 3373536 3511970 3632363 3783860 3865991 3853171 2950885 122491.5 54849 29597.4 53091 33840.38 21448.45 10523.89 7176.188 2670.468 128.6626 22.73881 15.30458 1.776905 368.9037 2282.427 NA NA
1262618 1339720 1383113 1460270 1511777 1538948 1600084 1654957 1715698 1805976 1884899 1979761 2035492 2107343 2157069 2251237 2305134 2374700 2428197 2465050 2671279 2771561 2887761 3008165 3215044 3331038 3518182 3845936 4087561 4291306 4512367 4805133 4403090 369914.9 117889.4 39669.62 13271.34 18994.56 10779.9 9726.394 15357.6 15901.15 19375.77 17792.89 1983.259 111.9713 46.88966 421.8634 NA NA
1248588 1304286 1354724 1398754 1427267 1484579 1527358 1605071 1658453 1708961 1756079 1820067 1871516 1915660 1969266 2008112 2064444 2109532 2188712 2265543 2326375 2648167 2870133 2962784 3181434 3385645 3751285 3951184 4046084 4222686 4058650 2940704 12219.02 4369.362 824.0299 1065.565 93.15286 49.60723 23.73243 41.10684 18.06617 13.90543 17.03233 6.488063 15.61562 14.8843 1787.205 2987.854 NA NA
999276.8 1030417 1078042 1109743 1142261 1163559 1213423 1239064 1277174 1301182 1326091 1435099 1476041 1645909 1733854 1806029 1880470 1995523 2083239 2162976 2276795 2393152 2518583 2644949 2820051 3065823 3293424 3481973 3672707 3864568 4478395 4693678 4495523 1346477 1018862 855318.2 745136.4 916421.2 642790.8 569209.2 835987 1026223 1383407 2403340 3400315 6293813 12747614 19984172 NA NA
1465455 1509976 1548810 1603476 1690731 1738849 1790663 1839408 1956926 2014370 2069949 2175869 2242102 2304664 2363167 2412076 2497811 2676040 2757520 2850996 2996173 3106969 3401392 3607504 3828686 4036725 4439451 5217068 5664757 5939564 6002864 524088 459644.1 414654.1 350680.4 307846.2 262912.5 321574.3 229020 304982.6 239160.9 316475 201053.7 128193.1 123047.1 0.05251791 2.7283e-08 3.63679e-39 NA NA
1085883 1157009 1201926 1259581 1306270 1341723 1381380 1424107 1481044 1536134 1588713 1685197 1717011 1830205 1866534 2029296 2053210 2093200 2195891 2303931 2409733 2579764 2741873 2850430 2979136 3133952 3496326 3702772 4114122 4364732 4617719 5134055 5413056 4005331 192944.3 10647.03 589.5849 507.0476 1104.9 1359.335 1188.39 2704.004 1966.536 639.6847 131.6342 0.07563972 7.076603 0.2907885 NA NA
829018.4 834774.5 864797.6 895762.5 929128.1 948033.1 988961.1 1034848 1041305 1059940 1077610 1139637 1179235 1176377 1183478 1232006 1251239 1294738 1338819 1423476 1526614 1620836 1714035 1781058 1853507 2067181 2318262 2391374 2524293 2651009 2720657 2810930 2912586 2195457 1199246 117867.7 51999.47 30748.38 43735.31 15250.26 7883.612 4907.611 3304.224 435.365 261.6817 1.828667e-05 2.199724e-36 NA NA NA
1241909 1285534 1325397 1358669 1397958 1438315 1473537 1554701 1594277 1619964 1643388 1685439 1777764 1814244 1849127 1851077 1849310 2109692 2249434 2316762 2421026 2619443 2782681 2891531 3053869 3182274 3340185 3475422 3595412 3724762 3735334 3576063 2715340 265649.6 161952.7 103484.5 103363.1 73332.2 56551.5 18215.52 6440.8 16810.29 20612.2 7989.521 14687.59 19152.11 56279.99 9.97961e-20 NA NA
1301185 1404779 1454373 1482538 1549405 1608360 1649250 1679652 1749863 1827074 1925980 1961632 2037450 2140234 2241464 2300415 2363178 2475252 2629601 2683003 2809453 2900712 2995576 3118088 3283922 3392289 3561072 3725595 3904382 4061872 3808435 2154797 244972.9 126558.1 41239.29 41016.4 14376.89 20769.51 12442.3 15323.5 21500.8 13918.72 13035.84 7152.774 10746.47 15191.28 23357.1 677959.5 NA NA
1066376 1098100 1139682 1183895 1239968 1266970 1325626 1360149 1394634 1430891 1461087 1565158 1575364 1618200 1692452 1752009 1810509 1906492 1971161 2070133 2163490 2241877 2355833 2538024 2850043 2927033 3103237 3219127 3506321 3755245 3766629 3661622 274314.4 30410.24 2551.58 376.3293 156.3874 41.01168 74.06704 2.248597 8.650912 1.633993 0.6763037 1.41434 5.507508 29.05863 26.07757 409.5755 NA NA
1637993 1724484 1748686 1799593 1835350 1880267 1910744 1956110 1997277 2066029 2142210 2174754 2219464 2293743 2386362 2463853 2576176 2693590 2796119 2951980 3045562 3207626 3484290 3739661 3857131 3953206 4326044 3965515 1888844 294081.8 242744.1 162486.9 104859.4 76789.78 51598.09 33106.87 20217.5 28989.08 36025.61 51227.51 30674.87 9491.876 7344.599 1077.448 50.20116 1.148159e-06 1.246335e-06 2.711156e-58 NA NA
889450.5 947133.5 969673.6 991859.7 1011768 1045256 1096018 1122418 1165151 1215966 1250922 1285745 1328984 1370698 1431848 1498660 1567285 1640991 1697114 1743010 1778918 1867553 1985785 2081723 2217512 2291950 2475726 2714839 2864175 3075903 3312884 3764881 3903753 3783858 2545077 71195.91 38756.76 52006.83 22277.23 16101.36 8798.576 6591.001 3030.299 1290.308 86.25075 4.579622e-08 6.219101e-33 NA NA NA
1348652 1403742 1443442 1541332 1575361 1633892 1694314 1729189 1770926 1799321 1854935 1989924 2066958 2265255 2336223 2463962 2565452 2632384 2797550 2965199 3054869 3239926 3467688 3584984 3763551 4060714 4612496 4899346 5215152 3458387 935879 793816.6 687228 612798.3 642196.4 645731.7 681473.7 815270.8 1113504 1119529 1208352 1383642 1451510 1361637 1035318 88614.24 65497.77 9207.249 NA NA
1124260 1164670 1209445 1271569 1331810 1394100 1425200 1498829 1537016 1623215 1678655 1745339 1805125 1866978 1918216 1983742 2058121 2127947 2189547 2303330 2370619 2480649 2672861 2789816 2913212 3165071 3361345 3767493 4037702 4350924 4641353 5206039 6208681 6272976 1451745 817205.5 408295.6 243709.9 132577.5 75941.92 146405.9 37469.53 62539.85 74899.76 105.3233 0.004383825 1.196516e-15 1.182456e-14 NA NA
763531.6 788002.4 825130.7 856374.9 881996.1 902328.5 923093.1 951943.1 979383.9 1031578 1092743 1107657 1110653 1139610 1174101 1178112 1219133 1245836 1283025 1345688 1443279 1508711 1573051 1652683 1734192 1837122 2010923 2134820 2279720 2534900 2795489 3053593 3264352 3451135 3569625 4236618 4102194 125268 136876.2 89310.31 122854.1 100598.8 57977.77 65589.29 20800.02 8449.146 20044.38 0.0009000823 NA NA
1190376 1235901 1274839 1318833 1346504 1391746 1469775 1529800 1646470 1740582 1772385 1806505 1851312 1944200 2036585 2104375 2171927 2254981 2470100 2594787 2665064 2782123 2904022 3093995 3231896 3422553 3630879 3849988 4166049 4480167 4695559 4853544 290373.9 219134.4 231942.9 119564.3 111114.6 39372.38 6796.048 453.9298 10.65865 2.913666 6.750787 0.0228261 5.394289e-06 0.0001101911 1.154243e-07 0.0001239185 NA NA
1229035 1285332 1333892 1367639 1400345 1430422 1460603 1487623 1546720 1580042 1623389 1677158 1780584 1818498 1845709 1953598 2105507 2184175 2378326 2530919 2611331 2773705 2891736 3052801 3279715 3429482 3610462 3773506 3939528 3900547 3054525 59007.04 42568.51 24369.74 19513.18 16102.04 12022.88 17576.37 9749.776 13869.23 14158.28 13702.81 40596.46 50063.74 60159.78 38201.85 5.239348 305.4197 NA NA
1096833 1168711 1209979 1253079 1327068 1376712 1419104 1468005 1494023 1532847 1551915 1573815 1633167 1654637 1675240 1719901 1768694 1823212 1939260 1996811 2084750 2163358 2287013 2479538 2585303 2648240 2800874 2922160 3034644 3362073 3325691 2664514 1348420 9010.375 4271.47 1039.766 171.8896 15.90622 4.757259 11.77113 6.324691 12.0857 34.74309 4.446095 2.610479 0.3040481 0.0001506148 0.002317428 NA NA
1028045 1077705 1121392 1207401 1246154 1300696 1344998 1382999 1464190 1542228 1583674 1648805 1756970 1828338 1915444 1976851 2030194 2075621 2118786 2188993 2220547 2281742 2466231 2812912 2922299 3053117 3206874 3696561 3866847 4060702 4179821 4259383 3568940 146522.8 101931.2 127258.9 146541.1 142495.4 119771.9 114831.2 86729.98 76597.65 47653.56 32314 66195.47 182087.3 606475.3 128084.2 NA NA
1254999 1303239 1333998 1371593 1415840 1475521 1519087 1592768 1643849 1703539 1760434 1798790 1864234 1930597 1990764 2047265 2182804 2223435 2279887 2361251 2488714 2621027 2782286 2884884 3043334 3167878 3297359 3543507 3728615 3953282 4641224 4759517 3784155 528428.9 430333.7 343193.4 351140.9 328337.7 256879.6 275896 189087.6 157408.3 79722.15 130536.9 139911.4 190065.3 741343.3 500449.1 NA NA
912367.9 952325.6 977479.2 1001249 1067313 1091020 1142355 1175584 1229122 1303307 1352384 1392869 1427499 1530033 1569440 1615117 1652435 1726766 1771243 1804378 2038304 2078507 2182599 2346692 2479533 2653427 2799924 3016530 3207018 3374255 3647097 3872369 4101800 4451099 4411882 2730302 30150.13 7354.485 3699.586 2005.107 563.1498 1806.833 101.9238 0.8266432 5.800214 0.02544946 0.1400442 5.179766e-15 NA NA
1107981 1209448 1244834 1290886 1317839 1349539 1431159 1484268 1523226 1576031 1624184 1652050 1708080 1779581 1821341 1854980 1880046 1977477 2021935 2165246 2276891 2364153 2476391 2685159 2915979 3069701 3227237 3351370 3529266 3933185 4231898 4092222 3355914 134861.9 83745.1 54384.34 80881.17 70816.78 88459.25 70881.47 74600.72 71280.74 64203.12 21216.47 23199.57 7.958411 1070.153 820.7375 NA NA
1420486 1477757 1534266 1567124 1600226 1651452 1689749 1763687 1805295 1853289 1941023 2063466 2108923 2160256 2208081 2299096 2461630 2549754 2627142 2731435 2889783 3048201 3279498 3616014 3798063 3979711 4272879 4162484 2253477 66870.41 33382.11 29324.68 15626.64 9469.732 6997.183 3650.42 1155.559 470.6578 88.27666 14.56563 0.8052055 0.00338557 2.796366e-06 2.809366e-10 1.761364e-07 5.565804e-08 1.786925e-06 7.158505e-19 NA NA
1217437 1257979 1297977 1345915 1373498 1401788 1428336 1473218 1520791 1602372 1643653 1692779 1694528 1764054 1774777 1832948 1891800 1986202 2094031 2238303 2352644 2512852 2645075 2764096 2869671 3059293 3209171 3386502 3541624 3736572 4244747 4354795 4668776 5282784 4837297 2033272 2072819 2352483 2685752 2846356 3830814 5096161 5387205 6683438 8538796 9766577 9779568 503120.9 NA NA
946246.4 1017197 1073711 1104792 1130669 1166702 1215859 1244724 1286064 1313050 1368528 1399919 1488860 1558367 1597671 1646007 1699586 1747029 1873481 1920513 1987345 2046561 2151434 2278568 2479634 2657031 2890606 3054103 3263522 3499891 3773230 4121396 4395784 3456401 419535.1 326624 257044.9 138538.2 123408.3 28930.45 29982.51 26472.87 77696.97 489.629 454.1986 692.6522 10780.87 546.5063 NA NA
1005883 1028141 1060981 1087457 1119165 1169344 1237328 1336950 1420171 1473795 1504961 1518579 1527686 1532948 1538968 1588380 1690810 1813880 1876514 1972980 2039194 2119090 2198057 2352868 2513616 2686016 2800431 3133829 3324202 3514499 3712651 3992437 4291123 4389485 3165686 591283 468420.9 443888.6 641394.2 486288.1 254495.4 209163.2 132386.7 225897.7 214072.5 423637.9 239054.7 2.015193e-54 NA NA
1056556 1096997 1134076 1154408 1195878 1241793 1286683 1306804 1396312 1438535 1465570 1509298 1517096 1558579 1634023 1687597 1743501 1794094 1866877 1937938 2001871 2075102 2181713 2298196 2366420 2459512 2564224 2598674 2749927 2858882 3183140 2968475 1490374 116549.4 47908.49 17336.09 4046.331 5190.803 4599.932 4204.869 7055.559 6929.969 11057.56 15301.41 1104.29 0.07914517 0.0001902819 1.244451e-05 NA NA
1487956 1546324 1599782 1639008 1703084 1750574 1781992 1835451 1876478 1938331 2009404 2061740 2128031 2235970 2301535 2387315 2472612 2544556 2722998 2853740 2951901 3071382 3344846 3569488 3891006 4362861 4590737 4744477 4825064 5389027 3420451 152082.3 146898.3 86321.52 58224.53 27504.89 21473.57 31224.99 30116.33 36285.7 44400.45 44807.23 66572.09 90720.95 28320.04 136.1188 691.1156 1632.133 NA NA
1472983 1561060 1614037 1645552 1709141 1772567 1821724 1903854 1952001 2015546 2142866 2247757 2309630 2395742 2475731 2634629 2732760 2828959 2916474 3074241 3207971 3347840 3515391 3682442 3852092 4177648 4757124 5266077 5649592 6265644 4770952 364679.2 201222.1 130025 126508.2 136643.8 83375.66 51319.33 18836.36 25168.44 10263.1 23096.74 23362.74 5241.494 3138.46 0.001232651 1.410798e-07 2.057292e-18 NA NA
1168560 1228117 1264104 1285985 1347919 1416201 1473067 1517401 1568949 1654478 1733618 1796145 1907609 1967274 2038969 2073281 2100905 2168394 2190361 2252508 2521621 2632540 2887418 3023854 3294972 3438469 3722116 3879361 4091820 4319244 4512653 4534351 5144590 3685111 580252.4 418510.3 163732.2 76958.29 119064.6 64468.01 72059.95 11514.44 2835.106 1128.425 144.6295 16.12942 0.01826695 NA NA NA
1856255 1937971 2005448 2171582 2228462 2406972 2566489 2631341 2764972 2890211 2998863 3088833 3256004 3301341 3506001 3759389 3924747 4153360 4316832 4501991 4698025 4861499 5020626 5200781 5235815 4795025 3531477 1165146 1179333 962863.2 907296.4 858500.2 815680 720927.3 636408.6 712137 678997.5 637972.2 613092.9 872727.3 1176342 886382.3 769799.5 472654.1 34419.47 130673.6 151709.9 347108.3 NA NA
1073485 1116133 1151270 1173632 1201022 1239204 1262435 1313419 1373584 1402152 1491433 1575159 1622976 1648587 1687011 1708387 1804287 1887549 1953900 2015079 2154267 2305960 2477287 2590444 2728869 3028695 3235052 3344093 3424987 3536344 3891686 3059937 163380.4 41773.64 33903.59 20713.89 9136.232 3256.201 5074.143 3780.969 8047.092 5248.335 12917.01 38520.46 16799.13 49241.17 20527.22 1.054168e-12 NA NA
1377578 1435272 1500683 1566191 1618230 1657483 1701318 1741456 1811836 1843481 1942580 2031020 2121880 2204328 2217646 2269451 2341515 2424500 2610502 2793136 3190720 3306309 3464291 3737195 3950334 4168950 4443047 4655607 4887752 5215457 5245956 4105455 10542.47 614.2702 257.4312 98.59688 22.22491 8.818223 1.258775 0.3869251 0.2284025 2.544827 6.489119 2.529271 31.93725 1.765681e-11 5.03846e-45 1.266059e-60 NA NA
780043 853353.9 877462.9 907369.9 926667 952459.6 990857.6 1042165 1070596 1095495 1127658 1185040 1233373 1321139 1329901 1327092 1354892 1380238 1607440 1684113 1910542 2007195 2090130 2235275 2436092 2647146 2775800 3101768 3328908 4157174 4628417 4932165 5380022 6198013 6731024 6498661 4870935 160315.4 102993.2 104158.1 76989.2 58065.61 41552.49 13320.46 1214.891 37.48882 0.006319953 NA NA NA
1154208 1222777 1244192 1314278 1342146 1427337 1472961 1501033 1539996 1565043 1634142 1668453 1689741 1719211 1709608 1725078 1816905 1893980 1987162 2085367 2171457 2470938 2635689 2767091 2920822 3063424 3398955 3622429 3749677 4309147 4531990 4775191 4452153 1996149 247813.9 188781.1 112952.6 48456.04 45632.92 58598.9 29720.93 10993.62 8253.134 9726.661 637.1285 0.02369103 0.01611071 6.021019e-11 NA NA
1442654 1507909 1549924 1613538 1644911 1673721 1704212 1760109 1795339 1828041 1863360 1904957 1964604 1985490 2149869 2381263 2542328 2661680 2735447 2849435 3070754 3302661 3485444 3704366 3867421 4130187 4492751 4726667 5096757 5050366 4228317 1789636 1654319 1430687 1700119 1743572 1649943 1678184 1110104 761696.3 251459.4 405024.8 381397.1 538177.5 1081720 2100323 3550382 9707249 NA NA
1253051 1308091 1359047 1421079 1451804 1491883 1528424 1582637 1612858 1682736 1725468 1775484 1860521 1927265 2000825 2046154 2088127 2147340 2218027 2326158 2489077 2656041 2766667 2944606 3118922 3276680 3443495 3603005 3845707 4221495 4468716 4653551 5055684 3938309 321903.7 346040.4 356713 563051.2 636114.1 707861 804431.2 1011631 1349008 1155783 135306.4 1.089252 4.144979e-08 NA NA NA
1053606 1105151 1142353 1179308 1215144 1255595 1299284 1337564 1382598 1427341 1500425 1558771 1649269 1709966 1765468 1825158 1994721 2038738 2119550 2214796 2453315 2541775 2638855 2742318 2886158 3016967 3150164 3505872 3688774 4088614 4304576 4525827 4805514 4207839 390612.9 218324.7 85480.59 48755.16 27584.32 20211.08 25708.44 26754.83 13805.02 27898.82 65044.4 416422 2572225 993131.3 NA NA
1400073 1481252 1526561 1610567 1678514 1727875 1764716 1800386 1850370 1906313 2069092 2135999 2188724 2236131 2298070 2395140 2556252 2712745 2857749 3115613 3304363 3593647 3832412 4148184 4338900 4523867 4681780 4760561 4171249 780058.6 585596.1 440971.3 408133.7 300965.8 251153.7 172813.2 92592.94 59847.75 23057.05 13944.14 15052.21 11775.45 35099.22 25960.48 41992.58 26712.33 8469.221 0.0008943492 NA NA
1034825 1080020 1104511 1159407 1207925 1244356 1267251 1333796 1388657 1461058 1557717 1632987 1662777 1741589 1858043 1920111 1996058 2032683 2068850 2202755 2308512 2389406 2522172 2592116 2851199 3094001 3187325 3320444 3528647 3795107 4065515 4157832 4340698 3877501 109318.5 38029.24 9080.818 7561.739 2954.784 986.1049 72.48163 26.79043 0.4325501 0.03982222 0.01808655 0.003742753 5.959698e-12 NA NA NA
932526.9 978351.5 1007461 1033502 1071350 1108325 1136464 1172708 1200871 1221978 1304241 1332226 1374120 1417105 1451636 1475691 1505336 1512182 1566505 1637566 1743088 1846023 1914533 2004604 2153919 2388049 2549163 2636105 2792707 2890117 3120111 3517514 3358369 1566724 15995.98 2532.48 4789.304 4482.675 9526.262 11223.06 11010.7 8839.483 26068.01 15290.2 7211.983 11748.14 1506.822 0.1471699 NA NA
1152191 1192627 1225610 1266687 1323810 1360645 1412131 1507919 1556344 1590625 1626105 1677159 1752404 1775768 1831696 1908456 1932132 1969946 2169255 2370896 2478700 2595489 2683569 2791826 2882616 3003624 3269467 3573751 3774221 4072135 4489520 4691284 4977068 5309513 5353285 207249.3 91911.14 88902.63 138127.2 184217.8 223806.7 330802.7 356074.8 477310.9 48674.07 118638.5 241861 NA NA NA
644795.4 660293.8 684960.8 698995.9 747596.1 772765 799453.7 818119.5 837412.6 858606.4 887427.1 933640.2 970351.5 976023.9 984307.7 994643 1001736 1053175 1109650 1170505 1226927 1301384 1471116 1534522 1614177 1699153 1838951 1961897 2047253 2173778 2314948 2554092 2833572 3168575 3419985 3905182 3894812 460220.2 97429.67 157172.6 101484.4 156421.6 70583.15 118872.2 46354.34 30190.75 100141.3 418946.4 NA NA
1196705 1239182 1277450 1315140 1344440 1393451 1438065 1464201 1525122 1587883 1616363 1644454 1666932 1706482 1840904 1911621 1997899 2075359 2235858 2384244 2606199 2786269 2897654 3145850 3280177 3413111 3689644 4062237 4615195 4934170 5237949 5266018 538517.7 455331.9 423549.7 413705.8 354289.7 450398.7 335922.9 292062.8 277234.4 253446.6 148971.7 154472.8 76854.52 81637.78 91051.49 19724.73 NA NA
920198.7 975065.4 1012458 1032046 1069787 1096278 1136564 1161243 1195061 1269318 1311433 1345192 1378232 1444583 1475263 1541934 1656868 1708577 1934055 1986231 2036791 2076676 2151501 2293354 2446337 2624843 2980462 3393370 3608478 3936684 4179654 4358522 4637736 5213744 3798897 226017.5 150017.8 83059.46 97371.27 118369.5 108042.5 117531.8 201813 336507.1 1037271 1078588 2196.77 138.0841 NA NA
1312050 1355910 1434660 1473524 1607111 1687170 1749571 1782074 1819582 1865423 1951588 2078952 2228046 2303871 2443340 2516186 2560156 2628606 2730027 2989955 3086588 3211390 3466076 3700979 3895204 4238507 4537728 4809059 5105319 5664546 5467668 2967769 205948.9 122964.9 99786.05 129429.5 157333.1 180258.8 211546.9 242515.2 285042.2 423746 705523.1 1274564 1534601 1410655 2.943901e-10 NA NA NA
1105581 1124454 1139859 1197042 1277989 1320768 1333628 1396911 1459033 1494906 1542128 1568554 1606915 1645932 1740112 1848756 1976875 2034138 2125798 2211571 2292846 2376040 2471206 2675557 2777478 2889378 3080269 3026806 3269440 2606568 1432805 84599.55 65538.86 28106.49 12795.95 21062.05 20508.47 38214.95 36174.6 34289.75 20233.17 40182.58 52488.39 46211.55 21723.32 8866.279 21.37455 5681.56 NA NA
1401696 1472878 1507381 1545742 1586941 1660586 1689314 1740476 1791862 1838852 1878212 1897587 1912290 2012809 2060902 2152631 2265170 2334039 2407047 2656593 2816156 2881690 3038405 3317641 3472099 3741396 3827804 3646939 2446701 270076.6 191502.3 172651.6 150664.4 171109 131391 137994.6 151793.3 185084.4 196910 172550.9 119676.7 151509 143877.6 202432.1 62462.69 2561.869 9.730558e-09 1.541884e-05 NA NA
941486.8 1002918 1073616 1117174 1141536 1217476 1252548 1282361 1312277 1341052 1368089 1397370 1452762 1499627 1548976 1579819 1634179 1755671 1887855 2003697 2113895 2256202 2381439 2507049 2584430 2711003 2943281 3093744 3257476 3542863 3753931 4152635 3949459 72211.56 46038.17 13191 6911.909 7801.506 5385.887 1716.093 1066.952 105.2172 130.5577 114.6226 90.61333 60.11577 1.668097e-20 1.290321e-33 NA NA
1391458 1479853 1522863 1565778 1606970 1673163 1696143 1741804 1766392 1798030 1839718 1847075 1866929 1880776 1940752 2019606 2102885 2230052 2347766 2428894 2553766 2624060 2708381 2845168 3015837 3185105 3300956 3496876 3642982 3816991 3806759 2426704 353128.3 287142.2 182708.9 125712.2 111630.6 96167.36 67429.24 73680.73 84103.23 127175.3 131309.5 206235.8 457464.7 782361.4 53375.13 410123.2 NA NA
1416405 1507800 1582485 1620260 1656539 1711411 1820027 1908026 1961295 2029747 2102774 2208466 2299764 2378714 2563102 2642934 2735279 2998298 3044278 3137108 3262291 3404728 3563316 3702730 3881639 4176830 4441423 4696988 5134520 5403224 5528359 3869980 527020.6 493274.4 440626.4 455240.9 479349.1 452820.5 457464.1 483854.3 381241.4 153098.6 136635.8 137931.4 520221.3 992165.3 1538642 4269081 NA NA
809361.8 869400.3 900701.5 945400.2 967396.1 968279.6 1014249 1043196 1070070 1083224 1116686 1162169 1212397 1308825 1306220 1360489 1445729 1540517 1607413 1687180 1771061 1876326 1946827 2032580 2136584 2253706 2368694 2565853 2727349 2844539 3581178 4624224 5174372 5459955 3339199 7748.321 3938.788 1013.997 293.2096 13.71123 0.07457291 3.565444e-07 7.115977e-07 1.933646e-05 8.655394e-07 7.436253e-19 NA NA NA NA
802895 863848.3 879796.2 903385.1 943183.1 1003642 1020361 1052426 1080519 1108577 1134483 1146970 1145320 1159553 1146067 1146018 1215506 1289905 1338100 1401391 1456760 1535808 1588341 1725575 1858543 1987175 2150560 2323308 2455568 2653641 2811803 2949810 3139000 3002042 2351785 2850.246 4943.794 6627.509 7715.263 3029.172 717.167 453.0977 27.49364 2.67798 5.1769e-06 1.112523e-05 1.639278e-07 8.3783e-44 NA NA
1839371 1891778 1950278 1992754 2046891 2102978 2164140 2231854 2299311 2406902 2452824 2600573 2919620 3031859 3313953 3411817 3514317 3697721 3845269 4152548 4277912 4460604 4607288 4685124 4612843 3694192 884161.5 904992.1 699277.6 826666.9 831807.9 849011.7 983984.3 1000121 1000759 988192.8 1020313 1118623 1063733 1554411 1292759 1232044 1578027 1025374 1480943 878967.8 8254.664 20286.19 NA NA
1060042 1100858 1116617 1182782 1235671 1279040 1313953 1383439 1406335 1558001 1602454 1683707 1760747 1896175 2044048 2121220 2211110 2322970 2474458 2602704 2708118 2842722 2973415 3236717 3460145 3632538 3850221 4251254 4677151 4903752 5144595 5429518 5886427 5118297 1855523 1893953 2039808 1747426 1654490 2339914 2683466 3276716 3851193 4012258 5362695 8297498 15376838 27160534 NA NA
1174532 1210603 1270990 1322199 1351288 1378734 1397231 1438873 1485762 1556692 1576928 1674418 1693302 1741416 1766745 1828628 1889177 1954975 2031313 2134626 2218579 2505218 2660208 2769551 2905926 3111288 3352511 3495730 3828279 4064770 5128502 5244790 3670521 110396.3 19633.11 4863.009 2498.985 718.9997 302.4091 38.07196 9.482246 0.02722853 1.124715e-08 3.094505e-06 4.331597e-10 2.187426e-26 2.057192e-40 NA NA NA
1461068 1519129 1602507 1642735 1700786 1793737 1868653 1906311 2011584 2166538 2247589 2306905 2362768 2424947 2480627 2556548 2598923 2714677 2873567 2973135 3133317 3302930 3546381 3740865 3913374 4001063 3884479 3182644 1262202 9504.471 1423.384 331.5867 159.5576 139.8857 224.0206 239.4029 168.4362 130.4434 87.23669 55.58312 61.12002 6.376771 4.411222 0.1994265 0.005406817 1.244426e-06 3.269483e-28 3.081326e-88 NA NA
1081523 1163665 1202929 1229377 1288236 1321586 1363275 1436122 1466260 1513360 1566463 1608528 1645458 1770993 1872934 1914043 1957694 1975752 2005923 2068817 2198339 2383278 2508953 2684978 2792771 2990833 3109343 3251510 3337100 3557278 3473916 3547389 2334932 218795 169069.1 127339.1 69480.93 18268.98 34563.8 59679.27 111044.9 82938.47 37796.36 7343.37 32.88847 0.05102574 6.095685e-16 3.334395e-90 NA NA
1289751 1342575 1367198 1398072 1455041 1496082 1532430 1566034 1606633 1692169 1749038 1794379 1849598 1889356 1931517 1963285 1972559 2073317 2218666 2300826 2362474 2481849 2598584 2764755 2931185 3037036 3173863 3512298 3801371 4058105 4053338 3377544 273358.5 87341.36 34307.5 19305.97 10402.56 24827.85 25086.3 14182.31 5894.551 3960.856 8859.348 16620.52 24864.13 2483.257 28.49419 NA NA NA
1580972 1648766 1712039 1746936 1857089 1895420 2010176 2052287 2113208 2260435 2423417 2498174 2565114 2669822 2761621 2784411 2924567 3028109 3158157 3394105 3606668 3878485 4121816 4245174 4369834 4542640 4373566 3453014 68682.04 19865.46 9626.186 5397.259 5158.772 2339.355 1874.264 897.9687 278.3906 348.5316 287.1691 264.8285 131.9271 14.07558 26.85895 20.4836 4.301034 0.06172575 0.9056421 2.140744e-52 NA NA
1211864 1258983 1331558 1355273 1404862 1464481 1498532 1527795 1587246 1639772 1680501 1759906 1871129 1926050 2035639 2096758 2147938 2397433 2512987 2659953 2786347 2884898 3016839 3178830 3457478 3690848 3876194 4328201 4680292 5039811 5309804 5746966 5542093 471668.9 383436.3 215917.2 114786.5 42359.19 29152.28 43956.62 53420.12 60416.32 118004.3 176887.4 263804.9 601817.9 1181882 120213.2 NA NA
1552373 1639125 1712537 1740639 1782351 1839582 1899622 1967620 2046218 2110977 2186730 2219231 2241068 2347554 2416260 2586331 2692709 2801032 2908393 3078945 3196062 3268549 3531298 3741626 4010745 4101278 4133308 4078096 3503584 1202894 16773.42 9288.758 13084.09 9943.322 7579.12 4209.05 1570.869 320.6833 120.2101 46.7457 34.67795 7.497355 0.7003558 0.1637481 4.672224e-07 7.501774e-09 4.789929e-15 2.719949e-44 NA NA
1801250 1882020 1955186 2018269 2094338 2217400 2287167 2340603 2442311 2486811 2536058 2644222 2678254 2731094 2882948 3006690 3121723 3346983 3528459 3707737 3819559 3908166 4017619 3970890 3561482 1689542 69603.28 44158.9 18665.59 21013.98 11185.22 4846.777 3711.648 1703.939 656.3809 515.0603 81.65531 9.127993 5.542267 0.2933513 0.0006847507 4.205644e-05 3.292624e-10 8.47465e-08 2.837046e-11 1.229143e-23 NA NA NA NA
765493.5 813781.1 833884.1 869531.1 905768.9 924353.2 944301.7 967952.2 1036713 1063954 1085664 1118033 1249691 1299444 1335198 1378657 1404896 1507332 1594440 1618409 1688639 1792484 1987578 2094425 2175717 2301342 2458333 2617279 2796511 3022082 3234925 3398985 3680706 4211497 4480394 3973301 251246 196679.1 173069.2 225723 241663.4 346722.4 366358.8 352455.9 137412.2 8514.981 120.5233 1432.806 NA NA
759734.3 789110.6 811490.9 838526.8 864939.2 887359.4 910446.8 950413.3 978955.5 1000130 1022462 1044690 1080274 1108568 1154667 1225121 1291321 1346476 1383714 1401331 1468824 1476960 1519295 1631012 1708827 1858852 2006516 2159518 2305167 2450956 2797875 3011042 3190908 3504879 4017902 4184336 3420646 840426.5 953759.5 1289860 1668866 2040163 2301892 1932868 1934691 1779244 392.1989 1.264303e-18 NA NA
1189774 1266171 1297851 1322426 1350843 1389837 1419320 1454121 1477610 1529546 1561734 1603746 1659473 1815745 1934498 1980028 1998645 2048893 2160610 2233655 2340140 2450414 2767334 2952208 3167043 3259949 3374734 3424929 3360310 2845320 52290.25 14871.75 6150.248 5083.757 3690.701 3988.729 2099.746 3196.27 6390.173 7914.471 7698.945 5399.119 6738.157 280.9218 41.14803 46.33214 0.03605314 0.05951285 NA NA
1431063 1508473 1542478 1579530 1608623 1641866 1675220 1720076 1750494 1775316 1815477 1884082 1930088 1962855 2072883 2130920 2235902 2309133 2376766 2535574 2638490 2735991 2870454 2978962 3304654 3425884 3515702 3605030 3902669 4148410 3181267 900933.1 795354.8 755125.3 810150.5 947274 734867.7 641714.2 1050792 830942.1 948350.3 1337311 1594628 2925280 4142082 3992844 648878.9 1.300302e-18 NA NA
1039032 1107096 1134296 1150106 1173074 1200104 1220567 1227167 1273625 1414321 1456626 1483728 1485326 1472085 1506637 1567863 1668716 1708796 1750918 1860716 2012508 2062235 2120991 2265275 2438355 2535048 2653575 2805603 2877808 2731118 2509915 1357618 52342.7 14960.1 10568.89 8863.392 6620.107 4114.675 2738.938 2101.177 1449.57 2474.767 1023.959 178.3453 27.89254 0.6208036 0.001148643 0.06585664 NA NA
1204985 1247180 1299085 1329935 1410746 1450262 1491893 1538023 1633995 1697152 1827364 1872413 1933056 2030951 2109965 2192573 2232417 2258591 2312236 2593936 2745976 2860460 2930595 3036875 3407085 3563165 3908787 4057525 4203338 4331206 4066161 1650140 46635.83 47136.24 40170.57 34283.55 16868.97 13905.98 5707.756 2075.945 554.6857 173.5722 30.23533 0.1269757 0.00193677 2.43917e-07 7.26588e-07 0.003043738 NA NA
1025384 1093701 1107012 1132851 1170524 1195320 1220066 1240687 1280619 1303054 1343944 1378402 1409494 1482307 1592528 1632054 1638919 1706288 1799824 1871448 2005269 2074437 2180159 2322751 2441313 2543296 2860146 3052631 3555688 3942390 4332430 4731665 5079364 4863477 721175.6 474395.7 572867.3 542476.1 421238.6 388960.4 319955.9 396944.7 323795.9 70225.48 23484.62 86504.71 39.17938 16.32646 NA NA
750892.1 794330.1 819937.2 851059.9 904598.8 950625.7 970076.9 1001160 1032379 1073761 1112715 1209346 1245618 1306027 1339375 1364316 1488651 1510965 1569610 1595688 1577035 1620565 1699035 1788151 1915958 2017384 2210918 2400612 2800241 2959108 3194834 3617402 3923746 4113538 4570142 4510115 3994564 8880.909 2551.911 897.1932 420.2142 70.71064 0.01755284 0.4049815 3.173931e-05 2.081558e-05 1.844442e-10 5.480089e-09 NA NA
869987.1 907979.5 929023.6 954518.2 991509.4 1027406 1054266 1083443 1104005 1138654 1228557 1278618 1308680 1343420 1408908 1537330 1548200 1581839 1607925 1603060 1623743 1725450 1798880 1932256 2135938 2309559 2459937 2600202 2942168 3236057 3419468 3604902 3923767 4233757 3937203 99336.57 102685.4 60404.54 32914.86 19119.31 19868.47 11970.48 9793.277 19328.59 12071.11 17716.59 400.5031 NA NA NA
1038356 1069884 1110789 1132317 1152031 1188629 1212488 1245708 1258224 1296110 1321945 1381693 1389578 1382562 1398607 1436437 1509142 1629811 1710700 1781322 1867416 2005037 2096202 2172397 2257613 2341073 2504753 2624265 2703169 2763545 2909540 3494596 2776228 63786.98 61412.95 53174.02 43268.01 63076.23 103698.4 89394.44 101504.6 71113.08 69739.25 108347.8 45540.49 20268.86 95163.98 17925.5 NA NA
1165798 1221106 1252818 1275187 1334033 1385942 1410067 1453013 1558175 1578872 1637551 1688252 1755355 1858596 2022423 2080936 2228208 2313546 2406215 2477729 2577777 2687828 2806707 2916164 3042955 3147753 3384990 3635925 4064717 4370211 4555115 4000384 364394.8 146799.9 75512.36 41831.35 31720.47 32543.95 11133.85 12954.91 11851.28 2587.205 899.9296 146.7044 0.5651503 19.46235 41.53743 NA NA NA
