836.0492 765.1727 747.8083 727.1625 703.0303 678.0786 652.4246 639.2666 621.3819 590.3116 570.3338 553.2724 538.9143 522.1392 503.3468 485.379 440.5251 416.7008 400.3927 376.6162 360.2023 341.695 319.0811 302.8556 288.5419 274.7944 261.1558 247.7622 213.6698 197.5704 201.538 963.4108 1082.471 1169.794 1396.288 1264.674 1243.087 1561.894 1705.662 1116.053 1237.88 1214.299 956.0056 521.2843 261.7264 164.8917 119.7356 232.5225 NA NA
796.5997 745.4269 728.6968 714.5366 666.9146 649.9146 636.8557 622.8779 598.276 574.9629 555.1411 539.2597 519.2037 504.6945 497.627 467.0738 448.1708 429.6883 400.9914 384.3261 374.8222 357.853 342.4487 322.0652 305.985 289.8729 278.1902 257.0766 246.2962 227.7589 215.6089 201.1149 286.159 5070.627 14715.23 14791.17 18840.19 20997.85 37591.02 63556.11 131437.5 560796.1 2305796 5457308 4850986 18612233457 1.705981e+12 NA NA NA
845.0524 794.0186 766.9232 732.9223 701.1771 683.7441 668.4922 637.528 609.3733 598.9774 551.176 522.3914 506.9474 492.5897 479.2367 460.8233 448.9557 430.706 420.7826 392.9914 364.3438 345.4539 325.2309 312.9351 298.2376 286.0831 268.4208 245.1778 230.7647 213.3821 200.3296 188.728 204.7728 588.0801 777.544 773.9711 751.132 790.1312 776.951 792.6759 1022.839 1841.647 1915.089 1818.323 678.3545 313.7515 177.2773 110.1986 NA NA
955.1031 905.0572 869.7197 852.7086 814.8299 796.8827 775.2734 746.4442 701.7976 681.3931 649.5834 612.5631 596.3232 569.4551 546.5109 526.4682 513.9119 480.2029 458.3665 438.1602 418.6221 406.5956 390.1652 374.1572 352.2742 337.9681 312.4297 295.3655 279.6244 277.8662 285.4259 421.5104 2328.112 2953.606 3596.283 3072.233 4241.795 4784.66 7849.902 13468.78 17168.51 19744.03 16380.37 16009.05 5540.788 2591.735 1954.909 1043315 NA NA
887.272 857.8872 825.5453 800.0579 773.281 751.6172 738.522 711.7805 706.971 696.2062 684.7529 655.3567 637.896 619.7432 599.554 577.5351 545.3204 514.747 494.7698 470.5169 449.6839 424.3692 401.0855 380.1725 360.7816 333.841 318.834 299.2173 277.5977 269.8835 316.1791 4485.822 9884.261 11893.07 12114.98 10216.64 10871.82 14220.1 24143.08 34574.98 70875.14 73515.1 164711.6 121866.8 50120.37 6559.897 1049.679 260.0205 NA NA
815.1459 759.7143 695.9326 674.2452 661.8468 646.8863 604.3524 588.7883 575.6972 565.4765 548.6603 534.198 517.7608 493.9931 477.2867 468.1906 442.645 421.1148 400.814 386.1199 369.9081 345.8639 326.3905 310.6394 290.4403 265.5241 244.3562 238.2168 211.4786 209.8499 342.4169 3411.35 6449.137 5172.071 5828.6 7094.288 9821.788 11177.22 12199.35 13866.09 13114.59 7640.275 8921.127 8381.671 4150.631 1767.531 884.5288 25987.93 NA NA
1093.792 1041.061 975.9259 955.8623 932.7485 910.2042 889.6518 867.7073 829.0476 779.0409 755.6345 726.1287 716.3337 696.9841 688.2924 666.5539 655.9804 640.9643 590.4617 565.1207 522.6705 503.9268 482.889 461.8472 425.4135 412.9448 385.9602 366.1677 339.4496 318.4616 307.4201 293.5139 289.0797 319.5003 5914.735 6259.905 7315.76 7773.164 9885.068 7703.347 5057.271 3304.219 1716.431 1060.525 723.5319 630.1335 499.4245 208.9644 NA NA
834.4395 808.6993 789.003 764.2027 742.3135 721.8363 698.0597 675.3937 649.8213 618.2525 601.7111 577.6494 554.2882 528.5071 516.6984 492.551 481.8886 458.0229 438.9016 414.1541 387.4969 373.6604 353.7102 334.2293 314.4425 300.9138 286.7263 270.0938 250.9982 235.3607 214.4523 243.2013 12558.8 15702.1 16231.13 22902.02 22479.91 47062.28 118309.3 640325.1 558706.2 322570.7 588567.1 686305.8 421743 1218208 643472 18292646067 NA NA
761.2234 708.9611 689.2137 663.1671 646.2319 630.0524 600.6365 584.1892 567.4628 547.7719 524.1608 510.7917 499.0782 489.7156 476.8647 465.9214 428.8274 414.9827 395.7327 377.0474 358.3507 342.9077 331.1617 310.2032 297.7741 286.1704 272.3517 229.5469 225.7016 246.4522 1588.041 1824.306 2132.362 2550.673 3051.233 3281.568 3152.201 2158.579 2011.986 1600.996 1179.105 995.704 676.1485 408.5763 272.6353 192.7362 153.5971 107.8661 NA NA
929.9623 880.7946 858.2564 829.326 808.0545 773.9713 742.7533 722.3284 698.0694 682.4311 655.3633 617.7456 596.3493 544.7847 528.3243 515.6373 497.6851 487.3865 475.0743 440.9709 424.4116 404.4866 390.3343 350.5317 335.0755 320.6711 306.3294 281.4638 263.6945 250.1368 227.1827 213.4389 211.8763 289.8446 1892.421 2677.394 2453.237 1935.563 1488.904 1538.392 1600.658 1406.062 833.4998 531.1558 274.4204 171.783 150.7702 218.5379 NA NA
757.5831 708.0831 695.172 681.9821 655.8255 634.5184 621.1495 592.166 584.0343 570.3209 568.7933 558.2556 532.3834 519.0625 494.7953 469.669 435.5748 417.784 393.5035 369.3462 352.9067 334.4933 319.4441 300.2863 291.8653 267.2547 251.352 241.0492 235.3535 244.6258 332.1297 3818.139 16211.96 42783.52 63541.87 57300.86 145928.7 264304.7 428191.4 447432.2 190017.4 379540.6 295909.8 292483.2 384110.7 14754534 15827284195 6.038638e+12 NA NA
953.2311 917.2971 902.0299 875.0648 844.4709 812.427 788.6961 767.1397 754.7921 719.3223 702.574 676.2978 658.576 644.4081 637.8116 631.3349 614.2891 593.285 543.8941 504.3356 482.0216 449.1805 427.1581 410.5362 389.7736 358.4554 329.7647 285.8431 272.1583 258.8381 245.3282 233.5184 227.2906 222.3193 11527.97 37968.55 84242.9 153784 496818.6 718386 1828573 1613876 17663413 19197490849 2.015338e+16 1.679116e+16 7.959273e+18 2.476876e+13 NA NA
1139.297 1095.125 1065.601 1038.344 1000.841 972.1558 949.1417 928.3788 900.3426 875.9108 848.0606 821.9021 803.4072 753.2974 726.0105 707.0858 703.7536 697.6005 673.5236 642.256 560.023 538.8323 516.0519 488.1975 465.0191 436.0754 411.2011 396.2283 359.3874 334.5631 319.8453 306.5813 261.6887 243.1057 229.948 253.6004 5916.757 19135.03 94722.15 307582.7 475851.8 131643.2 117283.7 88721.64 179381.9 611829457 5555819 31298909 NA NA
916.7496 854.0009 819.4639 800.2139 783.1061 766.4685 737.999 720.7071 700.5822 657.9368 633.9505 594.7272 578.3944 550.0071 532.5824 514.5601 489.6632 477.2707 451.4173 423.0578 406.4032 383.3476 368.995 341.3142 329.378 316.4212 296.4771 282.2766 268.8672 262.4625 290.0795 6851.579 7127.801 11838.29 26963.73 26753.39 23247.52 24680.95 18480.2 28134.04 16965.31 17708.65 20924.7 32411.55 56751.02 70311.16 105195.9 708665.2 NA NA
781.3204 755.6225 725.0878 712.0897 695.8199 685.4709 665.2831 652.0343 630.6637 610.6436 598.9634 590.7437 581.3881 564.0144 536.7646 518.0014 501.2578 483.2632 469.5785 454.9212 401.889 379.8489 364.3321 348.1217 331.0832 303.9457 305.7558 313.3339 367.5894 884.3178 23993.33 21169.59 34938.31 63044.97 101759.4 270542.6 148628.5 102239.9 97100.96 78828.27 43896.59 87216.87 70000.95 50188.82 45688.19 23971.1 5526.432 710.6664 NA NA
739.8409 685.1818 672.6194 651.8984 640.1902 595.5408 568.8931 546.1595 508.3324 504.5445 495.604 485.0024 470.7221 456.2157 439.6893 413.0054 382.7503 363.7327 349.7296 324.4105 299.1356 283.8529 271.1287 262.0353 240.2207 226.8375 206.2628 199.6834 202.9242 245.7742 2657.137 4038.22 5869.764 5982.35 5370.727 4534.506 4427.849 4477.314 4676.081 4898.881 3218.243 2898.361 4337.468 4565.076 2909.645 18301.62 36813.34 3228.485 NA NA
921.9416 879.6496 849.2237 825.0145 811.0537 782.0387 751.6184 727.6178 713.637 696.9513 681.1343 659.0807 637.8961 622.0198 595.1037 578.1559 576.9956 562.721 545.6233 520.8109 497.8333 474.8882 461.6748 442.65 420.6536 401.0626 382.5237 361.3154 331.9288 301.5433 285.0603 283.3707 289.4554 2051.297 1951.37 1708.083 1966.545 2518.001 3976.06 18870.32 15571.6 10539.07 19029.63 19461.75 15059.22 7913.229 7020.13 7447.931 NA NA
1084.916 1037.735 1008.721 956.7025 926.6452 908.0046 880.766 851.5376 828.6654 801.2861 785.4905 762.9776 744.2766 707.3822 688.7603 670.8392 648.7406 625.2196 597.486 574.1641 535.7669 502.718 477.0011 456.3047 433.2099 407.0163 385.4881 357.3762 335.3861 311.9249 293.1959 274.8586 267.8251 280.3528 1436.576 1378.205 3606.067 4051.2 3875.952 3743.466 4064.362 3696.307 2094.406 1778.884 1766.959 2663.529 11622.4 2505.658 NA NA
1084.868 1041.233 1006.455 965.7564 926.0493 896.2233 854.1044 839.9096 807.6865 794.0104 758.0769 724.2497 701.5966 623.6204 608.4721 570.3856 555.3567 538.063 501.3649 480.5717 464.9816 444.8478 420.6465 403.1181 376.6006 327.6206 308.9853 288.6469 270.2542 256.4552 228.8 215.9461 210.1008 276.5848 1013.263 1213.331 1784.118 1699.407 1954.157 2267.841 2018.947 2553.723 1388.394 2124.508 843.1534 464.5508 413.722 4259.436 NA NA
1015.008 965.5206 935.013 912.7623 878.538 847.5337 813.1252 750.805 727.7642 697.8241 674.7947 652.7013 613.884 592.3913 569.0901 556.0996 546.5241 533.1868 518.5193 514.3434 504.0441 453.6698 409.9488 388.5824 371.3806 348.6853 324.2766 307.3407 281.7884 251.6973 239.2715 233.4518 263.2894 643.7632 4918.97 7891.551 15410.24 46515.03 232125 756501.6 361256.5 164219.1 197371.4 213743.5 32617.15 24081.74 8814.056 23444.6 NA NA
922.2426 853.7622 835.4617 819.2704 800.7736 780.6452 762.8526 746.745 731.7858 671.3387 642.0636 628.0112 610.3703 601.2889 576.8083 565.2812 535.8069 512.1512 479.0687 431.1197 411.9179 387.5901 369.6464 353.5882 336.0778 310.3281 287.6701 272.0926 259.8174 261.7007 309.9661 3278.781 4169.063 6883.879 9072.803 6755.187 5794.729 5170.974 4404.533 3313.704 2832.604 2771.057 2083.22 1815.827 911.3155 515.1401 204.6969 30.93357 NA NA
709.8543 686.9741 673.9716 646.1353 634.8517 622.6152 592.8342 579.6012 564.2628 554.5383 546.8252 535.6671 518.6228 501.5644 491.8232 463.5194 447.9479 432.073 416.1891 375.3724 363.4272 346.8669 331.9477 321.2071 310.5165 297.0036 286.6308 278.3793 306.4745 669.5168 31678.04 33727.3 40846.92 84687.88 245256.1 519108 764978.5 3152299 28395918 34360673 609705247 33268266408 155728690482 6.524154e+12 4.885892e+12 1.974184e+19 1.153782e+24 1.511861e+25 NA NA
1206.399 1165.061 1149.965 1102.06 1050.843 1021.352 968.0825 952.0184 930.598 896.2108 885.0119 845.1415 815.239 779.2707 766.7098 724.8666 699.5414 668.0015 625.7204 589.7396 557.3423 518.6288 501.2553 465.3719 444.1171 421.9008 398.9529 370.1962 352.6433 330.7263 314.8152 302.0121 295.7397 342.3772 22423.35 250454.3 232569.4 186362.1 188272.2 95349.75 51025.79 61130.1 32522.91 28640.97 24185.41 23907.72 92180.95 1.797375e+12 NA NA
1130.541 1094.874 1064.912 1044.256 1017.771 982.0008 948.4087 926.7859 913.7922 898.5619 871.187 811.1537 754.7364 758.4491 743.7593 725.2578 669.7244 640.4442 612.3648 570.6909 549.5599 523.0803 460.3277 435.0141 415.5425 384.136 339.2717 304.1411 291.1685 274.8935 264.0285 238.7431 233.849 207.7593 236.3472 19799.65 30563.67 35754.02 38610.1 28313.44 19037.68 18788.95 16192.74 21595.63 27969.71 6072.434 2057.23 278.6464 NA NA
863.1765 827.4296 798.518 784.9307 765.0725 743.3493 721.2988 682.7987 659.8063 632.6731 605.3787 554.3537 529.5896 507.4156 500.982 478.4513 458.7257 428.7528 412.0817 386.6511 358.4408 345.7135 332.5489 319.0894 296.0051 260.7215 245.7233 233.6329 229.7736 242.787 454.6882 10436.95 34388.16 57796.18 103941.9 152950.1 154057 180187.7 70554.02 43883.41 42865.55 35958.79 29884.8 26158.16 20388.31 14441.77 5446.824 7219.559 NA NA
1247.108 1194.705 1172.085 1133.983 1114.166 1089.906 1071.819 1046.741 1002.547 956.0592 937.0615 920.0018 886.4562 866.3551 843.3759 825.0918 809.3823 795.3725 726.6249 660.2634 612.4535 577.7467 539.3133 509.9907 484.7409 466.6796 434.6062 410.6071 368.5449 305.6529 286.5836 265.8396 247.212 237.7649 335.4904 3475.025 5898.037 7420.058 6791.822 6709.78 5282.33 4123.191 3339.688 1802.491 1263.659 1176.483 502.7197 2638.717 NA NA
966.9866 932.1739 904.913 889.2215 849.2599 829.8782 813.0203 802.938 797.4011 768.9329 728.283 673.8126 666.1582 640.5182 618.9208 603.1691 593.3469 577.0415 543.5075 520.5055 490.4285 467.0828 454.3534 432.8194 406.7862 387.3932 369.4575 358.4332 345.8505 406.0072 933.4852 35167.23 85859.09 84707.38 101978.1 104933.5 204522 424227.8 470395 286646 413248.3 403725.8 235326.2 248858.1 3200495 551328378 66406103 NA NA NA
949.7179 914.6744 888.6468 868.2425 852.7694 823.5938 796.9476 778.0955 759.0184 733.0368 720.043 712.6623 694.2765 696.8188 684.2132 673.6785 654.1684 613.4181 585.918 561.5808 524.2876 500.9153 460.268 436.0191 395.1651 367.6251 349.2604 331.5148 300.4886 256.4819 241.0004 223.3386 199.5497 184.15 174.3081 216.161 1294.937 1945.024 1992.546 1589.331 1316.687 1052.581 812.0276 926.7124 490.3871 325.3211 381.02 133.6513 NA NA
736.1489 703.3496 683.6442 663.8876 648.0156 623.9265 597.9375 587.2347 571.5125 546.4592 535.2898 528.7748 508.919 496.8788 481.1731 460.8299 420.3102 398.8216 385.3982 370.5922 349.2056 337.7421 316.8107 301.8086 291.4498 284.184 276.4106 285.0541 334.4765 2448.018 4506.741 8059.91 12093.76 13508.28 18652.66 35210.25 41865.08 58866.2 43515.89 30255.73 35480.46 63938.43 189748.6 64338.58 27676.91 12022.97 1708.666 616.971 NA NA
738.51 698.7089 668.6677 649.557 625.4056 581.0203 564.3068 531.6427 510.7562 496.1054 481.5511 475.4444 450.8368 440.2664 423.9188 407.2094 387.4117 370.6026 361.9142 346.3292 330.6467 321.1917 307.6785 283.6455 272.6283 258.8019 240.5208 212.7793 218.2541 369.6222 2369.092 2432.587 2730.202 2660.566 2779.635 2378.794 3171.073 3339.336 2406.244 1595.961 1276.696 1042.187 1206.896 1646.59 25182.07 19018.17 350910.3 14843773 NA NA
1324.723 1263.176 1218.076 1166.499 1117.697 1070.969 1032.019 1001.366 951.3805 914.9195 883.0383 850.9704 800.9824 769.0323 745.3449 709.9418 678.4142 659.1378 631.6249 601.9789 587.2846 540.9752 526.0775 507.8181 476.4844 451.3926 427.022 361.5095 344.2464 321.9443 300.9013 280.3224 252.7602 217.0769 204.5017 211.5476 2276.861 4855.601 4923.032 5916.657 4269.508 3853.058 2631.604 1831.481 838.1141 283.8065 98.90333 36.87203 NA NA
1617.52 1543.43 1481.108 1462.245 1429.499 1420.817 1374.649 1353.833 1350.864 1271.774 1247.907 1237.182 1161.53 1171.782 1165.458 1151.518 1078.472 995.8057 945.5728 884.5551 819.201 765.5746 727.7103 646.8537 605.0454 573.408 528.6929 502.4362 478.0948 456.0262 418.534 361.8048 346.406 314.1492 293.2048 279.8169 286.3915 790.6465 37653.59 72505.64 82810.29 124902 171943.6 272575.3 107029.7 53817.18 175288 14879.38 NA NA
1132.22 1077.631 1031.179 999.9756 961.708 939.3416 915.0811 889.3264 861.5635 838.2174 811.6093 783.0944 760.3791 735.0968 718.2428 705.1677 692.7083 651.4744 630.9483 591.0822 564.8995 521.876 501.5255 464.6499 434.4844 406.2772 381.0566 358.143 336.4618 302.3439 289.8895 248.2089 233.6047 262.6442 2392.415 5556.335 6597.296 7413.985 10367.86 9842.183 23224.13 21306.76 52754.56 60147.95 21011 7819.661 2200.51 218.9308 NA NA
1202.185 1155.876 1118.985 1087.603 1059.584 1021.625 969.1017 949.3041 919.2174 910.2921 873.6381 846.6516 802.5176 774.8041 744.6037 699.3687 673.6816 666.487 640.7712 515.7838 490.8741 465.2044 441.243 421.5662 405.7404 380.4645 345.9739 329.9797 309.125 295.2361 250.6411 226.2664 213.6188 208.6204 254.0435 18287.25 73321.23 159717.6 374060 2228053 3960728 1843359 4407726 38108009 139203387327 2.365294e+12 1.426156e+13 207832144391 NA NA
1481.029 1348.567 1296.473 1215.815 1133.326 1112.994 1056.737 987.4368 943.9709 911.6639 885.7545 845.4008 825.9636 803.063 789.1151 715.7469 681.9695 645.8206 614.226 578.5126 555.553 525.7242 493.5076 468.3789 442.0551 418.39 383.522 368.1874 334.4994 300.9539 281.1102 258.654 232.6081 209.7463 193.7861 185.3393 214.5516 765.9177 1048.383 1199.527 940.6429 2071.308 2768.374 2909.418 4402.064 59091.15 10972.2 37509.31 NA NA
1072.811 1028.139 1017.613 956.1635 933.076 912.8309 891.1584 847.1217 804.7004 768.1037 759.8671 739.4596 729.6369 713.8924 689.5901 676.3229 632.3075 601.5705 578.8516 556.4596 522.0993 503.1388 486.3069 468.892 445.943 426.4562 397.6968 382.789 351.1704 317.9212 298.517 272.4438 253.3977 223.196 320.0031 646.4613 711.4419 903.0618 1081.96 1050.733 1953.993 2181.35 2127.953 11463.58 5192.71 6386.033 744340 319999933 NA NA
729.3934 681.5479 667.9962 642.9719 630.6805 606.2394 597.5331 579.0904 556.1858 536.1398 523.082 518.3356 507.4222 493.4673 460.4428 434.8169 415.8607 390.8455 376.7345 357.4471 342.2249 323.2213 300.9431 282.8901 258.4299 248.3084 238.4414 225.4783 228.4895 392.8994 3299.918 4727.332 7491.252 9338.537 9224.259 15478.68 15720.49 24108.41 69973.16 127152.9 255965.6 114127.3 55320.97 14471.87 4977.527 1393.545 723.505 1325.342 NA NA
879.8623 829.2931 802.5664 780.3343 750.8807 722.1469 673.4008 633.7409 613.2074 592.0902 577.8775 542.3603 523.0298 502.0662 494.3941 483.0662 463.2043 447.4594 425.8531 412.5843 395.391 379.3613 360.8344 343.5134 321.8745 305.5228 290.769 274.0872 228.9859 214.9573 204.1175 198.5462 243.1728 4729.509 8596.529 9625.142 16090.52 25368.26 30669.9 86598.48 161756.1 937745.8 3488856 5789892222 1.199961e+15 1.882702e+17 1.842748e+18 NA NA NA
987.3781 946.6614 890.4224 872.804 847.4867 824.8114 807.6397 780.0837 765.935 749.8227 722.9513 697.801 676.143 643.0863 632.8927 584.0826 566.8656 537.6817 517.063 499.4133 444.7891 426.6291 405.1425 388.6215 368.366 332.7475 323.4119 274.1427 255.6534 238.6782 226.5366 225.659 367.7879 12159.55 23553.02 38566.14 110302.1 150986.5 1324051 49685449 7575153639 9124858283 47197418650 1.732459e+13 3.65109e+13 2.083062e+12 1.144714e+12 5377441999 NA NA
930.4556 897.7787 836.1217 818.6076 802.8559 764.1562 740.2966 698.6042 689.1002 656.8799 628.1374 610.937 588.7051 579.6863 541.1101 518.0248 494.7484 478.3112 460.9976 449.5349 429.2758 411.574 393.5296 376.2916 355.383 331.9981 305.4558 286.8656 269.6278 262.9791 259.203 428.6732 13852.01 43890.97 90223.66 132483.1 1310831 12340018 12688349 54747605 377424912 1599778060 119806116576 43576709106 4.548335e+13 1.371966e+13 1.252498e+12 NA NA NA
1047.556 1005.65 974.9925 949.3926 883.6449 851.4375 812.519 781.1741 735.4968 716.2239 696.053 673.0447 650.718 637.2224 627.9291 604.1903 592.0028 576.0877 542.6209 524.5927 499.3061 479.0517 459.5566 440.3344 411.7666 393.0764 367.6613 328.8823 314.8086 273.1813 255.7382 235.5749 237.3423 478.1767 10929.71 17641.85 19185.33 29260.98 29595.73 39013.2 126505.9 101046.9 114082.8 66457.24 235939.9 3436863 873558737 1.803961e+13 NA NA
909.9838 867.6193 847.4412 827.6117 813.7829 795.8141 756.5705 737.8859 700.033 683.9572 664.623 641.1708 626.1379 615.611 594.592 587.2935 585.6116 558.7423 519.1354 482.7241 456.861 434.6653 412.0487 390.8142 368.6132 349.2827 330.3745 303.6288 277.5843 259.3514 234.8699 208.5738 195.94 190.0787 185.4276 314.6203 15634.88 11433.37 12005.35 15160.56 10268.03 10920.4 11599.14 13846.22 11445.37 9068.745 179527.9 NA NA NA
999.5418 908.1114 858.6304 833.2194 805.9677 777.2066 743.3623 715.4233 687.7206 665.9536 608.9003 587.4703 574.9914 554.3239 534.7956 499.7441 502.5696 482.8993 464.2119 440.1552 421.1758 406.7591 386.5078 368.7465 341.7327 328.0961 312.0631 291.5103 262.771 245.0432 240.1339 265.0483 812.197 831.0908 862.0257 825.4921 840.9048 849.7804 776.6669 668.6617 667.9328 562.9394 412.9468 249.4503 214.117 123.5683 73.17648 24.31524 NA NA
1393.578 1329.001 1287.084 1236.593 1204.878 1164.407 1138.793 1083.858 1058.988 1029.926 1005.771 974.5254 945.676 914.6974 903.0913 864.3842 856.3983 864.1475 835.9143 845.9682 801.3414 772.5288 738.4591 627.545 596.1939 568.9647 510.0399 486.8333 468.1361 424.9264 409.4914 398.2696 366.4336 384.9987 401.7406 1338.453 116870.5 176039.7 418921.4 929593.4 5180754 9105622 89706234622 1.426004e+12 1.310909e+15 4.406524e+13 9.350448e+15 4.802146e+40 NA NA
790.8924 759.036 733.5876 716.0162 698.9206 683.2021 667.0318 646.6649 633.5529 624.3188 597.4794 581.3674 570.7331 551.5092 530.2908 513.281 487.7946 462.5938 434.5369 419.7549 390.2192 367.2583 347.8434 325.4382 308.0462 298.9014 286.109 272.7197 276.6118 314.2885 1223.794 1040.271 980.2412 922.7872 794.0292 697.0741 634.1703 570.3587 452.607 425.5407 358.2499 218.4677 194.6437 130.2144 85.72531 57.3346 34.57858 22.62446 NA NA
740.6798 701.1179 686.2256 664.0542 644.9236 615.4896 604.2525 584.803 573.1252 556.6807 538.2996 514.3662 488.0302 473.1934 449.9446 428.5301 409.9381 396.8867 381.3131 351.151 338.383 321.8877 307.8738 290.1841 274.5197 265.2008 250.8454 238.0275 232.5157 261.5571 7322.146 7917.623 7814.292 15989.8 30514.6 59608.08 151277.9 182594.1 231080.4 112124.4 98908.23 120376.8 112223 240907 43008.92 14145.56 236159.6 1371879 NA NA
829.5108 791.8417 755.4091 729.3597 691.4969 674.9196 654.5128 637.04 615.1039 603.4805 589.5459 574.1971 556.698 542.1766 529.8139 512.1912 494.1525 472.1087 457.3908 433.0623 406.686 385.1467 358.2524 333.3828 294.5203 281.5447 264.3558 250.0792 236.5293 226.3895 259.4638 1053.661 1814.133 1785.45 2094.742 1515.14 1265.53 1105.398 1012.041 906.7304 700.5984 538.1084 354.0598 196.4635 169.7323 104.831 74.88179 39.31923 NA NA
1210.658 1149.539 1108.486 1050.557 1027.452 965.8984 936.115 908.392 861.5745 835.9826 798.4426 735.3147 718.6958 708.4335 684.5976 659.8669 649.6727 635.5701 612.9453 570.0282 532.6808 506.4274 472.2619 458.3504 432.0164 411.8146 370.0498 351.3617 329.9033 299.7285 282.833 264.1446 260.077 361.1469 1310.12 1500.06 2007.41 2218.403 2604.82 2299.709 2446.505 5101.249 8809.258 10408.11 5218.886 6853.707 684640.9 332772 NA NA
941.079 906.5816 882.0046 839.6118 815.4651 790.84 750.9205 702.4444 677.33 661.2385 641.0994 624.0361 593.5323 573.8967 546.0682 525.1786 510.0649 497.4258 487.9919 476.0406 443.3741 421.2176 398.5698 345.8018 319.001 302.7552 281.7983 269.6485 230.8425 212.4386 208.6868 447.8832 20863.01 46864.04 106496.7 309482.5 455917.7 1221218 8322569 25685678 1778298128 4135896558 3163002152 3.56488e+11 1.77038e+12 372367735489 6.357615e+13 NA NA NA
1511.775 1443.038 1403.639 1334.381 1274.813 1218.576 1183.841 1160.273 1119.648 1084.558 1057.068 1022.617 1004.477 972.9108 923.444 896.6528 887.2149 865.5073 842.5011 799.6577 785.8513 737.1397 690.4835 658.846 605.991 561.6001 533.6373 509.4182 477.114 433.9544 410.9201 387.3186 360.385 344.659 325.384 350.5015 2475.783 2911.163 5111.632 4070.789 6024.63 3849.88 2064.925 1236.197 658.9437 362.5969 210.591 366.0269 NA NA
873.4188 825.9359 805.6439 781.4852 761.2595 738.7903 717.8652 683.4729 657.4744 630.4474 604.3349 587.7162 561.9145 547.2708 527.7288 515.9922 507.7022 494.3578 457.2871 434.9207 403.7909 381.7505 361.1027 344.8193 326.4495 307.3238 287.0211 264.9365 249.6352 232.9641 220.066 205.0411 188.7404 214.2999 1378.337 1599.679 2182.482 2724.844 5489.025 9929.695 6465.809 14741.39 10235.19 13521.51 18539.15 394037.9 1713043 2487266 NA NA
882.4827 843.6815 825.9156 788.2145 766.5039 741.9119 725.6758 699.944 683.2034 663.3294 638.7804 629.7862 610.3699 590.1361 574.315 548.624 534.6223 520.5622 498.279 473.819 456.1501 432.7056 412.8355 382.875 340.4285 325.2927 309.4142 288.6631 274.5981 269.2401 260.2732 305.3681 29201.61 99824.25 182599.4 213951.7 240341.2 230506.8 110616.9 183265.9 147834.2 147917.1 131808 47293.85 9551.461 4792.905 1937.336 1025.463 NA NA
1008.121 968.5154 925.8258 896.1291 878.0853 859.306 837.9606 814.874 793.5259 774.5456 751.17 737.8349 724.9936 710.4086 692.2672 678.4135 672.5284 644.2099 620.2756 598.8336 544.6369 518.8868 496.4175 460.4658 433.138 413.7394 370.2444 336.2864 320.6185 307.0553 285.7989 263.8796 216.4695 209.5582 1234.387 1221.078 1535.687 1577.354 1002.953 901.7817 944.834 967.2553 697.226 546.4982 427.3751 270.1204 85.33332 23.23456 NA NA
1147.842 1097.589 1065.093 1031.525 1004.592 969.142 952.5614 923.6293 904.6428 893.6315 882.4228 887.2212 901.2277 892.5945 869.8266 831.4069 793.8016 761.617 731.4475 695.7586 659.6309 622.6627 598.4768 565.5569 533.8547 499.8943 481.6314 423.9192 394.9509 368.0096 351.9328 340.1994 328.4799 360.8353 541.9573 6747.881 11000.05 26860.25 39757.53 35971.13 20110.93 21024.39 36923.33 64051.8 1236358 198486.8 55987.33 3130807 NA NA
844.5325 810.4452 783.1375 750.9904 715.3666 674.4508 658.021 635.9041 618.9238 589.2559 564.4166 549.0935 530.764 509.219 498.8018 481.647 466.9008 451.2795 436.1662 416.7505 397.8665 383.3167 370.5869 356.3104 342.0703 323.0767 270.9962 255.8927 236.296 217.3573 203.3328 185.2706 181.1242 522.7664 591.0619 528.5796 496.7344 551.3025 595.1892 598.2003 574.2252 455.9481 444.335 371.2508 350.7874 887.8139 1248.13 472.7451 NA NA
1180.948 1158.203 1089.662 1062.886 1019.827 988.086 949.5413 924.2877 909.1862 893.1622 889.218 876.3061 862.4948 843.8543 825.6245 792.4584 735.0053 714.0712 690.0911 637.2662 615.5293 570.3116 536.9232 508.0425 491.4402 459.8795 433.5308 417.6272 388.9183 364.759 342.4818 317.578 298.0399 281.5917 274.1913 376.282 111154.2 261298.2 362436.8 832491 1647186 2123554 3581488 611137.4 218959.4 130860.2 24098.6 9233.673 NA NA
1252.919 1209.311 1162.268 1109.059 1071.737 1019.942 959.9571 929.9612 903.7824 875.8556 836.4557 807.32 770.2463 744.8705 703.8786 679.2325 655.3329 644.6291 633.8669 570.031 539.1666 515.4004 489.8353 447.1138 421.9636 401.492 373.3007 347.3196 323.4007 288.8026 263.0497 247.5702 242.7709 259.7121 374.6932 3678.48 13407.22 128786.4 1431355 14610884 45375148 1378408886 402264870 1200457484 16877325060 2.985096e+12 1.8122e+19 NA NA NA
785.1712 759.6378 733.2336 715.3312 701.9884 659.2852 643.4325 634.8771 619.0111 601.6187 595.5927 591.3645 579.8533 550.1066 535.1251 512.9333 490.9988 476.6472 449.617 422.5131 397.6835 385.4956 367.8083 332.1936 315.681 319.3423 329.3674 392.5597 1439.589 30154.43 48699.61 62703.37 76923.85 81900.55 104430.4 207216.7 216912.3 388667.3 683780.3 1178319 1484599 2453745 4359781 10251161 4200463 211633679 4.534651e+12 121118915431 NA NA
868.5867 817.0107 780.2779 757.0867 726.5931 686.8959 672.2247 648.8307 628.6456 606.5414 587.8338 571.5166 556.2541 533.1247 524.4656 511.8246 504.8518 483.1193 461.3768 440.9492 423.4789 410.0038 389.3366 359.0409 333.9019 309.7062 291.6546 269.0306 256.9785 240.1517 241.8733 289.2027 3355.679 5021.849 6115.704 10347.08 11238.84 21902.1 58875.5 125122.9 74049.77 125527.8 103945.3 58924.25 436375.9 684616.8 166773738 182742377 NA NA
765.2612 726.6935 706.547 689.7456 672.7303 650.9944 636.025 615.6737 594.567 579.8436 550.5907 534.5301 523.2218 510.1553 503.4716 478.1485 461.2239 442.3678 414.8786 396.9475 363.4877 351.3414 336.4115 328.2375 322.2599 311.0242 309.9728 317.8059 418.1623 19781.13 60198.65 107841.5 261342 476079.4 912600.6 842146.9 1860633 14882553 593966896 35196814668 4548794728 4565717326 26969626924 54504216314 6.907349e+13 2.28673e+16 5.201734e+25 NA NA NA
665.7979 634.1338 609.2241 599.7026 584.5787 571.537 548.2803 509.0391 484.7016 470.3027 444.5551 429.5872 417.1845 399.6795 384.9869 365.8479 350.1719 332.0616 311.2705 298.4457 285.3613 268.743 255.9143 232.0455 212.4588 204.0254 209.6724 328.9943 5910.474 6218.465 8684.532 11159.22 19849.94 20266.24 23822.64 27460.09 26137.32 40800.77 77605.55 87125.03 152169.1 87281.2 127361.9 33800.54 18948.04 8871.858 4307.707 1864.777 NA NA
1380.503 1335.53 1260.379 1196.669 1151.352 1114.136 1078.755 1028.106 993.7366 956.4311 922.2011 908.5495 911.9368 898.5365 865.0797 806.7444 817.9867 857.2359 811.9656 769.8924 717.6457 678.2559 636.7929 585.646 559.6392 528.5585 493.3205 472.1929 435.588 407.6361 388.7055 340.7293 309.7248 295.3935 248.5533 221.8368 2786.98 4970.379 6024.463 6138.735 7238.716 7333.418 19473.97 121649.4 29458.13 77706.51 6.505e+23 1.861099e+19 NA NA
761.9097 740.0123 721.7842 703.7004 697.0941 671.0034 653.5122 640.52 623.2277 610.3626 573.8015 566.5686 554.599 544.3832 529.6732 502.6627 481.3488 460.1705 445.3692 431.5328 417.004 405.0719 385.1392 359.1787 344.815 321.5127 298.7953 301.5446 307.6068 558.784 13626.2 18428.7 32734.69 130542.3 730725.8 1721053 8867021 66127826 223345991 1556124015 1.002705e+14 7.302915e+14 1.942452e+15 1.578266e+16 5.041301e+19 2.133867e+20 2.835282e+21 4.515796e+16 NA NA
720.2124 703.2845 684.4297 657.973 630.2094 610.5577 578.1468 559.1759 538.781 524.1552 505.0707 488.6886 476.145 460.8168 448.4344 432.0512 408.6263 392.5101 375.5518 336.9929 321.1995 306.3589 278.1737 266.1409 241.6142 227.9011 217.0886 216.963 356.3498 5763.542 12884.15 20835.4 27563.81 89567.88 147279 112090.1 260062.5 205181.7 521238.9 243301 460660.7 291803 86700.23 45966.48 10370.75 5303.271 3732.875 914.4073 NA NA
1050.143 995.3413 970.5101 923.3905 897.9447 871.7236 822.5754 799.1791 767.0312 747.2776 725.7103 704.4876 685.9118 640.0981 618.2012 592.3146 568.4313 555.0295 538.7581 495.2911 465.1161 442.4801 415.8033 382.4847 353.9747 337.7886 317.9785 295.2587 273.4002 252.9016 232.3123 194.4516 181.1626 276.623 14616.45 30706.12 36957.58 25491.11 24948.24 18511.71 15044.6 15179.4 11736.34 6594.165 5009.395 1893.931 1283.613 332.5071 NA NA
859.2738 807.6728 780.8313 765.2782 745.9804 737.1613 720.8539 705.4593 684.1524 673.5799 653.4506 645.9571 641.0399 620.4905 596.5265 572.0089 550.6256 512.3088 470.9214 432.3868 414.3706 373.0271 360.9698 322.6038 296.4157 270.1361 242.9319 229.9473 216.7296 201.7308 188.793 203.7569 3276.956 3809.524 4233.704 4662.783 5723.557 6462.131 5588.508 3711.836 2949.933 2741.797 1817.923 1642.886 1053.812 523.6575 366.8142 108.7552 NA NA
682.9593 661.2855 642.3921 625.0336 614.3014 597.2027 575.2763 546.8504 525.9625 497.2019 486.0378 462.734 437.2186 416.4606 405.854 381.2662 367.5509 354.306 334.7115 324.3426 307.5948 295.3396 271.7747 268.6015 276.3334 370.1576 5158.386 6264.346 7567.016 8273.532 8027.91 8481.955 8422.461 7511.585 8705.129 8246.287 10634.99 13793.03 15083.42 12667.16 24317.33 21301.47 16182.58 13167.01 69529 19502.07 116567 257570228833 NA NA
924.1895 894.29 873.7267 854.4317 817.3673 796.8808 761.4624 728.2347 709.518 702.8014 685.7042 669.8047 660.175 648.1052 605.6664 578.0316 542.649 511.9073 487.5531 470.4283 448.5482 429.6637 411.8497 386.5291 358.441 344.0092 325.0384 315.1384 297.2825 308.1091 350.381 3963.528 5324.422 6668.432 8963.41 10857.38 18583.63 36168.62 41481.55 47803.59 70245.43 91068.6 156524.1 204845.8 207284 316945.3 405255.2 14341.08 NA NA
1324.87 1256.939 1213.97 1189.653 1159.349 1119.885 1097.995 1077.819 1030.822 1005.753 987.5251 964.9907 927.4489 910.4029 896.6541 868.077 855.8262 842.2563 794.1082 752.327 705.3777 657.7412 630.0289 593.7718 561.3003 515.6961 499.8535 486.8472 457.5624 428.6496 385.0562 353.1688 331.0274 308.7953 281.0206 283.3403 392.0516 3144.458 2698.602 4730.296 8886.524 11162.82 20982.29 19770.31 187084.3 4570031 5568982238 NA NA NA
1074.773 1024.31 998.0342 971.7634 950.9617 897.8703 834.6872 806.8848 778.4983 760.3839 736.7633 702.7013 686.5312 665.5035 624.955 571.4407 538.6044 506.9706 490.7299 479.0341 448.6493 432.5574 418.4104 393.9463 370.8709 352.8558 331.8528 303.3044 295.1821 281.8524 272.5039 254.0153 246.8088 288.1265 857.4823 1160.622 1971.105 1614.96 1422.85 1339.138 1292.075 765.6013 433.4037 316.3538 279.9874 223.4136 232.157 65.37495 NA NA
1037.313 1003.591 978.8987 940.8135 915.8352 888.0341 862.0403 821.5559 794.7145 782.0582 771.6315 749.9219 731.9429 713.026 701.8492 680.6682 654.8022 620.0368 595.9763 581.7274 552.8307 519.4784 493.9722 454.9955 437.7531 418.3098 390.5128 363.7582 335.8717 317.0342 301.1973 268.6262 259.6816 452.9928 384641.6 524887.6 762024.1 512273 419567.5 287009.7 234892.7 117665.3 63623.87 46012.44 14271.55 8926.597 7442.64 7110.282 NA NA
954.6386 905.2143 885.502 828.2733 799.6023 779.0323 764.331 746.1723 711.5973 689.6691 672.2011 654.0867 639.4699 586.6438 572.267 545.6375 526.0988 501.2651 478.7305 464.4512 443.4913 426.9475 404.4166 384.6116 361.585 332.9896 313.8587 290.8934 275.1226 269.3012 276.3483 518.6177 62168.73 139719.6 265120.4 460904.2 950817.5 955647.6 582923.5 1197979 1128796 1042718 495959.8 67526161 2.86127e+11 36115591633 2944513818 11713721 NA NA
1565.567 1490.367 1449.695 1417.428 1385.736 1344.341 1274.194 1249.57 1190.687 1154.025 1129.266 1109.747 1025.458 979.2907 935.495 918.0655 873.7985 864.4076 846.0278 838.53 786.7485 751.845 716.4429 682.6462 663.5089 622.538 580.5064 539.2608 516.4232 481.1359 444.2524 427.3421 394.271 363.2903 335.0182 307.3931 334.3677 1338.85 1538.535 1213.632 1075.965 1066.137 492.8311 300.834 315.6541 3862.45 726.3812 264999.9 NA NA
1010.677 967.5089 927.3611 905.8107 873.654 831.2005 808.3279 789.1463 769.1815 744.6086 710.3655 693.1779 673.5713 649.1648 643.181 635.0655 622.7669 607.6205 525.7161 504.3974 478.6068 461.0643 430.101 411.9033 392.6815 368.8954 354.4273 325.7487 310.1817 294.4399 267.6368 245.0398 227.4628 256.5625 1246.572 1641.435 1470.933 1313.119 1219.224 1159.894 1128.871 1001.195 989.3459 1311.089 625.7783 795.3274 365.9385 146.739 NA NA
1433.607 1395.033 1360.822 1324.562 1285.611 1249.504 1206.748 1171.17 1136.292 1104.132 1073.022 1032.09 947.4682 926.2556 898.1656 885.4921 860.2997 828.6871 797.4699 766.7546 726.1994 671.7774 629.9588 595.744 554.2931 524.9012 491.4122 463.6747 435.0469 398.0728 378.252 353.0773 322.3809 301.5238 286.7582 272.1103 388.6231 12323.95 14167.75 44081.24 48174.78 52175.82 70167.21 24763.38 6287.449 4928.824 7559.944 922.5538 NA NA
783.2715 758.2141 736.9056 723.3029 693.6689 679.3312 663.3786 652.6582 639.2535 624.6271 596.7969 590.1447 565.416 539.3918 519.3813 500.596 486.9463 461.9539 453.0343 439.7764 423.8908 393.571 377.7406 369.3866 357.7004 344.0795 317.2958 309.8792 298.6907 339.0218 348.0873 1187.498 1362.526 1175.777 1306.913 1190.367 1269.852 944.0547 940.9689 663.8381 652.8534 497.0418 297.4893 234.5382 219.9307 376.682 1608.314 373460.8 NA NA
1163.815 1098.398 1061.147 1031.102 969.801 945.0988 921.8081 836.9063 816.1554 801.0527 777.321 755.4079 712.5062 691.9615 674.3539 641.2955 628.6509 594.7639 555.1618 522.0393 475.712 457.2132 437.583 413.2648 379.1513 356.9522 340.934 322.9838 298.156 280.1147 264.3494 269.5615 302.7802 2997.224 4110.361 4867.776 6403.458 6247.778 6908.243 7352.34 9554.487 9937.104 7406.852 47390.53 1112876 1831009 424099278 1183500 NA NA
1217.271 1171.38 1139.837 1091.12 1058.595 1006.967 962.8619 902.9077 872.9285 847.9962 824.7724 800.2912 747.7801 709.2466 675.5065 662.5368 647.7058 632.2367 599.425 585.3082 572.5616 555.4536 528.8592 490.0736 470.8509 452.852 423.177 394.9158 371.1747 355.0179 338.5632 323.8175 292.0967 288.6162 341.7531 981.289 972.5475 1105.799 1047.355 877.4765 887.6641 647.5161 390.7681 370.8928 618.8866 1104.865 839.8803 2981.554 NA NA
1052.53 1006.359 975.1556 940.4631 890.1513 846.3471 810.7735 780.7494 760.5353 737.122 712.5241 684.7926 668.9871 652.0159 618.7375 594.1344 569.7979 546.4214 506.6653 452.6914 437.098 420.877 393.8402 365.4562 344.2115 328.4212 311.9227 294.1146 250.2434 234.3269 218.9848 197.2792 194.7518 248.8373 3339.6 5012.621 7868.627 11257.32 21504.01 114257.2 365830.8 11456719 6753244 40066819 637537381 142975327 74360509 363770.9 NA NA
1042.797 1009.641 977.1244 949.7696 923.1333 887.5506 876.3724 853.7943 836.8237 826.3696 790.9024 784.0137 769.683 762.563 759.623 729.6927 690.9516 648.5361 608.4476 586.8263 567.3767 537.7607 494.2252 460.8014 425.8718 396.0086 380.383 340.4374 325.442 283.0349 265.179 240.8107 248.9453 299.7827 33466.66 69831.94 169791.7 625161.1 508679.6 279874.1 193521.4 140154.2 80635.55 18124.01 19796.5 28827.86 15346.93 11258.76 NA NA
806.2313 779.7826 757.7556 737.0362 725.2536 711.1303 694.6403 659.601 635.6518 621.7012 607.0013 593.3908 578.4534 559.4969 531.0878 517.7043 507.015 492.5473 472.0736 452.304 430.8086 388.4734 363.8348 345.7696 329.9817 313.3038 297.0733 280.1943 270.8191 276.9821 460.8757 10124.33 25922.19 37214.03 35193.74 23885.02 20470.92 19866.37 18580.4 10612.43 12101.28 7687.127 3779.377 2048.124 944.9132 1361.373 4577.119 225542892 NA NA
948.7464 916.0545 886.7507 841.7566 823.4263 803.0182 784.3119 756.6995 732.8085 716.5172 697.8126 688.3867 681.5113 678.0091 670.2831 647.5449 617.6417 591.2399 571.0996 550.2432 529.2738 509.3259 492.3275 469.9313 440.6766 427.6277 402.2137 384.358 363.0874 369.2503 452.5631 988.921 15052.25 22772.92 24868.83 33229.41 34423.24 16139.42 18279.4 14087.13 19499.83 37501.79 110274.5 155118.9 1032565 155565307 1.133237e+13 94648982716 NA NA
1200.974 1153.158 1109.163 1059.616 1030.858 997.7395 959.0431 928.4357 897.6747 873.4089 855.0619 827.6047 808.2319 790.7996 768.4225 711.5013 669.6258 647.2094 616.1476 571.8136 544.452 518.9354 502.5735 447.9534 426.7818 408.1487 383.8531 359.6638 338.7041 316.1638 299.7264 260.183 262.0461 1224.836 1318.14 1171.177 1174.904 901.3871 697.6589 776.1431 1130.279 1853.882 1493.869 886.1851 854.353 1046.17 3115.231 535.5184 NA NA
1024.904 980.4753 954.4452 932.2673 903.2912 880.8431 857.5985 818.8668 792.3112 767.6902 739.7621 726.4635 706.8898 690.9754 677.6285 670.4364 665.5718 641.9357 612.0487 589.212 565.2235 531.6489 505.887 480.3749 456.7576 420.9445 390.7374 360.5315 318.8819 293.3761 270.5168 259.6204 287.2305 1578.402 1995.748 2165.045 2248.772 2746.06 2386.314 2611.914 2432.598 2184.897 1460.992 1527.724 2054.491 1687.188 315.2413 694.7652 NA NA
669.3834 653.1794 626.0484 611.3969 579.8448 561.4571 544.241 527.6629 495.2987 482.5096 472.3189 465.6679 448.064 441.5576 420.3756 386.5834 379.2026 367.4496 349.257 333.1291 321.4373 299.3952 287.5611 273.3188 263.7418 238.4763 213.704 215.2231 377.8771 2247.01 2875.932 4751.647 7671.568 13544.83 20646.46 55369.36 228353.9 140134.6 108830.6 86093.29 111687.7 531877.9 248116.3 644751.2 10834746603 4.012996e+12 3966186 NA NA NA
1186.807 1109.751 1082.608 1067.248 1045.676 1018.069 1006.164 993.4935 987.9045 976.91 969.6895 971.0395 972.0276 943.5388 906.0169 864.7919 808.9356 769.3971 729.8834 668.3648 621.2535 595.6256 568.985 533.8509 506.5534 460.2547 435.7672 418.4539 397.5241 373.5344 343.785 314.2244 288.2239 264.4868 243.036 224.6081 219.1468 1570.066 1546.067 2290.225 2214.264 3215.308 7393.066 15960.7 26420.58 16751.94 2825.452 1020.939 NA NA
888.97 849.6357 793.53 776.542 736.053 707.0654 688.9111 654.3794 618.7203 595.9748 576.8132 557.3535 547.2651 530.2596 516.0022 472.7812 445.0619 437.314 420.4765 408.8944 392.1652 371.9256 354.3642 328.5481 316.8361 292.0764 270.3061 257.351 244.2009 231.5386 207.0011 190.9052 192.0662 268.4748 7360.93 17142.67 18692.54 33142.99 25890.33 24151.23 33291.06 15559.87 15235.7 7881.958 5596.239 11624.4 19438.62 1808838377 NA NA
1020.434 981.6486 945.246 925.2712 893.0091 863.1399 811.6179 801.8195 784.8513 756.2099 729.5382 722.6486 672.921 668.7527 665.6873 624.4846 598.5976 554.8045 534.7019 519.6578 497.711 473.0649 450.2281 425.0698 396.9313 372.9522 357.1452 342.3074 308.3513 293.234 275.1194 253.4816 242.1 268.1335 1816.025 1729.79 1476.92 1347.31 1506.857 1538.718 1307.649 1120.432 1112.945 1387.417 444.5413 320.717 172.4718 66.50833 NA NA
838.6634 810.1352 783.0833 765.8554 748.4308 719.1103 705.2508 688.1443 674.228 636.6288 621.6585 596.6082 578.8427 562.136 543.3127 515.9596 495.8012 490.0112 465.6155 447.6359 428.102 411.1637 385.7597 367.6638 346.4884 310.1729 291.7985 273.5695 258.7308 239.0235 222.4933 214.5362 315.6522 1780.315 2452.828 2650.526 3266.536 3952.024 2941.209 2041.429 2606.169 2439.418 3296.972 4803.847 10284.16 3902.683 5886.128 128372818 NA NA
1115.291 1072.925 1016.627 993.4517 933.7454 895.3352 864.6817 828.9874 780.3148 754.7666 730.5855 693.4494 677.6316 654.3723 622.533 605.2929 590.17 556.8068 534.0927 494.6436 474.0413 455.1362 418.8405 399.4794 379.95 348.2062 321.466 306.7785 292.486 265.7772 247.3822 239.1336 241.9357 384.9392 70287.66 63721.72 133923.5 96284.23 83847.46 122386.8 79087.97 56166.73 48529.65 59597.16 328626.5 59196.65 10674.38 7500.34 NA NA
903.1858 856.8243 811.2758 783.5255 745.8029 725.2506 681.9975 653.8305 631.4912 606.3241 583.5194 563.8753 546.5369 518.8305 509.4417 491.8395 463.8143 442.511 414.1317 402.269 378.0366 360.8475 347.5704 330.2375 317.6023 290.3985 278.7296 256.0998 238.9994 222.9206 220.8581 259.0384 4402.232 8491.013 25773.12 32329.35 44167.22 32728.48 21273.61 21752.11 15127.23 16337.1 10195.27 5606.161 6008.55 5786.827 1252.451 401.0711 NA NA
915.1 834.3507 803.3389 772.2124 757.9566 734.2718 715.3518 693.7763 681.0284 656.9318 624.5597 598.8209 563.6125 533.0158 518.2584 491.4334 465.2162 453.3625 437.9125 414.6863 403.0804 385.0846 367.1126 347.1002 332.2421 315.2561 299.9814 285.1303 259.7554 248.5557 242.9762 269.0876 4370.803 10174.64 26427.5 66519.12 91612.07 79911.65 101928 75026.84 50501.53 77259.95 105160.5 37285.45 13535 4280.988 2712.635 12018.28 NA NA
897.1196 870.0282 851.2017 833.7509 780.6004 759.7281 728.9464 704.5799 684.5976 644.6136 620.8165 606.5051 576.5947 564.1415 546.2654 529.8222 516.8611 499.6205 461.2497 440.6398 426.4344 411.5233 393.8244 366.3582 320.0908 303.8777 291.0247 259.1436 248.8641 244.5876 281.9349 4302.707 8571.737 23096.18 20681.7 49805.03 128594 327752.5 389340.6 1353102 19163362 6592214 5844279 20184214 957787141 2.804921e+16 1.229118e+17 NA NA NA
1092.657 1039.383 980.7061 958.5881 908.4501 873.691 852.7445 831.1458 809.0057 785.4678 746.14 721.2136 698.237 668.8152 648.0339 632.839 624.6456 594.9116 582.3919 552.4477 528.1651 486.9134 439.8097 415.4973 371.1518 341.8734 310.0269 287.1089 264.0764 238.7282 221.2479 209.7299 195.0457 1637.18 10042.51 10716.49 25317.17 138700.1 392764.9 343993.1 488157.7 218383.1 176052.2 363230.6 671409.2 8575363 13110057839 1.942292e+14 NA NA
865.178 842.7292 818.8803 804.9011 769.2194 742.568 717.5188 692.4294 675.8037 664.8647 635.3653 609.592 592.0393 576.9382 571.5383 555.2138 522.7234 504.0605 480.4844 456.7266 440.1688 423.159 407.4561 379.2258 360.0314 332.3454 296.9112 274.1269 265.0334 272.7043 415.6156 1682.752 3113.123 2710.564 2312.172 2499.981 2577.27 3437.304 3458.406 5600.13 4979.515 8545.972 170920.4 120773.9 181372.7 674728.6 23342641 88673583875 NA NA
935.9173 885.7384 869.8189 849.8189 788.9241 771.3579 747.1087 706.0983 672.9343 639.2646 618.1746 582.1881 566.8626 548.2484 541.8819 508.1733 495.4421 486.9141 455.7668 436.3551 418.0621 394.0818 368.5159 357.6453 329.8792 312.3149 291.8313 276.7469 268.2159 255.7389 250.4194 265.2041 391.57 1843.402 2294.561 2791.267 3701.303 6254.615 9550.141 17094.12 38082.55 69060.82 132379.8 49204.77 17615.48 21843.4 817191.1 5.036961e+12 NA NA
755.2146 719.4943 681.6825 671.8061 633.6433 614.6889 601.9731 584.1446 548.5942 513.5547 505.0994 485.6461 463.4805 452.7324 440.6639 426.5512 413.6018 399.4708 384.79 371.1151 343.0825 332.4395 316.0746 302.4293 290.3895 283.9592 255.8027 267.5956 272.4848 263.6854 2640.736 3666.664 4453.522 3301.534 4499.946 7587.162 18012.64 22072.13 19045.71 22421.12 15470.64 8170.275 4296.745 2265.087 1760.687 896.0248 407.7451 866.8017 NA NA
1244.821 1184.661 1158.904 1095.341 1064.901 1013.47 983.2871 977.3658 965.5187 942.935 921.9593 880.6135 865.3224 819.7357 806.7587 796.4891 771.2112 736.0955 710.1057 661.5315 617.435 590.8998 553.8333 521.4245 498.6145 448.4358 424.8233 405.7798 369.4122 351.3223 321.2516 302.7977 292.35 268.6528 292.0424 5526.526 6139.264 7446.588 9672.401 16000.86 24260.78 31191.27 361472.7 333487.9 1525710 668262 7083381 1607622 NA NA
1140.159 1066.951 991.155 925.0028 893.7797 864.5832 839.928 809.1767 784.2582 764.2594 737.393 717.665 690.864 636.0275 619.8156 600.3092 583.7659 550.1556 528.6638 514.8783 493.98 471.97 455.9345 408.6115 393.1301 377.3373 354.4818 335.4837 313.317 293.3956 257.7925 223.3421 203.2711 186.8723 189.313 3845.712 21744.71 42081.63 50125.73 73989.42 76626.83 182610.1 133803.9 53931.65 194792.2 442738.9 52920.82 140431.8 NA NA
930.4433 859.7511 822.8375 804.7872 782.1808 761.6077 746.0415 716.8997 697.6348 640.7683 624.1096 612.5864 599.0811 587.0448 572.2849 563.9619 547.7555 525.9409 506.215 491.685 466.3755 445.1221 423.58 407.1664 391.3531 377.4806 354.9556 347.0643 331.6872 327.6261 353.5383 742.1888 10369.98 12638.25 34502.29 127272.4 478705.5 3063267 10863387 156687519 1079421039 250431147 1816073397 441879051143 254697855105 6.172238e+18 3.244483e+21 2.121806e+17 NA NA
1509.396 1442.081 1399.676 1336.032 1307.512 1245.678 1196.327 1171.441 1133.6 1115.236 1099.576 1048.096 1038.053 1008.04 985.7913 985.4663 989.9152 969.4022 871.1809 834.4563 791.146 734.708 685.5669 634.5528 593.4141 559.036 522.3648 486.7239 457.7522 429.5345 392.9841 363.6883 335.3734 318.456 298.9184 279.9729 303.0078 1946.077 9105.603 17919.69 31708.9 22450.81 66002.67 24021.53 23201.95 258793 128596363047 1.518244e+41 NA NA
1027.504 975.8168 946.0636 920.6797 870.3187 846.8076 806.3636 763.5638 700.6838 680.3947 655.8911 634.9482 620.7263 588.5678 560.6363 537.1444 505.7872 499.352 487.0181 452.6914 432.0586 412.0505 391.9898 372.8472 354.665 310.0513 291.6153 259.1124 246.041 232.9994 212.9199 197.8753 187.5177 184.2118 405.8896 570.8273 825.5057 1095.494 908.6156 782.8229 750.7846 484.0363 462.4604 349.197 229.171 158.8839 103.5052 41.70953 NA NA
1097.337 1055.687 1028.449 1008.379 989.0272 974.9003 964.4599 950.4229 923.134 911.2389 888.3023 836.2125 816.6921 792.3369 784.6365 764.6093 733.6556 656.1724 630.7531 614.6919 584.2024 552.2835 508.2802 486.5667 466.3676 445.1389 399.8032 384.8121 357.0329 321.7447 295.8874 268.271 267.2311 496.689 5216.579 7281.884 10828.66 21981.78 20450.34 21667.6 11153.16 10226.13 27987.52 427039.4 209955.9 12693261 2.009235e+18 448.674 NA NA
868.5792 839.2773 800.277 751.8053 711.5922 697.8278 675.9765 650.2247 572.6913 565.2663 543.6034 524.943 499.5234 495.8816 485.2157 480.908 471.3166 445.7271 434.72 416.5205 399.7267 370.9608 316.056 301.7215 280.3302 262.1034 230.835 212.9561 203.0733 191.4348 181.7584 182.1509 261.5954 51111.73 179396.5 263025.5 386636.8 385607.4 486211.1 594481.2 1253813 2247018 8719683 4313723 6637838 186444654 24538026593 19670664039 NA NA
699.4617 670.0205 653.6936 637.4785 598.1479 580.7203 565.0442 542.9348 512.0232 487.6633 474.4547 453.3675 448.4636 435.0421 419.2793 399.5525 386.0084 374.7209 366.0271 337.3555 326.9321 308.217 294.9505 283.0795 277.7345 285.5164 336.4468 2982.385 5262.526 5728.019 8326.797 11359.07 17849.14 19210.49 20974.03 19755.56 26426.72 16096.51 14980.2 24317.43 14308.12 20024.34 33922.44 58545.77 95440.48 2653445 1.529587e+13 65860201920 NA NA
880.406 851.761 831.4681 811.7379 791.3174 769.3846 733.4595 714.6562 686.1218 657.3539 643.5499 592.9781 555.7699 546.3394 539.5233 509.2627 482.1547 448.4161 432.2031 410.829 400.7619 362.1453 345.0586 329.1756 306.6519 286.2404 265.6609 251.1842 236.2004 216.7344 206.7288 200.3937 345.0462 979.9166 1096.255 1085.312 1373.327 2007.791 2289.096 2345.375 1384.795 1345.51 1009.447 784.9506 1041.555 6142.409 93342.24 1687.017 NA NA
1410.493 1338.901 1305.897 1257.709 1226.683 1176.608 1142.036 1111.032 1028.197 993.8139 964.0625 858.2066 834.5574 809.4494 781.9918 749.7743 726.1685 683.4819 661.686 654.9973 640.4865 588.0289 542.5993 514.6947 484.901 461.9899 446.305 422.484 390.0072 365.0755 339.571 279.762 266.6125 257.6914 246.8518 258.4524 2205.775 70076.65 100156.6 369801.1 480729424 2.651953e+12 2.670407e+16 2.093668e+17 7.056643e+18 6.911301e+25 5.290702e+20 NA NA NA
1163.911 1133.202 1124.877 1109.087 1053.26 1017.842 981.7392 962.479 930.1167 903.2681 882.0197 865.9573 841.9683 855.5755 808.148 748.7396 770.2134 760.9746 742.0209 707.2041 674.754 627.1742 605.7474 570.0904 541.6818 501.8932 477.2722 446.1733 393.4306 376.848 387.8082 393.0947 831.8188 10548.98 17045.63 19436.93 16269.08 13902.66 14273.49 17447.89 17506.58 17623.01 16285.98 16755.19 9802.139 15603.12 9604.199 15394.98 NA NA
919.4576 880.641 857.5921 829.7471 806.3425 753.0167 724.2369 702.3456 687.7688 652.2287 628.6941 601.6537 582.6578 566.8746 547.1812 537.6624 522.9988 513.8244 478.5694 460.3671 444.313 413.9006 393.4173 371.3762 354.0633 334.9805 310.7127 292.8673 269.1419 246.4307 230.6753 205.3913 245.7 1267.939 2739.75 5656.173 35130.22 105759.9 114071.4 78993.88 54773.21 59307.14 249450.8 1840256520 315524136 4879610895 243270500 NA NA NA
1637.497 1532.958 1469.022 1436.362 1402.534 1321.68 1266.409 1268.961 1217.512 1207.826 1134.045 1113.498 1009.82 999.018 982.7631 870.2701 858.5477 882.3013 784.4091 761.4548 692.7787 678.601 633.8313 602.0393 567.7196 536.3179 511.3354 477.8855 448.481 421.8268 413.173 405.1826 357.8004 349.4368 393.0124 381.0058 1973.55 2114.884 1955.081 1867.006 1474.719 1113.803 787.2745 621.8982 427.157 288.7816 303.2491 318.5745 NA NA
874.0907 842.92 819.2556 802.7599 774.6477 761.4534 737.1177 721.6616 706.8303 679.2746 672.0776 660.5374 643.8933 608.7828 589.4438 551.4969 535.4332 519.7474 487.5866 466.9738 444.3677 413.6129 402.616 376.8463 354.8214 340.6315 326.9002 306.3025 286.4663 273.6945 275.2266 337.363 9529.197 16578.89 15844.27 15511.74 17872.3 17927.39 20781.51 14423.87 15035.81 15767.82 11548.96 13791.83 11115.58 6999.896 2463.311 751.4093 NA NA
1055.846 1008.807 967.6187 920.4785 891.9161 853.2855 815.4491 775.9139 751.4499 691.3063 657.7545 619.9664 604.6598 591.6927 583.7249 563.6386 539.034 515.0421 496.6867 462.3488 430.855 412.84 393.3934 371.6557 355.6897 338.3029 299.8688 278.4153 259.5909 223.7308 201.5248 189.3934 184.5875 745.6425 725.0675 720.982 819.7142 685.9261 601.373 422.0601 327.8267 210.1602 185.5711 175.4235 145.1402 82.71506 69.76423 67.06948 NA NA
1048.571 1013.842 979.6014 924.1571 916.6798 891.4658 889.6031 857.3917 842.6754 822.3634 787.9588 716.8121 682.1345 655.8448 647.6508 628.155 586.0389 569.9614 564.4524 540.5972 515.6908 499.7441 474.1893 443.438 421.2059 397.9948 353.0654 325.0292 314.2481 282.8846 284.2358 223.3706 2866.491 3611.884 5250.067 4438.202 3979.411 4269.881 3615.494 4131.76 3178.494 3530.797 3301.051 2691.657 1231.755 1047.822 234.0871 3526.646 NA NA
921.368 868.7371 847.7597 824.3275 795.3879 773.9654 747.5904 718.3182 686.5698 653.8003 635.0742 610.8353 597.2133 583.0655 571.8827 556.424 530.5671 512.3365 498.8615 469.4052 434.4678 401.9782 388.5841 378.3176 364.2937 351.4676 352.7065 358.5607 417.1949 1309.876 65664.62 163941.8 324679.5 491848.5 514617.2 506707.4 369054.1 407550.3 417420.3 282607.2 288445.1 759300.5 438549.5 277864.8 138722 273292.9 15265977 4662420 NA NA
944.5911 892.7004 877.9998 839.4665 813.479 789.6955 766.687 722.565 708.4894 682.7709 665.1658 652.3365 628.4652 615.1457 610.3038 596.0476 570.0566 545.1332 517.4894 495.8456 476.8462 454.1315 436.903 406.034 389.4906 339.0001 319.5884 295.402 277.6311 273.5488 320.337 1365.399 2403.584 2391.072 3309.431 4542.232 6641.743 10822.23 10498.48 7210.785 7192.983 7058.928 7759.446 5604.047 3811.578 1670.892 1222.294 475.8114 NA NA
713.94 658.8924 640.2333 617.5657 596.5908 578.9495 559.6725 547.9121 529.2498 520.1778 501.0167 489.5961 477.5486 459.7073 446.2782 428.9033 415.1409 399.8279 380.7318 363.3464 351.0302 323.3799 296.1867 268.8741 256.6123 237.0221 234.9204 259.1922 1153.297 1702.207 1808.625 2334.954 2239.891 4124.791 8239.388 8161.877 9839.035 7478.974 6027.505 5225.159 4290.102 2782.23 2157.427 1614.066 1741.075 1680.299 828.6669 27577.35 NA NA
832.7804 797.4686 769.826 751.4312 713.5702 688.0346 663.9038 648.2659 614.7471 573.238 546.5538 522.4817 503.7519 461.4318 447.623 438.3071 411.0428 402.606 390.3879 381.0268 360.2954 346.0226 333.3589 322.6536 307.5447 298.4638 286.9973 273.3286 251.8354 264.53 392.8323 1390.486 1510.048 1588.905 1346.493 1241.377 1068.516 1188.851 1107.773 1033.733 1054.389 903.5872 1152.162 3170.134 1590.725 1019.473 12953.21 NA NA NA
1139.649 1052.846 1022.86 998.5347 976.919 947.5827 917.6724 890.3927 836.8942 803.693 788.0289 764.359 742.6937 728.5525 707.6219 684.5972 669.0606 618.5859 615.7294 601.74 567.4977 546.669 520.1188 502.9185 486.8581 464.8999 404.9905 386.3906 365.138 335.0604 323.9697 288.6161 262.1133 255.9409 338.4167 4330.49 6362.747 6641.707 7276.277 6954.132 5143.459 3415.012 2738.409 2123.526 1678.891 1302.443 426.4463 417.6288 NA NA
943.3514 898.8622 872.7486 836.5119 817.8882 796.1441 758.1346 715.1332 682.7697 654.1747 638.9569 619.6481 599.337 576.1211 559.6914 540.6946 529.1255 508.2725 491.7638 470.452 443.7943 415.684 398.4189 337.9698 325.7729 304.7373 289.6787 270.6955 238.2604 230.3398 238.6313 410.7864 37116.31 96873.68 250767.2 1776340 22486278 31783770 153009914 5567487459 2479510914 8104890899 135813456710 36734008452 386251156999 35527520409 13080844095 806719806 NA NA
1023.148 969.3142 939.8042 916.4856 889.1259 868.6771 837.2656 815.2843 797.6481 769.8991 753.0855 731.8238 702.8071 682.1871 652.3779 630.7543 611.1454 582.4168 569.0134 527.7807 474.3164 451.1787 418.4923 398.3981 376.5694 365.1791 351.132 322.0823 306.9253 291.7886 279.1694 292.5812 589.8206 5689.97 5302.514 4521.563 3914.661 3672.001 3418.093 2549.785 2126.317 2764.661 1670.62 1235.031 656.7227 834.6572 393.5389 388.3726 NA NA
1221.998 1177.7 1149.471 1126.028 1064.643 1012.182 990.8875 960.0888 938.8811 873.4644 850.5035 827.1736 810.8 788.7552 767.8515 746.7507 727.4604 701.6409 680.9789 645.8943 606.3669 576.3966 514.6951 474.1712 443.434 423.7314 397.1889 371.7304 320.5773 280.0096 261.5154 247.9154 229.7326 227.614 419.7308 447691.5 1096684 7988079 49757922 89505263 61132431 1478661607 27675596579 49638130019 2.968941e+14 5.973458e+14 7.424583e+27 NA NA NA
986.1969 957.049 932.1778 902.3154 879.7622 848.9023 825.8199 796.0388 758.5327 741.478 721.0147 701.4569 681.4953 653.4792 630.4519 600.4857 561.7385 527.8728 516.6525 496.9413 477.4525 459.707 439.7291 424.0502 401.1502 369.3299 348.5742 326.498 310.4068 297.8347 270.8684 277.7402 501.981 19178.87 64495.29 141154.8 119663.6 98365.62 216210.6 1011094 1571875 2557537 2813246 2120348 728929.1 223846.5 27425.92 4567.894 NA NA
763.7539 731.2947 705.7549 674.1139 655.5106 633.4931 618.1581 607.8932 584.2679 573.5234 562.5867 553.5979 542.4912 531.5785 509.999 481.4223 453.4504 426.6478 405.8718 393.6931 382.2431 350.9477 331.8702 317.0948 285.3009 258.9143 242.8181 248.8605 250.6014 255.7623 1327.65 1882.035 2033.988 1961.979 2488.656 3286.421 4009.884 4866.184 6591.116 5796.591 12512.26 57674.53 103216.9 41876.27 30400.46 6771.812 3671.171 438.3229 NA NA
984.8821 942.1624 919.7252 888.6925 859.7927 826.9922 794.0465 755.369 728.0364 702.2148 671.924 649.8452 623.9303 603.5559 592.9468 568.7621 561.2578 558.7008 541.7589 522.8438 490.9977 464.3225 444.9973 397.2029 364.6094 341.8801 325.6295 294.8828 263.1961 247.3491 229.8835 218.3908 198.9941 211.9764 1956.679 3985.159 10736.52 90089.25 681243.2 2443236 4092175 11300670 29636055 26548732 257975300 419012276 20816759029 122521402 NA NA
698.6221 663.812 624.2649 607.8764 586.4887 565.2128 550.0279 531.4105 520.5139 513.2184 499.9814 495.0471 495.8112 470.0627 444.3936 429.9793 406.4715 391.3312 365.8419 352.9933 340.1248 324.6348 306.7818 276.6522 263.5731 259.1561 251.6344 260.2199 366.9977 65108.92 205421.1 671914 2551920 6836917 14749881 25711773 114534346 2502298367 101628270362 143753484609 228874472008 355214875024 472230788800 1.07317e+11 75897259761 35334459058 132626365913 1755073610 NA NA
892.2723 860.4951 808.7406 792.9089 769.587 748.6805 732.5584 708.4502 651.0651 636.3031 634.5311 618.2639 609.0389 622.9488 602.9132 561.6824 540.4904 513.2662 495.356 455.6385 400.9306 384.6679 363.0986 350.2991 334.9466 318.3746 287.2081 276.3396 263.0031 233.9857 191.0286 184.62 191.6374 227.2631 1818.927 2530.676 3210.636 4421.395 4071.438 2535.143 2183.626 3381.348 3081.165 2107.631 1005.65 814.3835 355.6939 80.26463 NA NA
1050.015 997.3829 965.4083 936.9756 904.5737 891.9285 860.5275 840.3343 816.8114 795.803 776.7143 737.4598 715.4946 685.4983 667.1833 643.5621 607.5099 588.6172 546.5533 502.6366 465.2663 417.9171 393.9088 361.4222 345.5777 330.7086 316.775 304.011 286.3633 276.8295 268.1918 268.5053 342.227 7737.921 17049.91 30589.86 17090.66 25743.32 39021.32 75019.09 106329.8 246793.9 3384760 12985615 16388843 70853846 1086415 223545.5 NA NA
870.6607 818.2998 802.2422 757.9374 733.6309 711.5924 679.8581 662.8117 634.3021 602.3593 586.5986 557.8261 544.3795 535.5022 519.9399 500.7733 488.1702 474.857 467.1954 455.0591 422.2365 401.2778 380.9366 360.9923 332.4145 316.9416 307.8219 283.8634 271.6898 254.8799 238.8758 222.2476 247.5964 2776.451 8455.885 24070.8 66606.06 46070.91 77544.18 82432.7 52115.51 48463.82 41353.58 43370.23 274760.1 2444136 3425336 398421.8 NA NA
863.0984 827.2413 795.6147 772.357 751.8155 716.7319 697.2214 662.7938 647.8031 634.1439 615.9601 595.9479 574.5344 554.8387 540.3725 526.0512 514.7077 498.4727 476.6829 466.9393 447.6455 407.3931 373.7858 358.0039 338.4757 319.4136 284.2871 272.7364 261.6454 250.8429 254.8114 357.6374 77688.43 199417.4 930770.4 760019.9 7459515 13528743 24668436 14988986 29607614 38465380 32114184 62566071 29854610 22988432 302551.4 11027.12 NA NA
1082.993 1048.772 1014.827 978.2853 960.3812 941.2589 907.2493 882.9348 868.1268 859.0988 840.0166 777.8413 757.5709 686.2923 650.8515 621.6231 600.9925 558.9164 538.2733 514.6885 489.9729 468.4091 447.1322 433.6726 419.7514 386.4727 361.3551 341.2973 315.8468 295.1006 251.7796 241.2066 247.5915 813.6157 1058.147 1216.186 1314.638 1061.975 1507.973 1599.595 1109.127 861.1766 631.1187 380.8363 256.1744 150.2818 76.59014 48.63515 NA NA
762.2577 739.0995 722.0093 700.4107 663.0234 646.1033 632.7787 615.4612 588.0317 568.186 553.2472 533.9212 523.1672 506.1456 495.4527 485.6879 470.427 437.8019 421.5858 408.1831 399.0412 384.9957 350.3129 334.9648 309.624 297.2965 266.5437 222.8514 208.388 201.9032 201.024 2185.427 2407.081 2735.01 3212.422 3718.679 4274.485 3457.766 4869.179 4033.42 5580.859 4147.946 5806.769 8293.124 8958.844 373309049 186150233043 2.996309e+20 NA NA
1030.911 984.6288 950.2186 931.1136 896.8337 883.0139 852.7999 826.9195 787.2301 761.3119 731.4162 691.7081 671.2674 624.6425 614.1268 561.0692 551.337 539.726 514.6925 499.0171 479.2657 443.1994 415.6714 399.2614 379.2581 362.6439 326.4344 301.0962 273.7898 253.1203 233.0499 212.5952 207.6972 272.3717 5293.999 84229.86 1284054 1564180 814809.9 681869.9 814681.7 405725.1 528543.8 1527612 5953365 5041142334 169345276 1693277259 NA NA
1307.533 1296.145 1264.315 1228.385 1181.071 1166.938 1114.439 1081.911 1077.612 1060.214 1049.684 987.1062 942.019 941.8491 948.5894 907.6768 903.5924 870.59 834.0487 783.2095 730.8777 681.2245 635.7204 608.6084 588.5406 517.0128 471.212 447.5131 425.1022 404.4938 391.0225 377.3398 365.492 485.7617 858.2531 8614.931 19546.17 33840.03 23658.51 63432.69 115990 173315.8 251265.3 1516897 2044729 365352892790 1.226074e+20 NA NA NA
967.7212 934.0816 902.6312 884.5377 852.6765 836.5458 817.4278 773.5409 757.3233 740.559 725.3167 711.6267 687.3843 677.7909 675.112 671.6644 668.891 590.5978 553.3486 529.2638 509.8202 480.4552 458.6174 440.6046 423.5988 405.4534 393.0035 371.2684 356.6049 342.108 332.5434 342.4049 449.1562 4545.377 7259.853 11139.05 11277.11 15132.56 19209.07 54623.44 139576.6 54321.19 41960.05 101370.2 48710.92 35927.24 12780.6 753675325 NA NA
961.5255 892.3306 881.8761 861.0079 830.3059 812.8767 795.4584 772.0758 734.1004 704.57 669.8574 648.5918 628.3056 603.008 572.9927 555.9067 544.2932 518.6781 488.8492 473.0104 449.6246 430.2941 411.5567 397.2021 376.8625 359.1204 334.772 322.7628 305.748 300.0539 317.3893 567.4624 4770.941 9575.872 27748.61 27658.93 73138.74 50668.73 77195.62 61925.74 44722.05 63399.61 63948.8 104463.3 68473.03 55902.58 39971.36 1784.967 NA NA
998.8399 955.5125 932.9228 905.3672 862.1733 830.6305 795.8895 772.757 758.1364 742.6076 718.9262 662.4219 652.8651 632.3249 612.1573 595.0736 571.0417 539.7836 518.436 500.6152 484.5819 465.1467 442.315 404.2463 362.0222 344.5377 326.9078 311.2855 288.5793 272.2772 267.7391 273.105 3617.586 32084.82 341364.9 2053737 4519387 14914220 8566294 177636605 52312151 231471664 422731459 185624584 50481147 10710138 8610563 890692.5 NA NA
668.1231 635.4091 620.426 597.7529 582.0361 570.5992 558.9241 544.7578 535.5481 524.3666 512.8378 509.1494 501.0229 484.0017 459.984 448.7468 439.04 420.083 405.0396 377.0888 363.4636 347.9069 336.884 311.2774 300.3598 291.7345 262.1768 284.4718 579.1005 3573.486 4176.329 6037.728 8945.787 12128.62 16973.17 24486.28 36904.61 25101.99 20412 14298.93 22755.12 59115.98 66599.59 291767.4 3544020 267391403840 222805138152 9.553e+09 NA NA
1210.829 1133.68 1105.722 1072.967 1040.252 1011.714 974.271 941.6427 902.1334 864.1464 828.5056 799.7622 770.1444 740.1034 705.9709 690.1524 651.234 618.0732 600.1696 589.4836 577.7959 558.8507 520.1993 495.7586 477.55 453.4865 422.1196 402.5473 386.3051 356.5612 329.4088 308.3186 300.6635 307.0868 435.7299 14052.04 24661.57 17643.68 37152.46 49429.83 85786.71 109256.7 219190.6 455779.6 4330775 5.06109e+13 1.198995e+23 NA NA NA
765.6939 734.905 720.8405 676.0359 658.85 634.309 608.5212 594.7258 578.0524 565.1995 547.6382 512.1144 503.0347 464.4848 441.8485 419.6744 403.5735 388.2092 370.5534 346.5886 331.0329 317.5373 299.5778 287.5088 268.7104 247.8334 218.0165 206.9256 193.2784 294.5156 1056.849 1234.731 1423.771 1603.14 1479.825 1556.147 1498.799 1244.322 937.4083 913.0716 855.1953 734.3469 699.8743 706.7906 972.6811 7096.095 7434.071 16687.46 NA NA
1076.08 1022.366 996.2151 956.6825 926.825 893.1425 863.1195 824.2792 801.0616 762.2693 740.0534 711.7565 687.7528 658.6823 641.2482 611.222 587.7327 577.6991 555.9609 549.8903 536.6091 517.561 488.4129 458.7498 439.3987 399.923 388.8889 348.5398 333.2999 307.4812 293.0679 258.8262 216.6842 217.2234 916.8925 1697.226 3283.823 5535.298 9543.028 14836.06 8709.006 32020.92 19086.66 17689.09 5376144 13347668395 1.936613e+16 1.27699e+16 NA NA
1473.172 1437.564 1399.749 1358.63 1317.644 1283.26 1261.449 1224.111 1194.821 1140.854 1070.834 1059.889 1053.874 1034.614 1007.572 999.7843 964.9761 941.4516 898.7876 859.0675 804.075 763.8771 721.2478 691.095 650.721 616.6055 559.2921 542.2944 524.9863 474.9814 419.9534 390.7032 366.2215 350.9996 338.9484 281.6152 291.1907 9118.961 8646.191 12864.46 9264.484 11315.93 18228.38 15225.63 40645.37 91554.03 42595.04 83065158683 NA NA
932.6085 887.9762 861.2576 830.9543 809.1818 785.7059 743.5806 709.175 656.0814 629.3568 612.9363 599.025 583.0529 551.3258 527.679 515.4117 502.1599 488.5694 440.6687 416.8857 399.401 385.5171 363.3646 346.5807 325.71 305.8216 282.7751 266.4709 249.1405 226.6109 224.9606 217.0616 3417.865 4638.253 4336.897 8182.738 8432.003 22594.43 104111 1093687 20843931 54851559 27993953 1090810800 268250666309 23466666435 360291711838 2535029754 NA NA
799.3133 758.7988 741.1382 729.105 716.7127 703.4493 685.1454 667.6435 639.4658 633.6772 618.6082 599.6029 570.7604 566.5777 556.6146 534.8889 495.3376 481.9922 448.1678 422.6067 406.3559 379.0845 364.708 351.1797 327.3024 314.7343 298.7825 290.2364 280.7778 282.0288 360.232 17053.35 22847.51 37227.18 44766.93 52320.71 65610.48 44436.14 77275.33 54617.61 52996.16 54470.99 20024.02 18276.53 14710.11 22121.27 50178843 1009735 NA NA
1042.34 969.9307 930.5747 902.2062 850.3237 823.1601 806.8296 785.457 759.9928 733.2717 718.2588 703.5844 682.2359 673.9775 677.7884 658.2324 634.9864 612.5735 587.4709 563.7457 542.3829 524.6809 496.3239 459.7718 432.3768 413.4333 393.9251 376.7187 356.3877 320.5122 324.5023 399.8843 780.5809 101844.3 209549 819571.7 4276012 36821093 102877743 46371564 74507171 40041269 13937700 72840046 105590193 751476522 318758385865 18964633709 NA NA
1067.76 1028.877 994.2399 935.0596 899.5131 862.8413 827.4645 797.6681 757.2604 713.7704 692.1147 663.0143 618.4713 598.3622 570.8368 556.3068 539.6668 520.6957 508.0403 488.2669 483.7638 464.4891 426.4951 382.9368 368.6355 349.263 326.0989 283.8468 265.7537 254.0998 244.4499 246.2818 301.4223 6951.626 9855.771 7946.969 6732.129 7005.695 8585.136 9258.655 11618.11 12274.66 17886.81 25221.85 12352.5 4336.719 1388.419 6079.353 NA NA
820.0331 790.8439 774.243 757.6445 729.1827 702.1412 675.8401 651.9712 634.4022 605.4228 580.9412 565.4787 545.2471 537.793 523.9656 505.4833 475.8873 464.6326 451.9138 437.2695 416.0228 401.0594 376.9669 362.6287 348.0263 330.1549 310.0985 286.8436 269.5339 254.9513 217.9218 210.2048 262.7824 1797.041 2369.573 2866.777 2731.474 2942.61 3649.541 3501.388 5004.079 5767.192 11195.07 6937.045 6282.93 4646.691 1267.929 1278.317 NA NA
1277.704 1223.052 1193.074 1152.73 1073.927 1039.307 989.9549 951.0274 911.4693 861.8038 828.6895 798.4503 779.9726 735.3237 713.1222 687.8966 673.7799 644.8674 641.1352 635.6039 565.9915 548.658 524.4607 482.3224 454.9031 427.3168 413.0897 390.5586 370.5479 352.4684 339.1705 319.2798 301.5777 278.8167 278.0607 451.4453 36039.81 138866.7 280054.7 481226.3 1541549 486955.6 7230098 482110578 74474008 7372675582 1734668535 1.273397e+17 NA NA
1012.032 924.1635 898.2533 863.8545 835.4584 816.7633 782.527 752.1179 735.7837 721.0498 692.7343 673.044 659.5591 631.0492 618.4309 605.4502 592.9419 566.7138 556.6396 517.9922 496.4593 478.289 458.5863 421.8422 394.1794 373.7941 355.8289 337.4485 319.3346 286.5829 269.4656 279.7417 337.9337 7949.038 12828.67 19136.7 12492.26 13880.43 11430.07 14945.72 14968.38 15776.25 16391.97 46211.14 39937.98 52729396 698375.8 646154.3 NA NA
795.9244 769.7607 733.3887 718.2844 700.4989 693.1348 677.6754 649.1142 634.9007 622.1175 587.011 553.232 538.1352 523.0407 506.5799 479.1116 447.9698 433.3095 416.1399 401.0489 377.6143 351.7674 326.0347 290.9522 275.7587 265.9649 249.9828 265.0506 482.5744 14796.38 28796.32 32689.74 60286.03 96312.54 129440.5 233884.6 698766.9 1525209 7036041 36830479 406515946 33444949498 7.784148e+12 6.004117e+15 4.302799e+13 2.495088e+14 1.578472e+13 3.771677e+19 NA NA
904.5115 878.8999 852.7544 821.9159 796.3459 787.2552 762.41 741.202 719.3153 682.6897 666.3449 639.9994 633.8256 618.8361 611.3342 598.0505 576.6746 547.5844 521.3369 488.2997 466.8097 433.9641 410.7851 390.0744 374.4346 348.1786 332.4027 316.2495 303.4573 286.3071 265.4907 255.5822 234.7961 208.1592 229.4926 541.2422 542.6179 479.6249 440.6492 396.4167 289.1854 222.3177 225.374 175.3822 135.4065 124.3819 111.7389 742.4052 NA NA
1172.913 1087.152 1023.537 1000.131 973.2803 939.2932 906.2422 878.8853 853.0495 828.7311 793.0945 765.9251 723.1231 697.3172 680.871 670.4105 656.6376 641.5068 595.7988 571.4524 543.3407 520.5973 489.3543 462.3768 432.4107 406.8257 375.5279 354.8689 341.0361 318.3399 295.4176 271.4396 252.6907 324.3697 2535.5 3133.011 4010.777 7039.456 8321.829 32402.88 32069.15 34419.44 13726.58 1393625 1336277 782800.6 61638.29 860777.1 NA NA
1145.228 1105.401 1065.863 1049.291 1016.405 979.7078 920.4138 857.5919 815.527 796.4207 783.0322 767.8504 752.7662 740.4279 735.0951 730.7033 686.7855 645.6242 619.605 593.7896 568.7598 543.9936 522.1528 489.7223 464.4052 445.8673 420.4253 371.1573 354.0789 337.2089 316.6307 288.1483 271.6678 264.1403 364.5464 1881.263 2423.623 2541.993 1821.712 2361.276 4387.635 4988.599 7634.656 4174.226 4454.893 2873.121 4154.848 1.509009e+25 NA NA
1026.359 985.4671 962.5673 941.9326 921.5829 887.2279 860.3833 841.6606 782.2967 770.5068 748.0874 727.2679 716.0628 695.3114 658.9549 643.4903 621.4528 602.2225 575.6828 554.8885 535.7123 511.6636 497.4935 482.6442 463.2564 440.1393 421.6521 404.5264 389.107 377.1062 339.6076 365.1751 715.2417 8803.921 21156.86 54628.27 214315.4 164301.1 183790.1 199732.3 114380.3 111408.7 68614.05 52686.49 525919.3 1073239862 86225619934 367137148006 NA NA
749.8632 714.4162 685.7746 667.167 650.5374 634.6489 614.0575 600.7541 585.7572 562.653 539.9956 521.4768 503.4789 481.8443 462.3117 450.8449 439.116 431.7674 398.5562 387.1967 374.1736 362.3797 345.9436 320.3814 292.6706 267.9873 253.4 242.5275 236.4509 215.4947 341.6197 7202.854 7656.563 12793.61 18255.72 37429.01 45192.9 33287.05 34512.91 28516.02 22374.9 21576.51 13824.45 10995.08 33179.16 2864269 592586.4 187045.5 NA NA
678.8903 645.7851 624.3365 605.5581 580.3082 559.6426 544.8799 517.7648 503.2119 484.1985 456.2245 432.6115 417.3895 398.2574 384.5815 362.0968 350.4059 340.0557 323.4868 306.9165 293.2605 282.2054 270.3021 256.417 242.7087 224.7485 191.9714 171.4897 158.1649 142.0814 183.3418 2161.572 3744.285 5721.063 5961.029 5518.381 8680.66 13888.23 34858.26 27402.56 61517.96 31994.79 31711.95 108130.8 169775.8 3166212040 89060211657 211123551322 NA NA
991.9174 942.7145 924.2375 896.2563 859.801 815.7764 789.868 769.2549 745.9567 712.7442 679.4991 660.0242 617.8698 604.0318 584.9023 569.0694 553.7491 540.931 529.363 525.4931 463.631 449.1411 411.84 386.5328 352.5037 339.2744 323.5124 310.2766 294.7748 283.6315 270.3464 269.227 238.8604 325.7483 1991.544 2744.613 6785.248 13912.9 8729.358 16264.05 13840.78 76471.57 294436.1 576560.8 2642455 14327156 68444242 NA NA NA
646.5817 619.7064 605.1665 557.5509 546.3481 504.6074 469.6789 454.0078 437.8365 420.7548 407.9088 396.4064 378.5729 367.9255 347.7246 322.389 309.5677 289.8619 281.9678 264.8911 251.8419 243.0422 236.1212 229.471 225.4869 242.8179 328.4586 982.7029 953.9525 1158.416 1193.212 1312.627 1384.484 1585.423 1772.408 1613.957 1732.228 1826.169 1880.647 1329.721 999.8647 1340.515 1454.447 2143.782 18248.76 5263.88 3697.06 1623.343 NA NA
984.616 944.1991 922.4867 895.9149 878.4924 852.5479 832.529 800.0246 775.808 755.8392 707.264 671.3081 655.2202 644.1077 627.8798 616.6903 580.581 566.8993 552.6435 533.8935 497.3076 463.2638 446.716 432.0575 414.8028 378.2458 353.7463 338.9614 328.2286 313.0459 285.401 360.784 6510.242 24415.74 28810.75 45096.66 96527.27 250337.2 167955.2 219973.4 109520.4 147519.2 60019.82 23479.52 46194.37 14533.93 21031.22 1963299159 NA NA
837.8493 806.8517 768.0946 737.6164 714.3678 692.0096 667.8711 652.776 623.6816 605.4004 583.0553 563.678 541.7124 516.3052 507.1245 498.4358 482.7452 467.0722 432.8555 400.5899 352.1919 339.6902 318.2595 299.4694 283.8908 270.4501 253.0208 244.0452 228.9297 209.2909 207.5324 263.1281 89858.01 1278531 2857466 6817622 25655568 66003612 359375708 1058476928 1561386912 180055172 70045294 142628208 13476291 2.028092e+16 2.103124e+30 6.122783e+33 NA NA
1412.471 1292.002 1252.066 1223.393 1195.531 1164.115 1111.192 1065.888 1042.472 1023.056 992.9612 949.8548 919.6248 854.7703 838.1016 833.5218 821.2397 806.8053 693.1723 660.7595 582.5249 554.3047 528.079 493.5984 450.1165 415.6305 393.6754 360.0867 334.356 265.7262 234.3886 217.2484 195.1253 172.065 163.0349 164.9874 216.7966 5914.778 8770.775 8780.933 11851.7 14390.71 17866.39 46131.24 353550 5922788 1966196217 NA NA NA
945.967 899.9214 882.5405 832.9164 814.8665 785.2464 757.8452 738.3749 723.9801 711.6754 678.2189 658.1657 650.8428 640.2241 639.2989 634.6754 605.1937 574.7803 541.6109 517.8329 496.1037 432.2109 400.9206 390.9017 377.355 358.9477 317.4957 311.1457 294.7976 258.0263 245.8359 235.9469 252.7822 544.1342 4291.201 5627.618 9055.531 19593.72 21532.38 17500.28 32590.2 84936.99 103433.5 94357.52 972648.8 5966182932 6201561286 1.876092e+15 NA NA
727.8551 694.2471 673.4427 644.3722 626.411 611.5786 595.2439 577.5514 565.7955 554.9108 546.4242 539.1466 538.4133 529.4781 494.3875 455.9575 439.1832 419.2713 404.5313 385.3256 355.143 329.211 317.7614 297.7851 284.4674 262.6324 242.3956 225.7512 210.0631 207.9187 252.2088 588.0314 640.9202 718.9456 617.7314 595.2014 642.025 623.2488 909.9847 1284.143 3705.368 2251.683 2581.361 1791.357 925.2254 448.5999 313.7741 132.4066 NA NA
970.2702 927.1164 897.0847 865.5541 845.9626 824.8183 807.4715 778.6306 757.6923 740.5535 722.646 707.1259 679.9167 656.8447 646.2694 637.6667 622.768 608.0587 584.4617 552.8243 521.2178 487.7207 467.3394 443.7786 414.7524 394.6008 372.6958 353.8844 325.8623 298.3443 280.1055 276.9375 256.282 321.1828 3813.728 3580.889 3749.835 2434.239 2104.553 1848.848 1599.167 1339.297 966.2694 1220.401 9449.726 246147032 8.390076e+12 NA NA NA
1049.389 1002.034 969.0641 947.7076 912.3541 878.9455 856.595 843.7539 819.2628 797.7572 751.9828 724.9772 685.0246 659.0419 633.3368 611.2363 555.947 539.8221 541.0195 529.1681 482.0225 463.7139 442.9295 422.207 399.6737 379.678 364.7487 333.5472 317.987 280.7313 260.4569 248.992 242.7929 273.8121 2842.24 4867.047 11895.14 20538.11 35979.06 47421.39 39346.35 40092.26 81683.08 41228.11 17712.58 2845.601 682.553 665.1749 NA NA
768.5933 728.8365 708.4745 676.0865 641.2686 620.3252 602.2208 587.2885 571.2375 552.6416 511.3248 498.9646 487.6117 473.7599 458.4475 437.554 410.0512 380.3235 363.0039 332.4438 309.3877 287.2282 267.3137 254.1995 241.1939 230.7552 220.2226 211.031 234.0149 1197.237 1632.512 2210.236 2373.094 3152.228 3642.884 5042.366 9275.647 13581.29 32318.08 48728.36 46626.61 55011.02 21612.06 24198.79 13472.49 16791.92 39330.69 2196068403 NA NA
1099.726 1050.529 1024.403 992.7179 951.3929 917.8448 893.4325 866.1928 838.2355 793.6887 736.1972 702.3231 684.0163 657.9155 628.8286 612.5964 580.6088 562.9546 548.5037 518.3911 506.8631 482.7328 459.171 436.4867 398.688 367.3196 347.4441 331.6603 313.1194 291.7869 286.1512 272.5418 272.0719 299.4795 9789.624 26146.03 96713.53 113754.9 264632.3 738524.8 7504013 17276316 568823835 3583736894 5422963090 15686296255 8.60145e+15 NA NA NA
1075.019 1031.618 1012.757 989.2555 966.9291 945.494 927.9715 901.0066 870.3462 848.655 806.627 784.3631 761.7396 741.1426 720.8151 708.876 708.5541 701.4345 676.1678 641.6996 593.6641 561.3882 540.0782 513.0262 478.7727 431.0737 409.1353 389.3062 359.7126 341.9605 316.6083 276.9762 289.6427 640.7082 55601.48 326495.4 170791 176775 87871.51 78424.24 81975.52 98931.09 35381.93 54444.43 109207.3 79058.6 427612.2 1458272703 NA NA
962.5445 934.5893 903.4623 878.5967 844.9773 832.6067 808.8975 760.0451 739.1123 716.526 696.2102 674.7139 653.0296 637.2721 620.9234 610.7802 598.3681 584.0629 529.3608 488.8745 469.3149 453.2624 433.4596 409.0225 389.717 365.9716 338.7983 309.8638 292.2031 267.7104 247.7205 233.4225 220.0328 204.3933 208.2652 4896.617 10764.07 12225.75 7597.243 5613.387 4825.513 3428.454 2976.033 2375.486 17087.63 7594.294 4832.378 NA NA NA
1628.261 1575.045 1524.117 1490.822 1399.511 1347.69 1302.428 1262.352 1226.965 1200.951 1162.923 1109.507 1061.012 1041.455 1043.082 1024.181 1010.088 973.7063 943.0167 880.9991 834.3883 787.7046 707.4666 671.1316 632.2155 604.5396 583.3623 554.9132 526.537 492.533 455.5226 422.7546 384.2855 358.5495 325.7911 288.8859 281.5443 2290.582 10587.58 6695.427 10131.64 6396.393 13406.2 8176.135 19287.31 27509.12 8720.707 2675.526 NA NA
953.1664 920.5984 894.2151 873.1034 852.898 823.3644 797.6526 777.7103 743.1172 716.483 704.1602 695.1913 682.8146 661.9989 606.4645 588.1467 567.0772 549.9416 508.0386 481.1765 435.5691 414.9978 394.7239 362.2749 348.6166 333.1193 310.9602 274.5063 242.2033 230.7315 219.0635 220.0183 2034.862 2348.71 2516.622 2539.591 2846.058 2211.728 2976.933 3303.36 3393.842 3769.605 5750.548 5008.248 9251.808 9607.58 7908.823 24622.33 NA NA
1187.69 1129.477 1093.156 1060.917 1040.522 1012.314 979.6149 951.7027 916.0877 870.7745 841.5025 818.6414 794.3178 756.224 729.3913 701.1797 662.1026 645.1895 569.7043 542.6937 522.4857 513.3442 495.315 465.3895 453.8445 428.9278 389.5236 343.9098 318.3632 285.1959 264.3827 245.6726 228.7563 201.8926 269.8649 4223.17 6250.237 10711.38 8538.995 7188.815 8092.67 7199.386 3953.368 2190.285 877.4561 770.9382 33133.92 156494.7 NA NA
821.0214 787.1642 743.1552 725.9715 678.7588 648.4974 633.0846 616.0285 600.2233 581.5651 560.5174 541.3021 507.2568 496.8571 465.2419 450.7481 441.0954 433.5384 411.812 369.416 354.7901 340.5701 313.9953 295.3927 280.6148 259.0086 243.4838 231.4642 216.4055 201.26 204.6091 376.6988 5289.319 8521.45 10475.66 8553.435 6937.626 5787.648 4936.306 4476.708 3780.376 2498.514 1484.484 767.6788 608.6034 787.1266 5.4316e+11 NA NA NA
959.8657 954.7525 949.1598 902.899 852.0366 819.3192 800.088 768.4655 735.2731 718.8117 690.3474 669.4393 646.0182 633.331 609.5753 572.0399 542.3545 522.1241 503.0895 477.4151 461.8013 440.7589 424.1492 385.1768 369.7973 355.8801 343.5218 341.6055 313.5037 383.9064 689.8717 10775.1 13875.59 30585.43 65476.04 42463.49 42359.82 23372.73 24444.48 25672.08 42187.67 21009.15 16246.87 17328.93 34771.3 52994.74 4117027 24003.84 NA NA
753.4293 724.203 704.4561 683.7006 663.3687 635.0584 620.7302 600.0083 579.4182 565.0061 550.3953 541.8351 535.742 506.8501 491.2363 465.0501 440.2781 428.6169 416.7051 374.1131 353.553 341.1096 322.3336 299.7131 286.6479 275.4211 266.8896 275.9179 414.6379 3672.989 5070.586 5402.847 5996.804 5194.104 6594.332 6126.375 5395.356 4630.775 4346.976 4757.03 6317.375 4796.723 5070.941 3545.315 9978.01 136906.1 157835147054 4294844632 NA NA
1124.929 1068.817 991.7612 962.3781 935.393 881.1656 858.1597 834.4742 807.2064 780.4804 761.0249 743.7515 715.5156 690.8697 672.5444 652.3157 636.7437 581.9041 543.3561 504.8583 477.0778 448.8309 428.0916 407.3835 385.7799 371.2111 337.6227 317.2895 301.1474 272.8594 258.0529 233.4663 241.9254 11657.13 17845.53 57121.42 98767.51 85476.23 116966.3 342274.5 504392.4 3611261 2775784 2808361 2857296 3209246 2.401864e+16 4.22598e+11 NA NA
780.5705 727.0608 707.7596 690.0065 673.9625 649.8579 637.7117 613.3345 604.1871 592.4529 582.5516 575.0302 571.2791 563.5004 542.8183 519.9391 501.0961 472.0886 443.7323 424.1023 402.0668 385.5989 371.5028 345.492 331.5918 317.7075 300.8985 277.2843 268.6173 252.379 258.7824 405.8345 2703.869 3293.984 4965.888 7010.102 7872.103 9041.847 12375.83 11039.3 9845.716 6530.147 6196.443 4263.079 1939.396 1274.215 12373.39 2115.015 NA NA
786.2782 736.7592 715.9337 698.0625 678.1778 657.9727 622.0044 598.6719 581.8046 563.1496 548.3883 527.353 505.1893 494.3548 463.1787 450.7747 441.7102 396.4389 380.854 366.4661 352.7258 335.7473 324.4705 308.4434 296.4925 276.9254 265.6946 253.2383 239.2003 227.4949 218.5303 314.305 2309.804 2449.429 2708.222 2572.026 2470.226 2751.901 2647.378 2451.893 3069.119 7479.943 8117.706 7234.146 2044.069 1164.482 804.7551 376.2971 NA NA
1356.823 1264.984 1211.202 1164.058 1143.737 1141.449 1098.001 1070.283 1046.187 1025.052 980.7655 938.7621 907.8009 833.0008 824.599 780.9877 730.368 686.3443 659.3251 626.2132 591.3759 557.3158 536.4527 515.8371 499.153 470.3888 453.8682 417.7333 383.8961 367.1186 298.0544 235.681 209.2353 201.0013 329.7646 115510.2 213102.4 720610.9 2126141 30032308 3371267855 5.67951e+13 2.854644e+13 1.84299e+12 8.168637e+12 1.44382e+19 NA NA NA NA
1268.444 1180.135 1161.077 1118.929 1091.389 1038.696 1017.006 987.6543 958.3811 936.4372 926.4172 918.0102 908.6634 908.7506 917.247 907.5474 852.4129 830.6727 793.4979 761.0598 728.5509 690.7884 663.0211 611.7471 559.9069 530.1522 503.1563 463.3591 430.7053 390.3688 380.9777 358.1606 333.7803 337.2173 431.6912 285453.3 163811.3 122288.3 108461 264412.1 981216.2 1407852 15913698 121320528 3.402093e+12 2.532088e+12 2.894322e+13 1.101447e+29 NA NA
601.6931 578.171 563.4092 547.2289 538.2916 520.0801 503.5741 490.8611 474.2252 450.675 437.6878 409.2449 361.9779 353.4981 323.0121 310.8018 301.1887 291.2802 281.0911 265.0033 256.4097 243.6598 236.712 231.2303 236.3136 293.8056 1201.032 1149.037 1451.317 1311.816 1280.942 1232.381 1064.043 1063.698 1058.853 1083.092 1090.835 977.1181 1037.75 699.64 850.7811 897.4958 748.6984 1146.662 874.9156 1323.279 45229.52 19228.48 NA NA
1018.175 976.7411 956.5875 901.1527 854.9078 828.0593 804.9935 769.9259 761.3595 679.9795 662.7876 642.1466 614.0954 578.0663 550.8976 527.5338 504.4017 485.4251 452.0453 430.4903 413.4328 401.1207 384.1465 361.0401 340.1939 326.4381 312.3451 277.2579 249.994 232.7302 215.6421 199.9663 182.5669 215.5073 587.1398 558.3656 511.169 570.7426 596.8049 416.6488 357.3396 282.9521 228.2415 251.0018 195.7029 116.6547 68.03438 39.94409 NA NA
904.4262 880.0661 857.9367 818.5475 797.5262 773.602 755.6457 725.9174 693.3357 667.1217 654.5594 616.3922 608.3914 595.2087 585.3847 559.4019 544.8799 526.9584 502.3222 472.6056 452.1581 407.0676 382.7032 365.6257 352.2528 338.5583 312.1388 294.7136 267.1914 248.3712 198.2883 195.1912 273.2607 8323.095 41459.99 150431.8 277059.2 822736.1 1793451 10123287 31958661 3992945817 1.017144e+14 2.141884e+12 5.364095e+14 3.216578e+21 5.896386e+23 NA NA NA
725.8063 695.5725 660.2763 643.3234 622.1132 594.8187 575.6754 560.6297 534.3936 489.2418 468.0219 452.698 438.7514 427.125 416.255 401.3321 389.1972 375.4543 351.7479 341.0278 323.5487 304.3026 286.2006 272.8311 257.8585 253.8333 258.513 312.8173 777.4185 91642.55 577481.6 2397480 4679857 5168756 3635710 3208186 4460983 5395450 7862052 10993108 10660603 80410607 105379523 1343075652 18068159507 7.659087e+12 3.04958e+22 2.05774e+18 NA NA
1090.415 1021.364 998.9445 977.959 926.5961 896.5387 882.4574 841.6725 818.3444 796.605 760.4161 742.3732 719.7733 666.4117 626.2811 613.0244 596.8923 589.8265 576.7272 553.4546 536.7294 521.1445 497.4328 464.9857 441.8322 407.1977 390.9511 370.9362 356.5529 335.8994 339.8424 324.5058 510.428 5139.631 6633.967 9019.594 15455.73 54320.66 29908.26 16953.78 9049.982 13038.91 26135.95 104018.8 12943512 2519520180 1.382542e+18 1.089811e+16 NA NA
875.3835 834.2727 808.7849 783.7964 750.2534 726.5608 709.2088 690.0456 664.7611 629.068 601.3327 589.9327 566.1873 556.4901 543.6763 537.0602 525.033 499.1823 466.6647 446.9945 428.1991 406.2377 388.7808 360.7647 332.9834 312.6779 300.2364 272.201 253.9028 245.4649 244.7914 288.085 3328.55 9761.61 23470.2 38824.6 70300.02 32063.36 30753.12 49258.19 103008.2 129003.5 60714.23 33320.94 22600.59 183128.8 5217818 NA NA NA
724.2758 691.859 670.5855 653.2181 619.6745 605.3692 574.7225 559.7408 541.5115 514.179 481.3516 467.6515 452.9988 440.578 428.149 425.0499 407.7724 391.1046 377.7149 353.1743 331.7167 316.7174 298.1082 285.816 276.68 263.9939 275.3472 348.6564 16946.47 54812.1 110901.4 196124 206247.9 444891.1 595302.3 1150761 3671767 2823649 3236354 3215859 5557949 42557907 24299850 29276967 99055430 3934307250 244696932 2.097804e+27 NA NA
909.879 868.3902 822.7159 804.463 778.3551 747.3444 726.7645 711.0429 691.0103 670.9505 660.6416 634.4403 594.7937 583.4421 554.776 545.4394 533.1858 491.1793 472.5337 449.5619 434.8334 417.1635 391.3007 373.8358 355.0045 325.3428 310.2809 280.8194 265.2036 247.9881 232.4906 211.4509 215.8388 2420.633 2952.216 5054.989 9148.336 22813.24 30419.93 20297.48 17416.22 16502.19 8775.87 5831.468 3757.324 1966.504 998.1878 6519.041 NA NA
713.396 695.513 673.9461 658.3139 637.6861 623.9832 605.8686 587.0567 572.7294 554.4161 535.7051 526.595 523.5601 504.4626 485.0026 467.5783 449.2586 428.192 412.4823 390.8059 374.3521 359.0492 330.1468 314.9958 287.0627 279.4051 272.0474 276.9237 323.7255 925.7915 60979.91 109030.1 77828.4 99815.09 125940.4 215878.7 546175.3 2393035 5829096 14212568 18451605 70714319 627611388 2078307648 6.212952e+13 1.027224e+15 7.206326e+18 1.924397e+28 NA NA
641.3512 613.6546 593.1885 582.8954 561.7319 540.8911 527.7055 515.6975 498.9941 485.2114 470.8774 448.5621 437.5538 424.8218 410.5585 392.4516 372.8412 347.2077 327.6313 312.6042 301.1015 289.9422 276.9393 276.3489 308.2451 636.1961 14582.98 22262.64 49849.22 44470.43 81258.95 179883.7 231633.6 480925.9 1136242 1382267 7312003 54104415 89947164 1156541409 175944741260 1.320747e+12 4.895222e+15 9.084273e+13 6.72183e+15 1.426368e+21 NA NA NA NA
1410.217 1376.029 1337.653 1292.853 1244.399 1208.623 1175.809 1148.912 1076.454 1043.622 1017.054 999.4054 891.218 867.8029 839.9504 824.6782 806.9545 745.2075 719.3629 697.8858 676.5506 629.058 602.8635 567.1631 542.8697 509.9403 488.2578 461.0579 430.3069 393.0064 379.459 359.0655 325.1737 279.9394 257.812 285.6197 4161.417 5334.231 6303.837 4769.21 4630.113 3291.402 3114.883 3317.236 7991.579 90437.77 2501554 269753.7 NA NA
1509.4 1439.943 1390.512 1354.531 1316.323 1272.499 1238.395 1174.461 1142.152 1108.231 1071.878 1037.841 999.8801 965.1279 916.2165 880.9289 848.5952 813.0257 795.9991 776.3376 746.9335 728.0352 689.5508 646.357 613.3076 581.9203 540.6522 494.9772 471.377 436.9142 384.6083 358.0661 331.9364 306.1287 270.1431 251.1457 307.3307 1202.698 1072.312 774.6666 592.8889 528.0661 468.9424 527.9152 529.3777 553.7237 1238251 6.642135e+15 NA NA
890.4118 828.4206 808.3362 789.7804 776.0748 757.7587 743.5756 721.927 704.8124 675.0197 651.1304 634.3295 612.756 553.734 518.5861 509.1733 499.2744 482.5589 454.6667 436.1861 415.1896 396.7311 359.5812 354.1243 327.0167 313.6626 294.9957 286.9373 290.9173 346.3567 16848.25 56291.09 128752.7 153619.5 212964.6 199077.5 370416.6 247261.2 127228 102177.5 104223.9 139228.5 100844.1 1620165 7340623 8169749 1431368470 920170155 NA NA
814.1696 777.0654 756.308 738.8736 723.2368 705.2538 693.3454 675.9424 658.3075 643.0078 627.3932 605.2255 601.8739 601.346 574.8366 557.7396 533.6582 511.6294 492.5121 457.8275 433.4062 415.8861 390.2028 378.2532 350.5932 333.5442 324.7921 320.7725 291.4999 275.4999 363.0755 1263.224 1453.306 1553.361 1440.928 1220.775 1541.388 1798.761 1097.389 1313.883 1184.832 926.0153 751.7822 396.4988 288.8602 293.7546 1399.371 3700201 NA NA
1016.657 948.8814 927.0502 912.1391 893.6016 882.8859 871.9081 855.4638 819.518 744.4867 721.9068 702.5796 700.3739 707.4187 688.164 666.7289 629.0121 612.4904 590.9404 543.4345 504.8721 488.8528 465.408 427.5598 395.1421 390.1546 372.457 357.0201 345.707 359.4835 396.0192 713.175 18351.46 60646.95 86599.91 101028.2 131669.2 219338.7 316851.2 383897.1 520574.7 302274.9 713124.7 3591449 16423999 461381961 62775150593 1980039701 NA NA
891.9638 863.4878 835.8424 809.7799 760.4537 735.2639 713.2775 683.6728 646.4629 627.0076 581.7466 561.2337 539.8227 511.8172 496.6138 480.3751 474.3378 470.0767 458.7064 401.3346 381.6818 366.0378 349.3316 333.7347 297.0435 284.2632 263.5427 252.531 238.6845 241.8685 251.7793 613.4012 20917.57 20983.56 24658.55 29274.03 55547.56 64680.01 147515.5 353182.8 1097467 3310322 15982108 1769034089 48921173295 1.217059e+13 5.8914e+12 21435670034 NA NA
1129.734 1065.471 1042.64 1010.567 989.5422 959.4815 931.9786 913.9648 877.4095 856.8393 830.0203 809.4543 787.1188 753.8121 698.2414 677.4126 667.9324 646.6362 613.2434 588.4615 567.5807 538.7569 518.1341 480.1421 456.6461 438.2925 393.6356 370.849 316.658 295.0047 278.5889 270.3335 246.8977 265.1965 1691.333 2528.63 2097.365 2154.665 2683 2820.687 3337.016 2812.383 3170.08 11094.51 26743.16 8478.951 2216891 3391143 NA NA
1505.969 1453.167 1399.473 1343.204 1264.432 1192.286 1153.369 1112.064 1085.64 1028.359 989.1182 906.8027 881.1037 853.6911 825.2527 805.1389 745.1942 734.725 707.3456 703.5803 700.1392 670.8311 643.9244 603.1718 559.236 527.4722 478.0596 429.1159 372.5869 342.7279 324.0589 291.0669 284.717 262.9891 250.6926 245.9294 284.4168 114496 386804 1043068 2165768 11291872 15393862812 1080882044 4.18984e+11 276140285103 160449455202 9738470345 NA NA
1264.92 1202.837 1171.061 1144.503 1108.844 1070.367 1040.865 1010.241 979.1295 947.5212 865.6789 824.2131 802.6524 784.6757 766.4579 700.941 681.9952 677.145 672.8641 667.5459 659.1002 614.241 590.0388 555.0926 500.784 460.4716 438.8458 422.5557 388.4856 351.8094 334.8387 317.8066 287.5038 276.5295 303.1544 11729.17 11354.87 19308.75 34354.01 54609.15 52202.98 80120.58 99201.28 52230.55 78632.01 50282.89 1361446 NA NA NA
1104.154 1081.841 1043.317 1029.786 1010.028 971.0836 955.9975 942.3669 931.6569 903.8618 878.4302 836.4587 837.5552 834.4706 816.5517 790.2501 742.7426 691.1706 662.3207 636.7473 611.4167 577.175 555.0229 528.6869 496.7959 477.002 444.0243 420.9563 403.6846 387.3627 364.3422 306.9185 372.8665 15043.95 15548.7 17852.05 21041.88 14092.71 8391.173 9464.482 8152.433 11504.24 10867.52 8550.167 17578.83 34333.85 7924.243 32183.05 NA NA
999.7074 946.2269 931.2125 910.6814 870.0019 848.5106 829.4118 807.1138 755.7854 745.0456 717.5609 702.7258 667.3851 627.1598 576.8454 556.8993 522.8227 502.9901 484.9457 465.5265 447.7601 430.8385 415.8381 396.0476 375.0915 360.0124 343.4971 318.7977 286.8314 261.3794 247.7336 286.6037 3129.251 7478.944 13909.33 23855.05 31600.98 30026.34 80804.48 65872.21 68674.8 255156.5 634968.8 2565621 208263410 13021751 6369648 NA NA NA
