0.3636364 0.375 0.3829787 0.3913043 0.4 0.4090909 0.4186047 0.4285714 0.4390244 0.45 0.4615385 0.4736842 0.4864865 0.5 0.5142857 0.5294118 0.5454545 0.5625 0.5806452 0.6 0.6206897 0.6428571 0.6666667 0.6923077 0.72 0.75 0.7826087 0.8181818 0.8571429 0.9 0.9473684 1 1 1 1 1 1 1 1 1 1 1 1 1 1 1 1 1 NA NA
0.3333333 0.34375 0.3510638 0.3586957 0.3666667 0.375 0.3837209 0.3928571 0.402439 0.4125 0.4230769 0.4342105 0.4459459 0.4583333 0.4714286 0.4852941 0.5 0.515625 0.5322581 0.55 0.5689655 0.5892857 0.6111111 0.6346154 0.66 0.6875 0.7173913 0.75 0.7857143 0.825 0.8684211 0.9166667 0.9705882 1 1 1 1 1 1 1 1 1 1 1 1 1 1 NA NA NA
0.3232323 0.3333333 0.3404255 0.3478261 0.3555556 0.3636364 0.372093 0.3809524 0.3902439 0.4 0.4102564 0.4210526 0.4324324 0.4444444 0.4571429 0.4705882 0.4848485 0.5 0.516129 0.5333333 0.5517241 0.5714286 0.5925926 0.6153846 0.64 0.6666667 0.6956522 0.7272727 0.7619048 0.8 0.8421053 0.8888889 0.9411765 1 1 1 1 1 1 1 1 1 1 1 1 1 1 1 NA NA
0.3535354 0.3645833 0.3723404 0.3804348 0.3888889 0.3977273 0.4069767 0.4166667 0.4268293 0.4375 0.4487179 0.4605263 0.472973 0.4861111 0.5 0.5147059 0.530303 0.546875 0.5645161 0.5833333 0.6034483 0.625 0.6481481 0.6730769 0.7 0.7291667 0.7608696 0.7954545 0.8333333 0.875 0.9210526 0.9722222 1 1 1 1 1 1 1 1 1 1 1 1 1 1 1 1 NA NA
0.3636364 0.375 0.3829787 0.3913043 0.4 0.4090909 0.4186047 0.4285714 0.4390244 0.45 0.4615385 0.4736842 0.4864865 0.5 0.5142857 0.5294118 0.5454545 0.5625 0.5806452 0.6 0.6206897 0.6428571 0.6666667 0.6923077 0.72 0.75 0.7826087 0.8181818 0.8571429 0.9 0.9473684 1 1 1 1 1 1 1 1 1 1 1 1 1 1 1 1 1 NA NA
0.3737374 0.3854167 0.393617 0.4021739 0.4111111 0.4204545 0.4302326 0.4404762 0.4512195 0.4625 0.474359 0.4868421 0.5 0.5138889 0.5285714 0.5441176 0.5606061 0.578125 0.5967742 0.6166667 0.637931 0.6607143 0.6851852 0.7115385 0.74 0.7708333 0.8043478 0.8409091 0.8809524 0.925 0.9736842 1 1 1 1 1 1 1 1 1 1 1 1 1 1 1 1 1 NA NA
0.3030303 0.3125 0.3191489 0.326087 0.3333333 0.3409091 0.3488372 0.3571429 0.3658537 0.375 0.3846154 0.3947368 0.4054054 0.4166667 0.4285714 0.4411765 0.4545455 0.46875 0.483871 0.5 0.5172414 0.5357143 0.5555556 0.5769231 0.6 0.625 0.6521739 0.6818182 0.7142857 0.75 0.7894737 0.8333333 0.8823529 0.9375 1 1 1 1 1 1 1 1 1 1 1 1 1 1 NA NA
0.3434343 0.3541667 0.3617021 0.3695652 0.3777778 0.3863636 0.3953488 0.4047619 0.4146341 0.425 0.4358974 0.4473684 0.4594595 0.4722222 0.4857143 0.5 0.5151515 0.53125 0.5483871 0.5666667 0.5862069 0.6071429 0.6296296 0.6538462 0.68 0.7083333 0.7391304 0.7727273 0.8095238 0.85 0.8947368 0.9444444 1 1 1 1 1 1 1 1 1 1 1 1 1 1 1 1 NA NA
0.3838384 0.3958333 0.4042553 0.4130435 0.4222222 0.4318182 0.4418605 0.452381 0.4634146 0.475 0.4871795 0.5 0.5135135 0.5277778 0.5428571 0.5588235 0.5757576 0.59375 0.6129032 0.6333333 0.6551724 0.6785714 0.7037037 0.7307692 0.76 0.7916667 0.826087 0.8636364 0.9047619 0.95 1 1 1 1 1 1 1 1 1 1 1 1 1 1 1 1 1 1 NA NA
0.3131313 0.3229167 0.3297872 0.3369565 0.3444444 0.3522727 0.3604651 0.3690476 0.3780488 0.3875 0.3974359 0.4078947 0.4189189 0.4305556 0.4428571 0.4558824 0.469697 0.484375 0.5 0.5166667 0.5344828 0.5535714 0.5740741 0.5961538 0.62 0.6458333 0.673913 0.7045455 0.7380952 0.775 0.8157895 0.8611111 0.9117647 0.96875 1 1 1 1 1 1 1 1 1 1 1 1 1 1 NA NA
0.3636364 0.375 0.3829787 0.3913043 0.4 0.4090909 0.4186047 0.4285714 0.4390244 0.45 0.4615385 0.4736842 0.4864865 0.5 0.5142857 0.5294118 0.5454545 0.5625 0.5806452 0.6 0.6206897 0.6428571 0.6666667 0.6923077 0.72 0.75 0.7826087 0.8181818 0.8571429 0.9 0.9473684 1 1 1 1 1 1 1 1 1 1 1 1 1 1 1 1 1 NA NA
0.3030303 0.3125 0.3191489 0.326087 0.3333333 0.3409091 0.3488372 0.3571429 0.3658537 0.375 0.3846154 0.3947368 0.4054054 0.4166667 0.4285714 0.4411765 0.4545455 0.46875 0.483871 0.5 0.5172414 0.5357143 0.5555556 0.5769231 0.6 0.625 0.6521739 0.6818182 0.7142857 0.75 0.7894737 0.8333333 0.8823529 0.9375 1 1 1 1 1 1 1 1 1 1 1 1 1 1 NA NA
0.2626263 0.2708333 0.2765957 0.2826087 0.2888889 0.2954545 0.3023256 0.3095238 0.3170732 0.325 0.3333333 0.3421053 0.3513514 0.3611111 0.3714286 0.3823529 0.3939394 0.40625 0.4193548 0.4333333 0.4482759 0.4642857 0.4814815 0.5 0.52 0.5416667 0.5652174 0.5909091 0.6190476 0.65 0.6842105 0.7222222 0.7647059 0.8125 0.8666667 0.9285714 1 1 1 1 1 1 1 1 1 1 1 1 NA NA
0.3636364 0.375 0.3829787 0.3913043 0.4 0.4090909 0.4186047 0.4285714 0.4390244 0.45 0.4615385 0.4736842 0.4864865 0.5 0.5142857 0.5294118 0.5454545 0.5625 0.5806452 0.6 0.6206897 0.6428571 0.6666667 0.6923077 0.72 0.75 0.7826087 0.8181818 0.8571429 0.9 0.9473684 1 1 1 1 1 1 1 1 1 1 1 1 1 1 1 1 1 NA NA
0.3939394 0.40625 0.4148936 0.423913 0.4333333 0.4431818 0.4534884 0.4642857 0.4756098 0.4875 0.5 0.5131579 0.527027 0.5416667 0.5571429 0.5735294 0.5909091 0.609375 0.6290323 0.65 0.6724138 0.6964286 0.7222222 0.75 0.78 0.8125 0.8478261 0.8863636 0.9285714 0.975 1 1 1 1 1 1 1 1 1 1 1 1 1 1 1 1 1 1 NA NA
0.3838384 0.3958333 0.4042553 0.4130435 0.4222222 0.4318182 0.4418605 0.452381 0.4634146 0.475 0.4871795 0.5 0.5135135 0.5277778 0.5428571 0.5588235 0.5757576 0.59375 0.6129032 0.6333333 0.6551724 0.6785714 0.7037037 0.7307692 0.76 0.7916667 0.826087 0.8636364 0.9047619 0.95 1 1 1 1 1 1 1 1 1 1 1 1 1 1 1 1 1 1 NA NA
0.3232323 0.3333333 0.3404255 0.3478261 0.3555556 0.3636364 0.372093 0.3809524 0.3902439 0.4 0.4102564 0.4210526 0.4324324 0.4444444 0.4571429 0.4705882 0.4848485 0.5 0.516129 0.5333333 0.5517241 0.5714286 0.5925926 0.6153846 0.64 0.6666667 0.6956522 0.7272727 0.7619048 0.8 0.8421053 0.8888889 0.9411765 1 1 1 1 1 1 1 1 1 1 1 1 1 1 1 NA NA
0.3030303 0.3125 0.3191489 0.326087 0.3333333 0.3409091 0.3488372 0.3571429 0.3658537 0.375 0.3846154 0.3947368 0.4054054 0.4166667 0.4285714 0.4411765 0.4545455 0.46875 0.483871 0.5 0.5172414 0.5357143 0.5555556 0.5769231 0.6 0.625 0.6521739 0.6818182 0.7142857 0.75 0.7894737 0.8333333 0.8823529 0.9375 1 1 1 1 1 1 1 1 1 1 1 1 1 1 NA NA
0.3131313 0.3229167 0.3297872 0.3369565 0.3444444 0.3522727 0.3604651 0.3690476 0.3780488 0.3875 0.3974359 0.4078947 0.4189189 0.4305556 0.4428571 0.4558824 0.469697 0.484375 0.5 0.5166667 0.5344828 0.5535714 0.5740741 0.5961538 0.62 0.6458333 0.673913 0.7045455 0.7380952 0.775 0.8157895 0.8611111 0.9117647 0.96875 1 1 1 1 1 1 1 1 1 1 1 1 1 1 NA NA
0.3131313 0.3229167 0.3297872 0.3369565 0.3444444 0.3522727 0.3604651 0.3690476 0.3780488 0.3875 0.3974359 0.4078947 0.4189189 0.4305556 0.4428571 0.4558824 0.469697 0.484375 0.5 0.5166667 0.5344828 0.5535714 0.5740741 0.5961538 0.62 0.6458333 0.673913 0.7045455 0.7380952 0.775 0.8157895 0.8611111 0.9117647 0.96875 1 1 1 1 1 1 1 1 1 1 1 1 1 1 NA NA
0.3636364 0.375 0.3829787 0.3913043 0.4 0.4090909 0.4186047 0.4285714 0.4390244 0.45 0.4615385 0.4736842 0.4864865 0.5 0.5142857 0.5294118 0.5454545 0.5625 0.5806452 0.6 0.6206897 0.6428571 0.6666667 0.6923077 0.72 0.75 0.7826087 0.8181818 0.8571429 0.9 0.9473684 1 1 1 1 1 1 1 1 1 1 1 1 1 1 1 1 1 NA NA
0.3939394 0.40625 0.4148936 0.423913 0.4333333 0.4431818 0.4534884 0.4642857 0.4756098 0.4875 0.5 0.5131579 0.527027 0.5416667 0.5571429 0.5735294 0.5909091 0.609375 0.6290323 0.65 0.6724138 0.6964286 0.7222222 0.75 0.78 0.8125 0.8478261 0.8863636 0.9285714 0.975 1 1 1 1 1 1 1 1 1 1 1 1 1 1 1 1 1 1 NA NA
0.3030303 0.3125 0.3191489 0.326087 0.3333333 0.3409091 0.3488372 0.3571429 0.3658537 0.375 0.3846154 0.3947368 0.4054054 0.4166667 0.4285714 0.4411765 0.4545455 0.46875 0.483871 0.5 0.5172414 0.5357143 0.5555556 0.5769231 0.6 0.625 0.6521739 0.6818182 0.7142857 0.75 0.7894737 0.8333333 0.8823529 0.9375 1 1 1 1 1 1 1 1 1 1 1 1 1 1 NA NA
0.2828283 0.2916667 0.2978723 0.3043478 0.3111111 0.3181818 0.3255814 0.3333333 0.3414634 0.35 0.3589744 0.3684211 0.3783784 0.3888889 0.4 0.4117647 0.4242424 0.4375 0.4516129 0.4666667 0.4827586 0.5 0.5185185 0.5384615 0.56 0.5833333 0.6086957 0.6363636 0.6666667 0.7 0.7368421 0.7777778 0.8235294 0.875 0.9333333 1 1 1 1 1 1 1 1 1 1 1 1 1 NA NA
0.3737374 0.3854167 0.393617 0.4021739 0.4111111 0.4204545 0.4302326 0.4404762 0.4512195 0.4625 0.474359 0.4868421 0.5 0.5138889 0.5285714 0.5441176 0.5606061 0.578125 0.5967742 0.6166667 0.637931 0.6607143 0.6851852 0.7115385 0.74 0.7708333 0.8043478 0.8409091 0.8809524 0.925 0.9736842 1 1 1 1 1 1 1 1 1 1 1 1 1 1 1 1 1 NA NA
0.2929293 0.3020833 0.3085106 0.3152174 0.3222222 0.3295455 0.3372093 0.3452381 0.3536585 0.3625 0.3717949 0.3815789 0.3918919 0.4027778 0.4142857 0.4264706 0.4393939 0.453125 0.4677419 0.4833333 0.5 0.5178571 0.537037 0.5576923 0.58 0.6041667 0.6304348 0.6590909 0.6904762 0.725 0.7631579 0.8055556 0.8529412 0.90625 0.9666667 1 1 1 1 1 1 1 1 1 1 1 1 1 NA NA
0.3737374 0.3854167 0.393617 0.4021739 0.4111111 0.4204545 0.4302326 0.4404762 0.4512195 0.4625 0.474359 0.4868421 0.5 0.5138889 0.5285714 0.5441176 0.5606061 0.578125 0.5967742 0.6166667 0.637931 0.6607143 0.6851852 0.7115385 0.74 0.7708333 0.8043478 0.8409091 0.8809524 0.925 0.9736842 1 1 1 1 1 1 1 1 1 1 1 1 1 1 1 1 NA NA NA
0.2727273 0.28125 0.287234 0.2934783 0.3 0.3068182 0.3139535 0.3214286 0.3292683 0.3375 0.3461538 0.3552632 0.3648649 0.375 0.3857143 0.3970588 0.4090909 0.421875 0.4354839 0.45 0.4655172 0.4821429 0.5 0.5192308 0.54 0.5625 0.5869565 0.6136364 0.6428571 0.675 0.7105263 0.75 0.7941176 0.84375 0.9 0.9642857 1 1 1 1 1 1 1 1 1 1 1 1 NA NA
0.4040404 0.4166667 0.4255319 0.4347826 0.4444444 0.4545455 0.4651163 0.4761905 0.4878049 0.5 0.5128205 0.5263158 0.5405405 0.5555556 0.5714286 0.5882353 0.6060606 0.625 0.6451613 0.6666667 0.6896552 0.7142857 0.7407407 0.7692308 0.8 0.8333333 0.8695652 0.9090909 0.952381 1 1 1 1 1 1 1 1 1 1 1 1 1 1 1 1 1 1 1 NA NA
0.3939394 0.40625 0.4148936 0.423913 0.4333333 0.4431818 0.4534884 0.4642857 0.4756098 0.4875 0.5 0.5131579 0.527027 0.5416667 0.5571429 0.5735294 0.5909091 0.609375 0.6290323 0.65 0.6724138 0.6964286 0.7222222 0.75 0.78 0.8125 0.8478261 0.8863636 0.9285714 0.975 1 1 1 1 1 1 1 1 1 1 1 1 1 1 1 1 1 1 NA NA
0.2626263 0.2708333 0.2765957 0.2826087 0.2888889 0.2954545 0.3023256 0.3095238 0.3170732 0.325 0.3333333 0.3421053 0.3513514 0.3611111 0.3714286 0.3823529 0.3939394 0.40625 0.4193548 0.4333333 0.4482759 0.4642857 0.4814815 0.5 0.52 0.5416667 0.5652174 0.5909091 0.6190476 0.65 0.6842105 0.7222222 0.7647059 0.8125 0.8666667 0.9285714 1 1 1 1 1 1 1 1 1 1 1 1 NA NA
0.2323232 0.2395833 0.2446809 0.25 0.2555556 0.2613636 0.2674419 0.2738095 0.2804878 0.2875 0.2948718 0.3026316 0.3108108 0.3194444 0.3285714 0.3382353 0.3484848 0.359375 0.3709677 0.3833333 0.3965517 0.4107143 0.4259259 0.4423077 0.46 0.4791667 0.5 0.5227273 0.547619 0.575 0.6052632 0.6388889 0.6764706 0.71875 0.7666667 0.8214286 0.8846154 0.9583333 1 1 1 1 1 1 1 1 1 1 NA NA
0.3030303 0.3125 0.3191489 0.326087 0.3333333 0.3409091 0.3488372 0.3571429 0.3658537 0.375 0.3846154 0.3947368 0.4054054 0.4166667 0.4285714 0.4411765 0.4545455 0.46875 0.483871 0.5 0.5172414 0.5357143 0.5555556 0.5769231 0.6 0.625 0.6521739 0.6818182 0.7142857 0.75 0.7894737 0.8333333 0.8823529 0.9375 1 1 1 1 1 1 1 1 1 1 1 1 1 1 NA NA
0.2828283 0.2916667 0.2978723 0.3043478 0.3111111 0.3181818 0.3255814 0.3333333 0.3414634 0.35 0.3589744 0.3684211 0.3783784 0.3888889 0.4 0.4117647 0.4242424 0.4375 0.4516129 0.4666667 0.4827586 0.5 0.5185185 0.5384615 0.56 0.5833333 0.6086957 0.6363636 0.6666667 0.7 0.7368421 0.7777778 0.8235294 0.875 0.9333333 1 1 1 1 1 1 1 1 1 1 1 1 1 NA NA
0.2525253 0.2604167 0.2659574 0.2717391 0.2777778 0.2840909 0.2906977 0.297619 0.304878 0.3125 0.3205128 0.3289474 0.3378378 0.3472222 0.3571429 0.3676471 0.3787879 0.390625 0.4032258 0.4166667 0.4310345 0.4464286 0.462963 0.4807692 0.5 0.5208333 0.5434783 0.5681818 0.5952381 0.625 0.6578947 0.6944444 0.7352941 0.78125 0.8333333 0.8928571 0.9615385 1 1 1 1 1 1 1 1 1 1 1 NA NA
0.2929293 0.3020833 0.3085106 0.3152174 0.3222222 0.3295455 0.3372093 0.3452381 0.3536585 0.3625 0.3717949 0.3815789 0.3918919 0.4027778 0.4142857 0.4264706 0.4393939 0.453125 0.4677419 0.4833333 0.5 0.5178571 0.537037 0.5576923 0.58 0.6041667 0.6304348 0.6590909 0.6904762 0.725 0.7631579 0.8055556 0.8529412 0.90625 0.9666667 1 1 1 1 1 1 1 1 1 1 1 1 1 NA NA
0.3939394 0.40625 0.4148936 0.423913 0.4333333 0.4431818 0.4534884 0.4642857 0.4756098 0.4875 0.5 0.5131579 0.527027 0.5416667 0.5571429 0.5735294 0.5909091 0.609375 0.6290323 0.65 0.6724138 0.6964286 0.7222222 0.75 0.78 0.8125 0.8478261 0.8863636 0.9285714 0.975 1 1 1 1 1 1 1 1 1 1 1 1 1 1 1 1 1 1 NA NA
0.3232323 0.3333333 0.3404255 0.3478261 0.3555556 0.3636364 0.372093 0.3809524 0.3902439 0.4 0.4102564 0.4210526 0.4324324 0.4444444 0.4571429 0.4705882 0.4848485 0.5 0.516129 0.5333333 0.5517241 0.5714286 0.5925926 0.6153846 0.64 0.6666667 0.6956522 0.7272727 0.7619048 0.8 0.8421053 0.8888889 0.9411765 1 1 1 1 1 1 1 1 1 1 1 1 1 1 NA NA NA
0.3333333 0.34375 0.3510638 0.3586957 0.3666667 0.375 0.3837209 0.3928571 0.402439 0.4125 0.4230769 0.4342105 0.4459459 0.4583333 0.4714286 0.4852941 0.5 0.515625 0.5322581 0.55 0.5689655 0.5892857 0.6111111 0.6346154 0.66 0.6875 0.7173913 0.75 0.7857143 0.825 0.8684211 0.9166667 0.9705882 1 1 1 1 1 1 1 1 1 1 1 1 1 1 1 NA NA
0.3535354 0.3645833 0.3723404 0.3804348 0.3888889 0.3977273 0.4069767 0.4166667 0.4268293 0.4375 0.4487179 0.4605263 0.472973 0.4861111 0.5 0.5147059 0.530303 0.546875 0.5645161 0.5833333 0.6034483 0.625 0.6481481 0.6730769 0.7 0.7291667 0.7608696 0.7954545 0.8333333 0.875 0.9210526 0.9722222 1 1 1 1 1 1 1 1 1 1 1 1 1 1 1 NA NA NA
0.3131313 0.3229167 0.3297872 0.3369565 0.3444444 0.3522727 0.3604651 0.3690476 0.3780488 0.3875 0.3974359 0.4078947 0.4189189 0.4305556 0.4428571 0.4558824 0.469697 0.484375 0.5 0.5166667 0.5344828 0.5535714 0.5740741 0.5961538 0.62 0.6458333 0.673913 0.7045455 0.7380952 0.775 0.8157895 0.8611111 0.9117647 0.96875 1 1 1 1 1 1 1 1 1 1 1 1 1 1 NA NA
0.2727273 0.28125 0.287234 0.2934783 0.3 0.3068182 0.3139535 0.3214286 0.3292683 0.3375 0.3461538 0.3552632 0.3648649 0.375 0.3857143 0.3970588 0.4090909 0.421875 0.4354839 0.45 0.4655172 0.4821429 0.5 0.5192308 0.54 0.5625 0.5869565 0.6136364 0.6428571 0.675 0.7105263 0.75 0.7941176 0.84375 0.9 0.9642857 1 1 1 1 1 1 1 1 1 1 1 NA NA NA
0.3434343 0.3541667 0.3617021 0.3695652 0.3777778 0.3863636 0.3953488 0.4047619 0.4146341 0.425 0.4358974 0.4473684 0.4594595 0.4722222 0.4857143 0.5 0.5151515 0.53125 0.5483871 0.5666667 0.5862069 0.6071429 0.6296296 0.6538462 0.68 0.7083333 0.7391304 0.7727273 0.8095238 0.85 0.8947368 0.9444444 1 1 1 1 1 1 1 1 1 1 1 1 1 1 1 1 NA NA
0.2727273 0.28125 0.287234 0.2934783 0.3 0.3068182 0.3139535 0.3214286 0.3292683 0.3375 0.3461538 0.3552632 0.3648649 0.375 0.3857143 0.3970588 0.4090909 0.421875 0.4354839 0.45 0.4655172 0.4821429 0.5 0.5192308 0.54 0.5625 0.5869565 0.6136364 0.6428571 0.675 0.7105263 0.75 0.7941176 0.84375 0.9 0.9642857 1 1 1 1 1 1 1 1 1 1 1 1 NA NA
0.3838384 0.3958333 0.4042553 0.4130435 0.4222222 0.4318182 0.4418605 0.452381 0.4634146 0.475 0.4871795 0.5 0.5135135 0.5277778 0.5428571 0.5588235 0.5757576 0.59375 0.6129032 0.6333333 0.6551724 0.6785714 0.7037037 0.7307692 0.76 0.7916667 0.826087 0.8636364 0.9047619 0.95 1 1 1 1 1 1 1 1 1 1 1 1 1 1 1 1 1 1 NA NA
0.3838384 0.3958333 0.4042553 0.4130435 0.4222222 0.4318182 0.4418605 0.452381 0.4634146 0.475 0.4871795 0.5 0.5135135 0.5277778 0.5428571 0.5588235 0.5757576 0.59375 0.6129032 0.6333333 0.6551724 0.6785714 0.7037037 0.7307692 0.76 0.7916667 0.826087 0.8636364 0.9047619 0.95 1 1 1 1 1 1 1 1 1 1 1 1 1 1 1 1 1 1 NA NA
0.3636364 0.375 0.3829787 0.3913043 0.4 0.4090909 0.4186047 0.4285714 0.4390244 0.45 0.4615385 0.4736842 0.4864865 0.5 0.5142857 0.5294118 0.5454545 0.5625 0.5806452 0.6 0.6206897 0.6428571 0.6666667 0.6923077 0.72 0.75 0.7826087 0.8181818 0.8571429 0.9 0.9473684 1 1 1 1 1 1 1 1 1 1 1 1 1 1 1 1 1 NA NA
0.3131313 0.3229167 0.3297872 0.3369565 0.3444444 0.3522727 0.3604651 0.3690476 0.3780488 0.3875 0.3974359 0.4078947 0.4189189 0.4305556 0.4428571 0.4558824 0.469697 0.484375 0.5 0.5166667 0.5344828 0.5535714 0.5740741 0.5961538 0.62 0.6458333 0.673913 0.7045455 0.7380952 0.775 0.8157895 0.8611111 0.9117647 0.96875 1 1 1 1 1 1 1 1 1 1 1 1 1 1 NA NA
0.3535354 0.3645833 0.3723404 0.3804348 0.3888889 0.3977273 0.4069767 0.4166667 0.4268293 0.4375 0.4487179 0.4605263 0.472973 0.4861111 0.5 0.5147059 0.530303 0.546875 0.5645161 0.5833333 0.6034483 0.625 0.6481481 0.6730769 0.7 0.7291667 0.7608696 0.7954545 0.8333333 0.875 0.9210526 0.9722222 1 1 1 1 1 1 1 1 1 1 1 1 1 1 1 NA NA NA
0.2626263 0.2708333 0.2765957 0.2826087 0.2888889 0.2954545 0.3023256 0.3095238 0.3170732 0.325 0.3333333 0.3421053 0.3513514 0.3611111 0.3714286 0.3823529 0.3939394 0.40625 0.4193548 0.4333333 0.4482759 0.4642857 0.4814815 0.5 0.52 0.5416667 0.5652174 0.5909091 0.6190476 0.65 0.6842105 0.7222222 0.7647059 0.8125 0.8666667 0.9285714 1 1 1 1 1 1 1 1 1 1 1 1 NA NA
0.3131313 0.3229167 0.3297872 0.3369565 0.3444444 0.3522727 0.3604651 0.3690476 0.3780488 0.3875 0.3974359 0.4078947 0.4189189 0.4305556 0.4428571 0.4558824 0.469697 0.484375 0.5 0.5166667 0.5344828 0.5535714 0.5740741 0.5961538 0.62 0.6458333 0.673913 0.7045455 0.7380952 0.775 0.8157895 0.8611111 0.9117647 0.96875 1 1 1 1 1 1 1 1 1 1 1 1 1 1 NA NA
0.3434343 0.3541667 0.3617021 0.3695652 0.3777778 0.3863636 0.3953488 0.4047619 0.4146341 0.425 0.4358974 0.4473684 0.4594595 0.4722222 0.4857143 0.5 0.5151515 0.53125 0.5483871 0.5666667 0.5862069 0.6071429 0.6296296 0.6538462 0.68 0.7083333 0.7391304 0.7727273 0.8095238 0.85 0.8947368 0.9444444 1 1 1 1 1 1 1 1 1 1 1 1 1 1 1 1 NA NA
0.3030303 0.3125 0.3191489 0.326087 0.3333333 0.3409091 0.3488372 0.3571429 0.3658537 0.375 0.3846154 0.3947368 0.4054054 0.4166667 0.4285714 0.4411765 0.4545455 0.46875 0.483871 0.5 0.5172414 0.5357143 0.5555556 0.5769231 0.6 0.625 0.6521739 0.6818182 0.7142857 0.75 0.7894737 0.8333333 0.8823529 0.9375 1 1 1 1 1 1 1 1 1 1 1 1 1 1 NA NA
0.2929293 0.3020833 0.3085106 0.3152174 0.3222222 0.3295455 0.3372093 0.3452381 0.3536585 0.3625 0.3717949 0.3815789 0.3918919 0.4027778 0.4142857 0.4264706 0.4393939 0.453125 0.4677419 0.4833333 0.5 0.5178571 0.537037 0.5576923 0.58 0.6041667 0.6304348 0.6590909 0.6904762 0.725 0.7631579 0.8055556 0.8529412 0.90625 0.9666667 1 1 1 1 1 1 1 1 1 1 1 1 1 NA NA
0.3232323 0.3333333 0.3404255 0.3478261 0.3555556 0.3636364 0.372093 0.3809524 0.3902439 0.4 0.4102564 0.4210526 0.4324324 0.4444444 0.4571429 0.4705882 0.4848485 0.5 0.516129 0.5333333 0.5517241 0.5714286 0.5925926 0.6153846 0.64 0.6666667 0.6956522 0.7272727 0.7619048 0.8 0.8421053 0.8888889 0.9411765 1 1 1 1 1 1 1 1 1 1 1 1 1 1 1 NA NA
0.2727273 0.28125 0.287234 0.2934783 0.3 0.3068182 0.3139535 0.3214286 0.3292683 0.3375 0.3461538 0.3552632 0.3648649 0.375 0.3857143 0.3970588 0.4090909 0.421875 0.4354839 0.45 0.4655172 0.4821429 0.5 0.5192308 0.54 0.5625 0.5869565 0.6136364 0.6428571 0.675 0.7105263 0.75 0.7941176 0.84375 0.9 0.9642857 1 1 1 1 1 1 1 1 1 1 1 1 NA NA
0.2929293 0.3020833 0.3085106 0.3152174 0.3222222 0.3295455 0.3372093 0.3452381 0.3536585 0.3625 0.3717949 0.3815789 0.3918919 0.4027778 0.4142857 0.4264706 0.4393939 0.453125 0.4677419 0.4833333 0.5 0.5178571 0.537037 0.5576923 0.58 0.6041667 0.6304348 0.6590909 0.6904762 0.725 0.7631579 0.8055556 0.8529412 0.90625 0.9666667 1 1 1 1 1 1 1 1 1 1 1 1 NA NA NA
0.4141414 0.4270833 0.4361702 0.4456522 0.4555556 0.4659091 0.4767442 0.4880952 0.5 0.5125 0.525641 0.5394737 0.5540541 0.5694444 0.5857143 0.6029412 0.6212121 0.640625 0.6612903 0.6833333 0.7068966 0.7321429 0.7592593 0.7884615 0.82 0.8541667 0.8913043 0.9318182 0.9761905 1 1 1 1 1 1 1 1 1 1 1 1 1 1 1 1 1 1 1 NA NA
0.3434343 0.3541667 0.3617021 0.3695652 0.3777778 0.3863636 0.3953488 0.4047619 0.4146341 0.425 0.4358974 0.4473684 0.4594595 0.4722222 0.4857143 0.5 0.5151515 0.53125 0.5483871 0.5666667 0.5862069 0.6071429 0.6296296 0.6538462 0.68 0.7083333 0.7391304 0.7727273 0.8095238 0.85 0.8947368 0.9444444 1 1 1 1 1 1 1 1 1 1 1 1 1 1 1 1 NA NA
0.4040404 0.4166667 0.4255319 0.4347826 0.4444444 0.4545455 0.4651163 0.4761905 0.4878049 0.5 0.5128205 0.5263158 0.5405405 0.5555556 0.5714286 0.5882353 0.6060606 0.625 0.6451613 0.6666667 0.6896552 0.7142857 0.7407407 0.7692308 0.8 0.8333333 0.8695652 0.9090909 0.952381 1 1 1 1 1 1 1 1 1 1 1 1 1 1 1 1 1 1 NA NA NA
0.4343434 0.4479167 0.4574468 0.4673913 0.4777778 0.4886364 0.5 0.5119048 0.5243902 0.5375 0.5512821 0.5657895 0.5810811 0.5972222 0.6142857 0.6323529 0.6515152 0.671875 0.6935484 0.7166667 0.7413793 0.7678571 0.7962963 0.8269231 0.86 0.8958333 0.9347826 0.9772727 1 1 1 1 1 1 1 1 1 1 1 1 1 1 1 1 1 1 1 1 NA NA
0.2626263 0.2708333 0.2765957 0.2826087 0.2888889 0.2954545 0.3023256 0.3095238 0.3170732 0.325 0.3333333 0.3421053 0.3513514 0.3611111 0.3714286 0.3823529 0.3939394 0.40625 0.4193548 0.4333333 0.4482759 0.4642857 0.4814815 0.5 0.52 0.5416667 0.5652174 0.5909091 0.6190476 0.65 0.6842105 0.7222222 0.7647059 0.8125 0.8666667 0.9285714 1 1 1 1 1 1 1 1 1 1 1 1 NA NA
0.3939394 0.40625 0.4148936 0.423913 0.4333333 0.4431818 0.4534884 0.4642857 0.4756098 0.4875 0.5 0.5131579 0.527027 0.5416667 0.5571429 0.5735294 0.5909091 0.609375 0.6290323 0.65 0.6724138 0.6964286 0.7222222 0.75 0.78 0.8125 0.8478261 0.8863636 0.9285714 0.975 1 1 1 1 1 1 1 1 1 1 1 1 1 1 1 1 1 1 NA NA
0.4141414 0.4270833 0.4361702 0.4456522 0.4555556 0.4659091 0.4767442 0.4880952 0.5 0.5125 0.525641 0.5394737 0.5540541 0.5694444 0.5857143 0.6029412 0.6212121 0.640625 0.6612903 0.6833333 0.7068966 0.7321429 0.7592593 0.7884615 0.82 0.8541667 0.8913043 0.9318182 0.9761905 1 1 1 1 1 1 1 1 1 1 1 1 1 1 1 1 1 1 1 NA NA
0.3131313 0.3229167 0.3297872 0.3369565 0.3444444 0.3522727 0.3604651 0.3690476 0.3780488 0.3875 0.3974359 0.4078947 0.4189189 0.4305556 0.4428571 0.4558824 0.469697 0.484375 0.5 0.5166667 0.5344828 0.5535714 0.5740741 0.5961538 0.62 0.6458333 0.673913 0.7045455 0.7380952 0.775 0.8157895 0.8611111 0.9117647 0.96875 1 1 1 1 1 1 1 1 1 1 1 1 1 1 NA NA
0.3434343 0.3541667 0.3617021 0.3695652 0.3777778 0.3863636 0.3953488 0.4047619 0.4146341 0.425 0.4358974 0.4473684 0.4594595 0.4722222 0.4857143 0.5 0.5151515 0.53125 0.5483871 0.5666667 0.5862069 0.6071429 0.6296296 0.6538462 0.68 0.7083333 0.7391304 0.7727273 0.8095238 0.85 0.8947368 0.9444444 1 1 1 1 1 1 1 1 1 1 1 1 1 1 1 1 NA NA
0.4646465 0.4791667 0.4893617 0.5 0.5111111 0.5227273 0.5348837 0.547619 0.5609756 0.575 0.5897436 0.6052632 0.6216216 0.6388889 0.6571429 0.6764706 0.6969697 0.71875 0.7419355 0.7666667 0.7931034 0.8214286 0.8518519 0.8846154 0.92 0.9583333 1 1 1 1 1 1 1 1 1 1 1 1 1 1 1 1 1 1 1 1 1 1 NA NA
0.3636364 0.375 0.3829787 0.3913043 0.4 0.4090909 0.4186047 0.4285714 0.4390244 0.45 0.4615385 0.4736842 0.4864865 0.5 0.5142857 0.5294118 0.5454545 0.5625 0.5806452 0.6 0.6206897 0.6428571 0.6666667 0.6923077 0.72 0.75 0.7826087 0.8181818 0.8571429 0.9 0.9473684 1 1 1 1 1 1 1 1 1 1 1 1 1 1 1 1 1 NA NA
0.2525253 0.2604167 0.2659574 0.2717391 0.2777778 0.2840909 0.2906977 0.297619 0.304878 0.3125 0.3205128 0.3289474 0.3378378 0.3472222 0.3571429 0.3676471 0.3787879 0.390625 0.4032258 0.4166667 0.4310345 0.4464286 0.462963 0.4807692 0.5 0.5208333 0.5434783 0.5681818 0.5952381 0.625 0.6578947 0.6944444 0.7352941 0.78125 0.8333333 0.8928571 0.9615385 1 1 1 1 1 1 1 1 1 1 NA NA NA
0.3131313 0.3229167 0.3297872 0.3369565 0.3444444 0.3522727 0.3604651 0.3690476 0.3780488 0.3875 0.3974359 0.4078947 0.4189189 0.4305556 0.4428571 0.4558824 0.469697 0.484375 0.5 0.5166667 0.5344828 0.5535714 0.5740741 0.5961538 0.62 0.6458333 0.673913 0.7045455 0.7380952 0.775 0.8157895 0.8611111 0.9117647 0.96875 1 1 1 1 1 1 1 1 1 1 1 1 1 1 NA NA
0.3131313 0.3229167 0.3297872 0.3369565 0.3444444 0.3522727 0.3604651 0.3690476 0.3780488 0.3875 0.3974359 0.4078947 0.4189189 0.4305556 0.4428571 0.4558824 0.469697 0.484375 0.5 0.5166667 0.5344828 0.5535714 0.5740741 0.5961538 0.62 0.6458333 0.673913 0.7045455 0.7380952 0.775 0.8157895 0.8611111 0.9117647 0.96875 1 1 1 1 1 1 1 1 1 1 1 1 1 1 NA NA
0.3535354 0.3645833 0.3723404 0.3804348 0.3888889 0.3977273 0.4069767 0.4166667 0.4268293 0.4375 0.4487179 0.4605263 0.472973 0.4861111 0.5 0.5147059 0.530303 0.546875 0.5645161 0.5833333 0.6034483 0.625 0.6481481 0.6730769 0.7 0.7291667 0.7608696 0.7954545 0.8333333 0.875 0.9210526 0.9722222 1 1 1 1 1 1 1 1 1 1 1 1 1 1 1 1 NA NA
0.2525253 0.2604167 0.2659574 0.2717391 0.2777778 0.2840909 0.2906977 0.297619 0.304878 0.3125 0.3205128 0.3289474 0.3378378 0.3472222 0.3571429 0.3676471 0.3787879 0.390625 0.4032258 0.4166667 0.4310345 0.4464286 0.462963 0.4807692 0.5 0.5208333 0.5434783 0.5681818 0.5952381 0.625 0.6578947 0.6944444 0.7352941 0.78125 0.8333333 0.8928571 0.9615385 1 1 1 1 1 1 1 1 1 1 1 NA NA
0.3030303 0.3125 0.3191489 0.326087 0.3333333 0.3409091 0.3488372 0.3571429 0.3658537 0.375 0.3846154 0.3947368 0.4054054 0.4166667 0.4285714 0.4411765 0.4545455 0.46875 0.483871 0.5 0.5172414 0.5357143 0.5555556 0.5769231 0.6 0.625 0.6521739 0.6818182 0.7142857 0.75 0.7894737 0.8333333 0.8823529 0.9375 1 1 1 1 1 1 1 1 1 1 1 1 1 1 NA NA
0.2525253 0.2604167 0.2659574 0.2717391 0.2777778 0.2840909 0.2906977 0.297619 0.304878 0.3125 0.3205128 0.3289474 0.3378378 0.3472222 0.3571429 0.3676471 0.3787879 0.390625 0.4032258 0.4166667 0.4310345 0.4464286 0.462963 0.4807692 0.5 0.5208333 0.5434783 0.5681818 0.5952381 0.625 0.6578947 0.6944444 0.7352941 0.78125 0.8333333 0.8928571 0.9615385 1 1 1 1 1 1 1 1 1 1 1 NA NA
0.3737374 0.3854167 0.393617 0.4021739 0.4111111 0.4204545 0.4302326 0.4404762 0.4512195 0.4625 0.474359 0.4868421 0.5 0.5138889 0.5285714 0.5441176 0.5606061 0.578125 0.5967742 0.6166667 0.637931 0.6607143 0.6851852 0.7115385 0.74 0.7708333 0.8043478 0.8409091 0.8809524 0.925 0.9736842 1 1 1 1 1 1 1 1 1 1 1 1 1 1 1 1 1 NA NA
0.3232323 0.3333333 0.3404255 0.3478261 0.3555556 0.3636364 0.372093 0.3809524 0.3902439 0.4 0.4102564 0.4210526 0.4324324 0.4444444 0.4571429 0.4705882 0.4848485 0.5 0.516129 0.5333333 0.5517241 0.5714286 0.5925926 0.6153846 0.64 0.6666667 0.6956522 0.7272727 0.7619048 0.8 0.8421053 0.8888889 0.9411765 1 1 1 1 1 1 1 1 1 1 1 1 1 1 1 NA NA
0.2929293 0.3020833 0.3085106 0.3152174 0.3222222 0.3295455 0.3372093 0.3452381 0.3536585 0.3625 0.3717949 0.3815789 0.3918919 0.4027778 0.4142857 0.4264706 0.4393939 0.453125 0.4677419 0.4833333 0.5 0.5178571 0.537037 0.5576923 0.58 0.6041667 0.6304348 0.6590909 0.6904762 0.725 0.7631579 0.8055556 0.8529412 0.90625 0.9666667 1 1 1 1 1 1 1 1 1 1 1 1 1 NA NA
0.3131313 0.3229167 0.3297872 0.3369565 0.3444444 0.3522727 0.3604651 0.3690476 0.3780488 0.3875 0.3974359 0.4078947 0.4189189 0.4305556 0.4428571 0.4558824 0.469697 0.484375 0.5 0.5166667 0.5344828 0.5535714 0.5740741 0.5961538 0.62 0.6458333 0.673913 0.7045455 0.7380952 0.775 0.8157895 0.8611111 0.9117647 0.96875 1 1 1 1 1 1 1 1 1 1 1 1 1 1 NA NA
0.3030303 0.3125 0.3191489 0.326087 0.3333333 0.3409091 0.3488372 0.3571429 0.3658537 0.375 0.3846154 0.3947368 0.4054054 0.4166667 0.4285714 0.4411765 0.4545455 0.46875 0.483871 0.5 0.5172414 0.5357143 0.5555556 0.5769231 0.6 0.625 0.6521739 0.6818182 0.7142857 0.75 0.7894737 0.8333333 0.8823529 0.9375 1 1 1 1 1 1 1 1 1 1 1 1 1 1 NA NA
0.3737374 0.3854167 0.393617 0.4021739 0.4111111 0.4204545 0.4302326 0.4404762 0.4512195 0.4625 0.474359 0.4868421 0.5 0.5138889 0.5285714 0.5441176 0.5606061 0.578125 0.5967742 0.6166667 0.637931 0.6607143 0.6851852 0.7115385 0.74 0.7708333 0.8043478 0.8409091 0.8809524 0.925 0.9736842 1 1 1 1 1 1 1 1 1 1 1 1 1 1 1 1 1 NA NA
0.3535354 0.3645833 0.3723404 0.3804348 0.3888889 0.3977273 0.4069767 0.4166667 0.4268293 0.4375 0.4487179 0.4605263 0.472973 0.4861111 0.5 0.5147059 0.530303 0.546875 0.5645161 0.5833333 0.6034483 0.625 0.6481481 0.6730769 0.7 0.7291667 0.7608696 0.7954545 0.8333333 0.875 0.9210526 0.9722222 1 1 1 1 1 1 1 1 1 1 1 1 1 1 1 1 NA NA
0.3232323 0.3333333 0.3404255 0.3478261 0.3555556 0.3636364 0.372093 0.3809524 0.3902439 0.4 0.4102564 0.4210526 0.4324324 0.4444444 0.4571429 0.4705882 0.4848485 0.5 0.516129 0.5333333 0.5517241 0.5714286 0.5925926 0.6153846 0.64 0.6666667 0.6956522 0.7272727 0.7619048 0.8 0.8421053 0.8888889 0.9411765 1 1 1 1 1 1 1 1 1 1 1 1 1 1 1 NA NA
0.3232323 0.3333333 0.3404255 0.3478261 0.3555556 0.3636364 0.372093 0.3809524 0.3902439 0.4 0.4102564 0.4210526 0.4324324 0.4444444 0.4571429 0.4705882 0.4848485 0.5 0.516129 0.5333333 0.5517241 0.5714286 0.5925926 0.6153846 0.64 0.6666667 0.6956522 0.7272727 0.7619048 0.8 0.8421053 0.8888889 0.9411765 1 1 1 1 1 1 1 1 1 1 1 1 1 1 1 NA NA
0.4141414 0.4270833 0.4361702 0.4456522 0.4555556 0.4659091 0.4767442 0.4880952 0.5 0.5125 0.525641 0.5394737 0.5540541 0.5694444 0.5857143 0.6029412 0.6212121 0.640625 0.6612903 0.6833333 0.7068966 0.7321429 0.7592593 0.7884615 0.82 0.8541667 0.8913043 0.9318182 0.9761905 1 1 1 1 1 1 1 1 1 1 1 1 1 1 1 1 1 1 NA NA NA
0.2424242 0.25 0.2553191 0.2608696 0.2666667 0.2727273 0.2790698 0.2857143 0.2926829 0.3 0.3076923 0.3157895 0.3243243 0.3333333 0.3428571 0.3529412 0.3636364 0.375 0.3870968 0.4 0.4137931 0.4285714 0.4444444 0.4615385 0.48 0.5 0.5217391 0.5454545 0.5714286 0.6 0.6315789 0.6666667 0.7058824 0.75 0.8 0.8571429 0.9230769 1 1 1 1 1 1 1 1 1 1 1 NA NA
0.3131313 0.3229167 0.3297872 0.3369565 0.3444444 0.3522727 0.3604651 0.3690476 0.3780488 0.3875 0.3974359 0.4078947 0.4189189 0.4305556 0.4428571 0.4558824 0.469697 0.484375 0.5 0.5166667 0.5344828 0.5535714 0.5740741 0.5961538 0.62 0.6458333 0.673913 0.7045455 0.7380952 0.775 0.8157895 0.8611111 0.9117647 0.96875 1 1 1 1 1 1 1 1 1 1 1 1 1 1 NA NA
0.3030303 0.3125 0.3191489 0.326087 0.3333333 0.3409091 0.3488372 0.3571429 0.3658537 0.375 0.3846154 0.3947368 0.4054054 0.4166667 0.4285714 0.4411765 0.4545455 0.46875 0.483871 0.5 0.5172414 0.5357143 0.5555556 0.5769231 0.6 0.625 0.6521739 0.6818182 0.7142857 0.75 0.7894737 0.8333333 0.8823529 0.9375 1 1 1 1 1 1 1 1 1 1 1 1 1 1 NA NA
0.3333333 0.34375 0.3510638 0.3586957 0.3666667 0.375 0.3837209 0.3928571 0.402439 0.4125 0.4230769 0.4342105 0.4459459 0.4583333 0.4714286 0.4852941 0.5 0.515625 0.5322581 0.55 0.5689655 0.5892857 0.6111111 0.6346154 0.66 0.6875 0.7173913 0.75 0.7857143 0.825 0.8684211 0.9166667 0.9705882 1 1 1 1 1 1 1 1 1 1 1 1 1 1 1 NA NA
0.3131313 0.3229167 0.3297872 0.3369565 0.3444444 0.3522727 0.3604651 0.3690476 0.3780488 0.3875 0.3974359 0.4078947 0.4189189 0.4305556 0.4428571 0.4558824 0.469697 0.484375 0.5 0.5166667 0.5344828 0.5535714 0.5740741 0.5961538 0.62 0.6458333 0.673913 0.7045455 0.7380952 0.775 0.8157895 0.8611111 0.9117647 0.96875 1 1 1 1 1 1 1 1 1 1 1 1 1 1 NA NA
0.3434343 0.3541667 0.3617021 0.3695652 0.3777778 0.3863636 0.3953488 0.4047619 0.4146341 0.425 0.4358974 0.4473684 0.4594595 0.4722222 0.4857143 0.5 0.5151515 0.53125 0.5483871 0.5666667 0.5862069 0.6071429 0.6296296 0.6538462 0.68 0.7083333 0.7391304 0.7727273 0.8095238 0.85 0.8947368 0.9444444 1 1 1 1 1 1 1 1 1 1 1 1 1 1 1 1 NA NA
0.3434343 0.3541667 0.3617021 0.3695652 0.3777778 0.3863636 0.3953488 0.4047619 0.4146341 0.425 0.4358974 0.4473684 0.4594595 0.4722222 0.4857143 0.5 0.5151515 0.53125 0.5483871 0.5666667 0.5862069 0.6071429 0.6296296 0.6538462 0.68 0.7083333 0.7391304 0.7727273 0.8095238 0.85 0.8947368 0.9444444 1 1 1 1 1 1 1 1 1 1 1 1 1 1 1 1 NA NA
0.3636364 0.375 0.3829787 0.3913043 0.4 0.4090909 0.4186047 0.4285714 0.4390244 0.45 0.4615385 0.4736842 0.4864865 0.5 0.5142857 0.5294118 0.5454545 0.5625 0.5806452 0.6 0.6206897 0.6428571 0.6666667 0.6923077 0.72 0.75 0.7826087 0.8181818 0.8571429 0.9 0.9473684 1 1 1 1 1 1 1 1 1 1 1 1 1 1 1 1 NA NA NA
0.3232323 0.3333333 0.3404255 0.3478261 0.3555556 0.3636364 0.372093 0.3809524 0.3902439 0.4 0.4102564 0.4210526 0.4324324 0.4444444 0.4571429 0.4705882 0.4848485 0.5 0.516129 0.5333333 0.5517241 0.5714286 0.5925926 0.6153846 0.64 0.6666667 0.6956522 0.7272727 0.7619048 0.8 0.8421053 0.8888889 0.9411765 1 1 1 1 1 1 1 1 1 1 1 1 1 1 1 NA NA
0.3636364 0.375 0.3829787 0.3913043 0.4 0.4090909 0.4186047 0.4285714 0.4390244 0.45 0.4615385 0.4736842 0.4864865 0.5 0.5142857 0.5294118 0.5454545 0.5625 0.5806452 0.6 0.6206897 0.6428571 0.6666667 0.6923077 0.72 0.75 0.7826087 0.8181818 0.8571429 0.9 0.9473684 1 1 1 1 1 1 1 1 1 1 1 1 1 1 1 1 1 NA NA
0.3333333 0.34375 0.3510638 0.3586957 0.3666667 0.375 0.3837209 0.3928571 0.402439 0.4125 0.4230769 0.4342105 0.4459459 0.4583333 0.4714286 0.4852941 0.5 0.515625 0.5322581 0.55 0.5689655 0.5892857 0.6111111 0.6346154 0.66 0.6875 0.7173913 0.75 0.7857143 0.825 0.8684211 0.9166667 0.9705882 1 1 1 1 1 1 1 1 1 1 1 1 1 1 1 NA NA
0.3838384 0.3958333 0.4042553 0.4130435 0.4222222 0.4318182 0.4418605 0.452381 0.4634146 0.475 0.4871795 0.5 0.5135135 0.5277778 0.5428571 0.5588235 0.5757576 0.59375 0.6129032 0.6333333 0.6551724 0.6785714 0.7037037 0.7307692 0.76 0.7916667 0.826087 0.8636364 0.9047619 0.95 1 1 1 1 1 1 1 1 1 1 1 1 1 1 1 1 1 1 NA NA
0.2828283 0.2916667 0.2978723 0.3043478 0.3111111 0.3181818 0.3255814 0.3333333 0.3414634 0.35 0.3589744 0.3684211 0.3783784 0.3888889 0.4 0.4117647 0.4242424 0.4375 0.4516129 0.4666667 0.4827586 0.5 0.5185185 0.5384615 0.56 0.5833333 0.6086957 0.6363636 0.6666667 0.7 0.7368421 0.7777778 0.8235294 0.875 0.9333333 1 1 1 1 1 1 1 1 1 1 1 1 1 NA NA
0.2828283 0.2916667 0.2978723 0.3043478 0.3111111 0.3181818 0.3255814 0.3333333 0.3414634 0.35 0.3589744 0.3684211 0.3783784 0.3888889 0.4 0.4117647 0.4242424 0.4375 0.4516129 0.4666667 0.4827586 0.5 0.5185185 0.5384615 0.56 0.5833333 0.6086957 0.6363636 0.6666667 0.7 0.7368421 0.7777778 0.8235294 0.875 0.9333333 1 1 1 1 1 1 1 1 1 1 1 1 1 NA NA
0.3535354 0.3645833 0.3723404 0.3804348 0.3888889 0.3977273 0.4069767 0.4166667 0.4268293 0.4375 0.4487179 0.4605263 0.472973 0.4861111 0.5 0.5147059 0.530303 0.546875 0.5645161 0.5833333 0.6034483 0.625 0.6481481 0.6730769 0.7 0.7291667 0.7608696 0.7954545 0.8333333 0.875 0.9210526 0.9722222 1 1 1 1 1 1 1 1 1 1 1 1 1 1 1 1 NA NA
0.2424242 0.25 0.2553191 0.2608696 0.2666667 0.2727273 0.2790698 0.2857143 0.2926829 0.3 0.3076923 0.3157895 0.3243243 0.3333333 0.3428571 0.3529412 0.3636364 0.375 0.3870968 0.4 0.4137931 0.4285714 0.4444444 0.4615385 0.48 0.5 0.5217391 0.5454545 0.5714286 0.6 0.6315789 0.6666667 0.7058824 0.75 0.8 0.8571429 0.9230769 1 1 1 1 1 1 1 1 1 1 1 NA NA
0.3030303 0.3125 0.3191489 0.326087 0.3333333 0.3409091 0.3488372 0.3571429 0.3658537 0.375 0.3846154 0.3947368 0.4054054 0.4166667 0.4285714 0.4411765 0.4545455 0.46875 0.483871 0.5 0.5172414 0.5357143 0.5555556 0.5769231 0.6 0.625 0.6521739 0.6818182 0.7142857 0.75 0.7894737 0.8333333 0.8823529 0.9375 1 1 1 1 1 1 1 1 1 1 1 1 1 1 NA NA
0.3131313 0.3229167 0.3297872 0.3369565 0.3444444 0.3522727 0.3604651 0.3690476 0.3780488 0.3875 0.3974359 0.4078947 0.4189189 0.4305556 0.4428571 0.4558824 0.469697 0.484375 0.5 0.5166667 0.5344828 0.5535714 0.5740741 0.5961538 0.62 0.6458333 0.673913 0.7045455 0.7380952 0.775 0.8157895 0.8611111 0.9117647 0.96875 1 1 1 1 1 1 1 1 1 1 1 1 1 1 NA NA
0.3232323 0.3333333 0.3404255 0.3478261 0.3555556 0.3636364 0.372093 0.3809524 0.3902439 0.4 0.4102564 0.4210526 0.4324324 0.4444444 0.4571429 0.4705882 0.4848485 0.5 0.516129 0.5333333 0.5517241 0.5714286 0.5925926 0.6153846 0.64 0.6666667 0.6956522 0.7272727 0.7619048 0.8 0.8421053 0.8888889 0.9411765 1 1 1 1 1 1 1 1 1 1 1 1 1 1 1 NA NA
0.4444444 0.4583333 0.4680851 0.4782609 0.4888889 0.5 0.5116279 0.5238095 0.5365854 0.55 0.5641026 0.5789474 0.5945946 0.6111111 0.6285714 0.6470588 0.6666667 0.6875 0.7096774 0.7333333 0.7586207 0.7857143 0.8148148 0.8461538 0.88 0.9166667 0.9565217 1 1 1 1 1 1 1 1 1 1 1 1 1 1 1 1 1 1 1 1 1 NA NA
0.3333333 0.34375 0.3510638 0.3586957 0.3666667 0.375 0.3837209 0.3928571 0.402439 0.4125 0.4230769 0.4342105 0.4459459 0.4583333 0.4714286 0.4852941 0.5 0.515625 0.5322581 0.55 0.5689655 0.5892857 0.6111111 0.6346154 0.66 0.6875 0.7173913 0.75 0.7857143 0.825 0.8684211 0.9166667 0.9705882 1 1 1 1 1 1 1 1 1 1 1 1 1 1 1 NA NA
0.2626263 0.2708333 0.2765957 0.2826087 0.2888889 0.2954545 0.3023256 0.3095238 0.3170732 0.325 0.3333333 0.3421053 0.3513514 0.3611111 0.3714286 0.3823529 0.3939394 0.40625 0.4193548 0.4333333 0.4482759 0.4642857 0.4814815 0.5 0.52 0.5416667 0.5652174 0.5909091 0.6190476 0.65 0.6842105 0.7222222 0.7647059 0.8125 0.8666667 0.9285714 1 1 1 1 1 1 1 1 1 1 1 NA NA NA
0.3333333 0.34375 0.3510638 0.3586957 0.3666667 0.375 0.3837209 0.3928571 0.402439 0.4125 0.4230769 0.4342105 0.4459459 0.4583333 0.4714286 0.4852941 0.5 0.515625 0.5322581 0.55 0.5689655 0.5892857 0.6111111 0.6346154 0.66 0.6875 0.7173913 0.75 0.7857143 0.825 0.8684211 0.9166667 0.9705882 1 1 1 1 1 1 1 1 1 1 1 1 1 1 1 NA NA
0.3333333 0.34375 0.3510638 0.3586957 0.3666667 0.375 0.3837209 0.3928571 0.402439 0.4125 0.4230769 0.4342105 0.4459459 0.4583333 0.4714286 0.4852941 0.5 0.515625 0.5322581 0.55 0.5689655 0.5892857 0.6111111 0.6346154 0.66 0.6875 0.7173913 0.75 0.7857143 0.825 0.8684211 0.9166667 0.9705882 1 1 1 1 1 1 1 1 1 1 1 1 1 1 NA NA NA
0.2626263 0.2708333 0.2765957 0.2826087 0.2888889 0.2954545 0.3023256 0.3095238 0.3170732 0.325 0.3333333 0.3421053 0.3513514 0.3611111 0.3714286 0.3823529 0.3939394 0.40625 0.4193548 0.4333333 0.4482759 0.4642857 0.4814815 0.5 0.52 0.5416667 0.5652174 0.5909091 0.6190476 0.65 0.6842105 0.7222222 0.7647059 0.8125 0.8666667 0.9285714 1 1 1 1 1 1 1 1 1 1 1 1 NA NA
0.3434343 0.3541667 0.3617021 0.3695652 0.3777778 0.3863636 0.3953488 0.4047619 0.4146341 0.425 0.4358974 0.4473684 0.4594595 0.4722222 0.4857143 0.5 0.5151515 0.53125 0.5483871 0.5666667 0.5862069 0.6071429 0.6296296 0.6538462 0.68 0.7083333 0.7391304 0.7727273 0.8095238 0.85 0.8947368 0.9444444 1 1 1 1 1 1 1 1 1 1 1 1 1 1 1 1 NA NA
0.3232323 0.3333333 0.3404255 0.3478261 0.3555556 0.3636364 0.372093 0.3809524 0.3902439 0.4 0.4102564 0.4210526 0.4324324 0.4444444 0.4571429 0.4705882 0.4848485 0.5 0.516129 0.5333333 0.5517241 0.5714286 0.5925926 0.6153846 0.64 0.6666667 0.6956522 0.7272727 0.7619048 0.8 0.8421053 0.8888889 0.9411765 1 1 1 1 1 1 1 1 1 1 1 1 1 1 1 NA NA
0.3434343 0.3541667 0.3617021 0.3695652 0.3777778 0.3863636 0.3953488 0.4047619 0.4146341 0.425 0.4358974 0.4473684 0.4594595 0.4722222 0.4857143 0.5 0.5151515 0.53125 0.5483871 0.5666667 0.5862069 0.6071429 0.6296296 0.6538462 0.68 0.7083333 0.7391304 0.7727273 0.8095238 0.85 0.8947368 0.9444444 1 1 1 1 1 1 1 1 1 1 1 1 1 1 1 1 NA NA
0.3939394 0.40625 0.4148936 0.423913 0.4333333 0.4431818 0.4534884 0.4642857 0.4756098 0.4875 0.5 0.5131579 0.527027 0.5416667 0.5571429 0.5735294 0.5909091 0.609375 0.6290323 0.65 0.6724138 0.6964286 0.7222222 0.75 0.78 0.8125 0.8478261 0.8863636 0.9285714 0.975 1 1 1 1 1 1 1 1 1 1 1 1 1 1 1 1 1 1 NA NA
0.3636364 0.375 0.3829787 0.3913043 0.4 0.4090909 0.4186047 0.4285714 0.4390244 0.45 0.4615385 0.4736842 0.4864865 0.5 0.5142857 0.5294118 0.5454545 0.5625 0.5806452 0.6 0.6206897 0.6428571 0.6666667 0.6923077 0.72 0.75 0.7826087 0.8181818 0.8571429 0.9 0.9473684 1 1 1 1 1 1 1 1 1 1 1 1 1 1 1 1 1 NA NA
0.4242424 0.4375 0.4468085 0.4565217 0.4666667 0.4772727 0.4883721 0.5 0.5121951 0.525 0.5384615 0.5526316 0.5675676 0.5833333 0.6 0.6176471 0.6363636 0.65625 0.6774194 0.7 0.7241379 0.75 0.7777778 0.8076923 0.84 0.875 0.9130435 0.9545455 1 1 1 1 1 1 1 1 1 1 1 1 1 1 1 1 1 1 1 1 NA NA
0.3737374 0.3854167 0.393617 0.4021739 0.4111111 0.4204545 0.4302326 0.4404762 0.4512195 0.4625 0.474359 0.4868421 0.5 0.5138889 0.5285714 0.5441176 0.5606061 0.578125 0.5967742 0.6166667 0.637931 0.6607143 0.6851852 0.7115385 0.74 0.7708333 0.8043478 0.8409091 0.8809524 0.925 0.9736842 1 1 1 1 1 1 1 1 1 1 1 1 1 1 1 1 NA NA NA
0.2929293 0.3020833 0.3085106 0.3152174 0.3222222 0.3295455 0.3372093 0.3452381 0.3536585 0.3625 0.3717949 0.3815789 0.3918919 0.4027778 0.4142857 0.4264706 0.4393939 0.453125 0.4677419 0.4833333 0.5 0.5178571 0.537037 0.5576923 0.58 0.6041667 0.6304348 0.6590909 0.6904762 0.725 0.7631579 0.8055556 0.8529412 0.90625 0.9666667 1 1 1 1 1 1 1 1 1 1 1 1 1 NA NA
0.3535354 0.3645833 0.3723404 0.3804348 0.3888889 0.3977273 0.4069767 0.4166667 0.4268293 0.4375 0.4487179 0.4605263 0.472973 0.4861111 0.5 0.5147059 0.530303 0.546875 0.5645161 0.5833333 0.6034483 0.625 0.6481481 0.6730769 0.7 0.7291667 0.7608696 0.7954545 0.8333333 0.875 0.9210526 0.9722222 1 1 1 1 1 1 1 1 1 1 1 1 1 1 1 1 NA NA
0.3333333 0.34375 0.3510638 0.3586957 0.3666667 0.375 0.3837209 0.3928571 0.402439 0.4125 0.4230769 0.4342105 0.4459459 0.4583333 0.4714286 0.4852941 0.5 0.515625 0.5322581 0.55 0.5689655 0.5892857 0.6111111 0.6346154 0.66 0.6875 0.7173913 0.75 0.7857143 0.825 0.8684211 0.9166667 0.9705882 1 1 1 1 1 1 1 1 1 1 1 1 1 1 1 NA NA
0.2929293 0.3020833 0.3085106 0.3152174 0.3222222 0.3295455 0.3372093 0.3452381 0.3536585 0.3625 0.3717949 0.3815789 0.3918919 0.4027778 0.4142857 0.4264706 0.4393939 0.453125 0.4677419 0.4833333 0.5 0.5178571 0.537037 0.5576923 0.58 0.6041667 0.6304348 0.6590909 0.6904762 0.725 0.7631579 0.8055556 0.8529412 0.90625 0.9666667 1 1 1 1 1 1 1 1 1 1 1 1 NA NA NA
0.3333333 0.34375 0.3510638 0.3586957 0.3666667 0.375 0.3837209 0.3928571 0.402439 0.4125 0.4230769 0.4342105 0.4459459 0.4583333 0.4714286 0.4852941 0.5 0.515625 0.5322581 0.55 0.5689655 0.5892857 0.6111111 0.6346154 0.66 0.6875 0.7173913 0.75 0.7857143 0.825 0.8684211 0.9166667 0.9705882 1 1 1 1 1 1 1 1 1 1 1 1 1 1 1 NA NA
0.3838384 0.3958333 0.4042553 0.4130435 0.4222222 0.4318182 0.4418605 0.452381 0.4634146 0.475 0.4871795 0.5 0.5135135 0.5277778 0.5428571 0.5588235 0.5757576 0.59375 0.6129032 0.6333333 0.6551724 0.6785714 0.7037037 0.7307692 0.76 0.7916667 0.826087 0.8636364 0.9047619 0.95 1 1 1 1 1 1 1 1 1 1 1 1 1 1 1 1 1 1 NA NA
0.3030303 0.3125 0.3191489 0.326087 0.3333333 0.3409091 0.3488372 0.3571429 0.3658537 0.375 0.3846154 0.3947368 0.4054054 0.4166667 0.4285714 0.4411765 0.4545455 0.46875 0.483871 0.5 0.5172414 0.5357143 0.5555556 0.5769231 0.6 0.625 0.6521739 0.6818182 0.7142857 0.75 0.7894737 0.8333333 0.8823529 0.9375 1 1 1 1 1 1 1 1 1 1 1 1 1 1 NA NA
0.4040404 0.4166667 0.4255319 0.4347826 0.4444444 0.4545455 0.4651163 0.4761905 0.4878049 0.5 0.5128205 0.5263158 0.5405405 0.5555556 0.5714286 0.5882353 0.6060606 0.625 0.6451613 0.6666667 0.6896552 0.7142857 0.7407407 0.7692308 0.8 0.8333333 0.8695652 0.9090909 0.952381 1 1 1 1 1 1 1 1 1 1 1 1 1 1 1 1 1 1 1 NA NA
0.3030303 0.3125 0.3191489 0.326087 0.3333333 0.3409091 0.3488372 0.3571429 0.3658537 0.375 0.3846154 0.3947368 0.4054054 0.4166667 0.4285714 0.4411765 0.4545455 0.46875 0.483871 0.5 0.5172414 0.5357143 0.5555556 0.5769231 0.6 0.625 0.6521739 0.6818182 0.7142857 0.75 0.7894737 0.8333333 0.8823529 0.9375 1 1 1 1 1 1 1 1 1 1 1 1 1 1 NA NA
0.3232323 0.3333333 0.3404255 0.3478261 0.3555556 0.3636364 0.372093 0.3809524 0.3902439 0.4 0.4102564 0.4210526 0.4324324 0.4444444 0.4571429 0.4705882 0.4848485 0.5 0.516129 0.5333333 0.5517241 0.5714286 0.5925926 0.6153846 0.64 0.6666667 0.6956522 0.7272727 0.7619048 0.8 0.8421053 0.8888889 0.9411765 1 1 1 1 1 1 1 1 1 1 1 1 1 1 1 NA NA
0.3232323 0.3333333 0.3404255 0.3478261 0.3555556 0.3636364 0.372093 0.3809524 0.3902439 0.4 0.4102564 0.4210526 0.4324324 0.4444444 0.4571429 0.4705882 0.4848485 0.5 0.516129 0.5333333 0.5517241 0.5714286 0.5925926 0.6153846 0.64 0.6666667 0.6956522 0.7272727 0.7619048 0.8 0.8421053 0.8888889 0.9411765 1 1 1 1 1 1 1 1 1 1 1 1 1 1 1 NA NA
0.3434343 0.3541667 0.3617021 0.3695652 0.3777778 0.3863636 0.3953488 0.4047619 0.4146341 0.425 0.4358974 0.4473684 0.4594595 0.4722222 0.4857143 0.5 0.5151515 0.53125 0.5483871 0.5666667 0.5862069 0.6071429 0.6296296 0.6538462 0.68 0.7083333 0.7391304 0.7727273 0.8095238 0.85 0.8947368 0.9444444 1 1 1 1 1 1 1 1 1 1 1 1 1 1 1 1 NA NA
0.3232323 0.3333333 0.3404255 0.3478261 0.3555556 0.3636364 0.372093 0.3809524 0.3902439 0.4 0.4102564 0.4210526 0.4324324 0.4444444 0.4571429 0.4705882 0.4848485 0.5 0.516129 0.5333333 0.5517241 0.5714286 0.5925926 0.6153846 0.64 0.6666667 0.6956522 0.7272727 0.7619048 0.8 0.8421053 0.8888889 0.9411765 1 1 1 1 1 1 1 1 1 1 1 1 1 1 1 NA NA
0.3636364 0.375 0.3829787 0.3913043 0.4 0.4090909 0.4186047 0.4285714 0.4390244 0.45 0.4615385 0.4736842 0.4864865 0.5 0.5142857 0.5294118 0.5454545 0.5625 0.5806452 0.6 0.6206897 0.6428571 0.6666667 0.6923077 0.72 0.75 0.7826087 0.8181818 0.8571429 0.9 0.9473684 1 1 1 1 1 1 1 1 1 1 1 1 1 1 1 1 1 NA NA
0.3131313 0.3229167 0.3297872 0.3369565 0.3444444 0.3522727 0.3604651 0.3690476 0.3780488 0.3875 0.3974359 0.4078947 0.4189189 0.4305556 0.4428571 0.4558824 0.469697 0.484375 0.5 0.5166667 0.5344828 0.5535714 0.5740741 0.5961538 0.62 0.6458333 0.673913 0.7045455 0.7380952 0.775 0.8157895 0.8611111 0.9117647 0.96875 1 1 1 1 1 1 1 1 1 1 1 1 1 1 NA NA
0.2929293 0.3020833 0.3085106 0.3152174 0.3222222 0.3295455 0.3372093 0.3452381 0.3536585 0.3625 0.3717949 0.3815789 0.3918919 0.4027778 0.4142857 0.4264706 0.4393939 0.453125 0.4677419 0.4833333 0.5 0.5178571 0.537037 0.5576923 0.58 0.6041667 0.6304348 0.6590909 0.6904762 0.725 0.7631579 0.8055556 0.8529412 0.90625 0.9666667 1 1 1 1 1 1 1 1 1 1 1 1 NA NA NA
0.3232323 0.3333333 0.3404255 0.3478261 0.3555556 0.3636364 0.372093 0.3809524 0.3902439 0.4 0.4102564 0.4210526 0.4324324 0.4444444 0.4571429 0.4705882 0.4848485 0.5 0.516129 0.5333333 0.5517241 0.5714286 0.5925926 0.6153846 0.64 0.6666667 0.6956522 0.7272727 0.7619048 0.8 0.8421053 0.8888889 0.9411765 1 1 1 1 1 1 1 1 1 1 1 1 1 1 1 NA NA
0.3535354 0.3645833 0.3723404 0.3804348 0.3888889 0.3977273 0.4069767 0.4166667 0.4268293 0.4375 0.4487179 0.4605263 0.472973 0.4861111 0.5 0.5147059 0.530303 0.546875 0.5645161 0.5833333 0.6034483 0.625 0.6481481 0.6730769 0.7 0.7291667 0.7608696 0.7954545 0.8333333 0.875 0.9210526 0.9722222 1 1 1 1 1 1 1 1 1 1 1 1 1 1 1 1 NA NA
0.3434343 0.3541667 0.3617021 0.3695652 0.3777778 0.3863636 0.3953488 0.4047619 0.4146341 0.425 0.4358974 0.4473684 0.4594595 0.4722222 0.4857143 0.5 0.5151515 0.53125 0.5483871 0.5666667 0.5862069 0.6071429 0.6296296 0.6538462 0.68 0.7083333 0.7391304 0.7727273 0.8095238 0.85 0.8947368 0.9444444 1 1 1 1 1 1 1 1 1 1 1 1 1 1 1 1 NA NA
0.4141414 0.4270833 0.4361702 0.4456522 0.4555556 0.4659091 0.4767442 0.4880952 0.5 0.5125 0.525641 0.5394737 0.5540541 0.5694444 0.5857143 0.6029412 0.6212121 0.640625 0.6612903 0.6833333 0.7068966 0.7321429 0.7592593 0.7884615 0.82 0.8541667 0.8913043 0.9318182 0.9761905 1 1 1 1 1 1 1 1 1 1 1 1 1 1 1 1 1 1 1 NA NA
0.2929293 0.3020833 0.3085106 0.3152174 0.3222222 0.3295455 0.3372093 0.3452381 0.3536585 0.3625 0.3717949 0.3815789 0.3918919 0.4027778 0.4142857 0.4264706 0.4393939 0.453125 0.4677419 0.4833333 0.5 0.5178571 0.537037 0.5576923 0.58 0.6041667 0.6304348 0.6590909 0.6904762 0.725 0.7631579 0.8055556 0.8529412 0.90625 0.9666667 1 1 1 1 1 1 1 1 1 1 1 1 NA NA NA
0.3939394 0.40625 0.4148936 0.423913 0.4333333 0.4431818 0.4534884 0.4642857 0.4756098 0.4875 0.5 0.5131579 0.527027 0.5416667 0.5571429 0.5735294 0.5909091 0.609375 0.6290323 0.65 0.6724138 0.6964286 0.7222222 0.75 0.78 0.8125 0.8478261 0.8863636 0.9285714 0.975 1 1 1 1 1 1 1 1 1 1 1 1 1 1 1 1 1 1 NA NA
0.3030303 0.3125 0.3191489 0.326087 0.3333333 0.3409091 0.3488372 0.3571429 0.3658537 0.375 0.3846154 0.3947368 0.4054054 0.4166667 0.4285714 0.4411765 0.4545455 0.46875 0.483871 0.5 0.5172414 0.5357143 0.5555556 0.5769231 0.6 0.625 0.6521739 0.6818182 0.7142857 0.75 0.7894737 0.8333333 0.8823529 0.9375 1 1 1 1 1 1 1 1 1 1 1 1 1 1 NA NA
0.2525253 0.2604167 0.2659574 0.2717391 0.2777778 0.2840909 0.2906977 0.297619 0.304878 0.3125 0.3205128 0.3289474 0.3378378 0.3472222 0.3571429 0.3676471 0.3787879 0.390625 0.4032258 0.4166667 0.4310345 0.4464286 0.462963 0.4807692 0.5 0.5208333 0.5434783 0.5681818 0.5952381 0.625 0.6578947 0.6944444 0.7352941 0.78125 0.8333333 0.8928571 0.9615385 1 1 1 1 1 1 1 1 1 1 1 NA NA
0.3434343 0.3541667 0.3617021 0.3695652 0.3777778 0.3863636 0.3953488 0.4047619 0.4146341 0.425 0.4358974 0.4473684 0.4594595 0.4722222 0.4857143 0.5 0.5151515 0.53125 0.5483871 0.5666667 0.5862069 0.6071429 0.6296296 0.6538462 0.68 0.7083333 0.7391304 0.7727273 0.8095238 0.85 0.8947368 0.9444444 1 1 1 1 1 1 1 1 1 1 1 1 1 1 1 1 NA NA
0.3636364 0.375 0.3829787 0.3913043 0.4 0.4090909 0.4186047 0.4285714 0.4390244 0.45 0.4615385 0.4736842 0.4864865 0.5 0.5142857 0.5294118 0.5454545 0.5625 0.5806452 0.6 0.6206897 0.6428571 0.6666667 0.6923077 0.72 0.75 0.7826087 0.8181818 0.8571429 0.9 0.9473684 1 1 1 1 1 1 1 1 1 1 1 1 1 1 1 1 1 NA NA
0.3333333 0.34375 0.3510638 0.3586957 0.3666667 0.375 0.3837209 0.3928571 0.402439 0.4125 0.4230769 0.4342105 0.4459459 0.4583333 0.4714286 0.4852941 0.5 0.515625 0.5322581 0.55 0.5689655 0.5892857 0.6111111 0.6346154 0.66 0.6875 0.7173913 0.75 0.7857143 0.825 0.8684211 0.9166667 0.9705882 1 1 1 1 1 1 1 1 1 1 1 1 1 1 1 NA NA
0.3232323 0.3333333 0.3404255 0.3478261 0.3555556 0.3636364 0.372093 0.3809524 0.3902439 0.4 0.4102564 0.4210526 0.4324324 0.4444444 0.4571429 0.4705882 0.4848485 0.5 0.516129 0.5333333 0.5517241 0.5714286 0.5925926 0.6153846 0.64 0.6666667 0.6956522 0.7272727 0.7619048 0.8 0.8421053 0.8888889 0.9411765 1 1 1 1 1 1 1 1 1 1 1 1 1 1 1 NA NA
0.3333333 0.34375 0.3510638 0.3586957 0.3666667 0.375 0.3837209 0.3928571 0.402439 0.4125 0.4230769 0.4342105 0.4459459 0.4583333 0.4714286 0.4852941 0.5 0.515625 0.5322581 0.55 0.5689655 0.5892857 0.6111111 0.6346154 0.66 0.6875 0.7173913 0.75 0.7857143 0.825 0.8684211 0.9166667 0.9705882 1 1 1 1 1 1 1 1 1 1 1 1 1 1 1 NA NA
0.2727273 0.28125 0.287234 0.2934783 0.3 0.3068182 0.3139535 0.3214286 0.3292683 0.3375 0.3461538 0.3552632 0.3648649 0.375 0.3857143 0.3970588 0.4090909 0.421875 0.4354839 0.45 0.4655172 0.4821429 0.5 0.5192308 0.54 0.5625 0.5869565 0.6136364 0.6428571 0.675 0.7105263 0.75 0.7941176 0.84375 0.9 0.9642857 1 1 1 1 1 1 1 1 1 1 1 1 NA NA
0.3232323 0.3333333 0.3404255 0.3478261 0.3555556 0.3636364 0.372093 0.3809524 0.3902439 0.4 0.4102564 0.4210526 0.4324324 0.4444444 0.4571429 0.4705882 0.4848485 0.5 0.516129 0.5333333 0.5517241 0.5714286 0.5925926 0.6153846 0.64 0.6666667 0.6956522 0.7272727 0.7619048 0.8 0.8421053 0.8888889 0.9411765 1 1 1 1 1 1 1 1 1 1 1 1 1 1 1 NA NA
0.4141414 0.4270833 0.4361702 0.4456522 0.4555556 0.4659091 0.4767442 0.4880952 0.5 0.5125 0.525641 0.5394737 0.5540541 0.5694444 0.5857143 0.6029412 0.6212121 0.640625 0.6612903 0.6833333 0.7068966 0.7321429 0.7592593 0.7884615 0.82 0.8541667 0.8913043 0.9318182 0.9761905 1 1 1 1 1 1 1 1 1 1 1 1 1 1 1 1 1 1 1 NA NA
0.2929293 0.3020833 0.3085106 0.3152174 0.3222222 0.3295455 0.3372093 0.3452381 0.3536585 0.3625 0.3717949 0.3815789 0.3918919 0.4027778 0.4142857 0.4264706 0.4393939 0.453125 0.4677419 0.4833333 0.5 0.5178571 0.537037 0.5576923 0.58 0.6041667 0.6304348 0.6590909 0.6904762 0.725 0.7631579 0.8055556 0.8529412 0.90625 0.9666667 1 1 1 1 1 1 1 1 1 1 1 1 1 NA NA
0.3131313 0.3229167 0.3297872 0.3369565 0.3444444 0.3522727 0.3604651 0.3690476 0.3780488 0.3875 0.3974359 0.4078947 0.4189189 0.4305556 0.4428571 0.4558824 0.469697 0.484375 0.5 0.5166667 0.5344828 0.5535714 0.5740741 0.5961538 0.62 0.6458333 0.673913 0.7045455 0.7380952 0.775 0.8157895 0.8611111 0.9117647 0.96875 1 1 1 1 1 1 1 1 1 1 1 1 1 1 NA NA
0.2929293 0.3020833 0.3085106 0.3152174 0.3222222 0.3295455 0.3372093 0.3452381 0.3536585 0.3625 0.3717949 0.3815789 0.3918919 0.4027778 0.4142857 0.4264706 0.4393939 0.453125 0.4677419 0.4833333 0.5 0.5178571 0.537037 0.5576923 0.58 0.6041667 0.6304348 0.6590909 0.6904762 0.725 0.7631579 0.8055556 0.8529412 0.90625 0.9666667 1 1 1 1 1 1 1 1 1 1 1 1 1 NA NA
0.3333333 0.34375 0.3510638 0.3586957 0.3666667 0.375 0.3837209 0.3928571 0.402439 0.4125 0.4230769 0.4342105 0.4459459 0.4583333 0.4714286 0.4852941 0.5 0.515625 0.5322581 0.55 0.5689655 0.5892857 0.6111111 0.6346154 0.66 0.6875 0.7173913 0.75 0.7857143 0.825 0.8684211 0.9166667 0.9705882 1 1 1 1 1 1 1 1 1 1 1 1 1 1 1 NA NA
0.3737374 0.3854167 0.393617 0.4021739 0.4111111 0.4204545 0.4302326 0.4404762 0.4512195 0.4625 0.474359 0.4868421 0.5 0.5138889 0.5285714 0.5441176 0.5606061 0.578125 0.5967742 0.6166667 0.637931 0.6607143 0.6851852 0.7115385 0.74 0.7708333 0.8043478 0.8409091 0.8809524 0.925 0.9736842 1 1 1 1 1 1 1 1 1 1 1 1 1 1 1 1 1 NA NA
0.3737374 0.3854167 0.393617 0.4021739 0.4111111 0.4204545 0.4302326 0.4404762 0.4512195 0.4625 0.474359 0.4868421 0.5 0.5138889 0.5285714 0.5441176 0.5606061 0.578125 0.5967742 0.6166667 0.637931 0.6607143 0.6851852 0.7115385 0.74 0.7708333 0.8043478 0.8409091 0.8809524 0.925 0.9736842 1 1 1 1 1 1 1 1 1 1 1 1 1 1 1 1 1 NA NA
0.3131313 0.3229167 0.3297872 0.3369565 0.3444444 0.3522727 0.3604651 0.3690476 0.3780488 0.3875 0.3974359 0.4078947 0.4189189 0.4305556 0.4428571 0.4558824 0.469697 0.484375 0.5 0.5166667 0.5344828 0.5535714 0.5740741 0.5961538 0.62 0.6458333 0.673913 0.7045455 0.7380952 0.775 0.8157895 0.8611111 0.9117647 0.96875 1 1 1 1 1 1 1 1 1 1 1 1 1 NA NA NA
0.4545455 0.46875 0.4787234 0.4891304 0.5 0.5113636 0.5232558 0.5357143 0.5487805 0.5625 0.5769231 0.5921053 0.6081081 0.625 0.6428571 0.6617647 0.6818182 0.703125 0.7258065 0.75 0.7758621 0.8035714 0.8333333 0.8653846 0.9 0.9375 0.9782609 1 1 1 1 1 1 1 1 1 1 1 1 1 1 1 1 1 1 1 1 1 NA NA
0.3434343 0.3541667 0.3617021 0.3695652 0.3777778 0.3863636 0.3953488 0.4047619 0.4146341 0.425 0.4358974 0.4473684 0.4594595 0.4722222 0.4857143 0.5 0.5151515 0.53125 0.5483871 0.5666667 0.5862069 0.6071429 0.6296296 0.6538462 0.68 0.7083333 0.7391304 0.7727273 0.8095238 0.85 0.8947368 0.9444444 1 1 1 1 1 1 1 1 1 1 1 1 1 1 1 1 NA NA
0.3434343 0.3541667 0.3617021 0.3695652 0.3777778 0.3863636 0.3953488 0.4047619 0.4146341 0.425 0.4358974 0.4473684 0.4594595 0.4722222 0.4857143 0.5 0.5151515 0.53125 0.5483871 0.5666667 0.5862069 0.6071429 0.6296296 0.6538462 0.68 0.7083333 0.7391304 0.7727273 0.8095238 0.85 0.8947368 0.9444444 1 1 1 1 1 1 1 1 1 1 1 1 1 1 1 1 NA NA
0.2525253 0.2604167 0.2659574 0.2717391 0.2777778 0.2840909 0.2906977 0.297619 0.304878 0.3125 0.3205128 0.3289474 0.3378378 0.3472222 0.3571429 0.3676471 0.3787879 0.390625 0.4032258 0.4166667 0.4310345 0.4464286 0.462963 0.4807692 0.5 0.5208333 0.5434783 0.5681818 0.5952381 0.625 0.6578947 0.6944444 0.7352941 0.78125 0.8333333 0.8928571 0.9615385 1 1 1 1 1 1 1 1 1 1 NA NA NA
0.3131313 0.3229167 0.3297872 0.3369565 0.3444444 0.3522727 0.3604651 0.3690476 0.3780488 0.3875 0.3974359 0.4078947 0.4189189 0.4305556 0.4428571 0.4558824 0.469697 0.484375 0.5 0.5166667 0.5344828 0.5535714 0.5740741 0.5961538 0.62 0.6458333 0.673913 0.7045455 0.7380952 0.775 0.8157895 0.8611111 0.9117647 0.96875 1 1 1 1 1 1 1 1 1 1 1 1 1 1 NA NA
0.3737374 0.3854167 0.393617 0.4021739 0.4111111 0.4204545 0.4302326 0.4404762 0.4512195 0.4625 0.474359 0.4868421 0.5 0.5138889 0.5285714 0.5441176 0.5606061 0.578125 0.5967742 0.6166667 0.637931 0.6607143 0.6851852 0.7115385 0.74 0.7708333 0.8043478 0.8409091 0.8809524 0.925 0.9736842 1 1 1 1 1 1 1 1 1 1 1 1 1 1 1 1 1 NA NA
0.3131313 0.3229167 0.3297872 0.3369565 0.3444444 0.3522727 0.3604651 0.3690476 0.3780488 0.3875 0.3974359 0.4078947 0.4189189 0.4305556 0.4428571 0.4558824 0.469697 0.484375 0.5 0.5166667 0.5344828 0.5535714 0.5740741 0.5961538 0.62 0.6458333 0.673913 0.7045455 0.7380952 0.775 0.8157895 0.8611111 0.9117647 0.96875 1 1 1 1 1 1 1 1 1 1 1 1 1 NA NA NA
0.3030303 0.3125 0.3191489 0.326087 0.3333333 0.3409091 0.3488372 0.3571429 0.3658537 0.375 0.3846154 0.3947368 0.4054054 0.4166667 0.4285714 0.4411765 0.4545455 0.46875 0.483871 0.5 0.5172414 0.5357143 0.5555556 0.5769231 0.6 0.625 0.6521739 0.6818182 0.7142857 0.75 0.7894737 0.8333333 0.8823529 0.9375 1 1 1 1 1 1 1 1 1 1 1 1 1 1 NA NA
0.4040404 0.4166667 0.4255319 0.4347826 0.4444444 0.4545455 0.4651163 0.4761905 0.4878049 0.5 0.5128205 0.5263158 0.5405405 0.5555556 0.5714286 0.5882353 0.6060606 0.625 0.6451613 0.6666667 0.6896552 0.7142857 0.7407407 0.7692308 0.8 0.8333333 0.8695652 0.9090909 0.952381 1 1 1 1 1 1 1 1 1 1 1 1 1 1 1 1 1 1 1 NA NA
0.3030303 0.3125 0.3191489 0.326087 0.3333333 0.3409091 0.3488372 0.3571429 0.3658537 0.375 0.3846154 0.3947368 0.4054054 0.4166667 0.4285714 0.4411765 0.4545455 0.46875 0.483871 0.5 0.5172414 0.5357143 0.5555556 0.5769231 0.6 0.625 0.6521739 0.6818182 0.7142857 0.75 0.7894737 0.8333333 0.8823529 0.9375 1 1 1 1 1 1 1 1 1 1 1 1 1 NA NA NA
0.3131313 0.3229167 0.3297872 0.3369565 0.3444444 0.3522727 0.3604651 0.3690476 0.3780488 0.3875 0.3974359 0.4078947 0.4189189 0.4305556 0.4428571 0.4558824 0.469697 0.484375 0.5 0.5166667 0.5344828 0.5535714 0.5740741 0.5961538 0.62 0.6458333 0.673913 0.7045455 0.7380952 0.775 0.8157895 0.8611111 0.9117647 0.96875 1 1 1 1 1 1 1 1 1 1 1 1 1 1 NA NA
0.2828283 0.2916667 0.2978723 0.3043478 0.3111111 0.3181818 0.3255814 0.3333333 0.3414634 0.35 0.3589744 0.3684211 0.3783784 0.3888889 0.4 0.4117647 0.4242424 0.4375 0.4516129 0.4666667 0.4827586 0.5 0.5185185 0.5384615 0.56 0.5833333 0.6086957 0.6363636 0.6666667 0.7 0.7368421 0.7777778 0.8235294 0.875 0.9333333 1 1 1 1 1 1 1 1 1 1 1 1 NA NA NA
0.2424242 0.25 0.2553191 0.2608696 0.2666667 0.2727273 0.2790698 0.2857143 0.2926829 0.3 0.3076923 0.3157895 0.3243243 0.3333333 0.3428571 0.3529412 0.3636364 0.375 0.3870968 0.4 0.4137931 0.4285714 0.4444444 0.4615385 0.48 0.5 0.5217391 0.5454545 0.5714286 0.6 0.6315789 0.6666667 0.7058824 0.75 0.8 0.8571429 0.9230769 1 1 1 1 1 1 1 1 1 1 1 NA NA
0.3434343 0.3541667 0.3617021 0.3695652 0.3777778 0.3863636 0.3953488 0.4047619 0.4146341 0.425 0.4358974 0.4473684 0.4594595 0.4722222 0.4857143 0.5 0.5151515 0.53125 0.5483871 0.5666667 0.5862069 0.6071429 0.6296296 0.6538462 0.68 0.7083333 0.7391304 0.7727273 0.8095238 0.85 0.8947368 0.9444444 1 1 1 1 1 1 1 1 1 1 1 1 1 1 1 1 NA NA
0.2929293 0.3020833 0.3085106 0.3152174 0.3222222 0.3295455 0.3372093 0.3452381 0.3536585 0.3625 0.3717949 0.3815789 0.3918919 0.4027778 0.4142857 0.4264706 0.4393939 0.453125 0.4677419 0.4833333 0.5 0.5178571 0.537037 0.5576923 0.58 0.6041667 0.6304348 0.6590909 0.6904762 0.725 0.7631579 0.8055556 0.8529412 0.90625 0.9666667 1 1 1 1 1 1 1 1 1 1 1 1 1 NA NA
0.3535354 0.3645833 0.3723404 0.3804348 0.3888889 0.3977273 0.4069767 0.4166667 0.4268293 0.4375 0.4487179 0.4605263 0.472973 0.4861111 0.5 0.5147059 0.530303 0.546875 0.5645161 0.5833333 0.6034483 0.625 0.6481481 0.6730769 0.7 0.7291667 0.7608696 0.7954545 0.8333333 0.875 0.9210526 0.9722222 1 1 1 1 1 1 1 1 1 1 1 1 1 1 1 NA NA NA
0.3737374 0.3854167 0.393617 0.4021739 0.4111111 0.4204545 0.4302326 0.4404762 0.4512195 0.4625 0.474359 0.4868421 0.5 0.5138889 0.5285714 0.5441176 0.5606061 0.578125 0.5967742 0.6166667 0.637931 0.6607143 0.6851852 0.7115385 0.74 0.7708333 0.8043478 0.8409091 0.8809524 0.925 0.9736842 1 1 1 1 1 1 1 1 1 1 1 1 1 1 1 1 1 NA NA
0.4141414 0.4270833 0.4361702 0.4456522 0.4555556 0.4659091 0.4767442 0.4880952 0.5 0.5125 0.525641 0.5394737 0.5540541 0.5694444 0.5857143 0.6029412 0.6212121 0.640625 0.6612903 0.6833333 0.7068966 0.7321429 0.7592593 0.7884615 0.82 0.8541667 0.8913043 0.9318182 0.9761905 1 1 1 1 1 1 1 1 1 1 1 1 1 1 1 1 1 1 1 NA NA
0.3232323 0.3333333 0.3404255 0.3478261 0.3555556 0.3636364 0.372093 0.3809524 0.3902439 0.4 0.4102564 0.4210526 0.4324324 0.4444444 0.4571429 0.4705882 0.4848485 0.5 0.516129 0.5333333 0.5517241 0.5714286 0.5925926 0.6153846 0.64 0.6666667 0.6956522 0.7272727 0.7619048 0.8 0.8421053 0.8888889 0.9411765 1 1 1 1 1 1 1 1 1 1 1 1 1 1 1 NA NA
0.3535354 0.3645833 0.3723404 0.3804348 0.3888889 0.3977273 0.4069767 0.4166667 0.4268293 0.4375 0.4487179 0.4605263 0.472973 0.4861111 0.5 0.5147059 0.530303 0.546875 0.5645161 0.5833333 0.6034483 0.625 0.6481481 0.6730769 0.7 0.7291667 0.7608696 0.7954545 0.8333333 0.875 0.9210526 0.9722222 1 1 1 1 1 1 1 1 1 1 1 1 1 1 1 1 NA NA
0.3535354 0.3645833 0.3723404 0.3804348 0.3888889 0.3977273 0.4069767 0.4166667 0.4268293 0.4375 0.4487179 0.4605263 0.472973 0.4861111 0.5 0.5147059 0.530303 0.546875 0.5645161 0.5833333 0.6034483 0.625 0.6481481 0.6730769 0.7 0.7291667 0.7608696 0.7954545 0.8333333 0.875 0.9210526 0.9722222 1 1 1 1 1 1 1 1 1 1 1 1 1 1 1 1 NA NA
0.2929293 0.3020833 0.3085106 0.3152174 0.3222222 0.3295455 0.3372093 0.3452381 0.3536585 0.3625 0.3717949 0.3815789 0.3918919 0.4027778 0.4142857 0.4264706 0.4393939 0.453125 0.4677419 0.4833333 0.5 0.5178571 0.537037 0.5576923 0.58 0.6041667 0.6304348 0.6590909 0.6904762 0.725 0.7631579 0.8055556 0.8529412 0.90625 0.9666667 1 1 1 1 1 1 1 1 1 1 1 NA NA NA NA
0.2828283 0.2916667 0.2978723 0.3043478 0.3111111 0.3181818 0.3255814 0.3333333 0.3414634 0.35 0.3589744 0.3684211 0.3783784 0.3888889 0.4 0.4117647 0.4242424 0.4375 0.4516129 0.4666667 0.4827586 0.5 0.5185185 0.5384615 0.56 0.5833333 0.6086957 0.6363636 0.6666667 0.7 0.7368421 0.7777778 0.8235294 0.875 0.9333333 1 1 1 1 1 1 1 1 1 1 1 1 1 NA NA
0.4646465 0.4791667 0.4893617 0.5 0.5111111 0.5227273 0.5348837 0.547619 0.5609756 0.575 0.5897436 0.6052632 0.6216216 0.6388889 0.6571429 0.6764706 0.6969697 0.71875 0.7419355 0.7666667 0.7931034 0.8214286 0.8518519 0.8846154 0.92 0.9583333 1 1 1 1 1 1 1 1 1 1 1 1 1 1 1 1 1 1 1 1 1 1 NA NA
0.3131313 0.3229167 0.3297872 0.3369565 0.3444444 0.3522727 0.3604651 0.3690476 0.3780488 0.3875 0.3974359 0.4078947 0.4189189 0.4305556 0.4428571 0.4558824 0.469697 0.484375 0.5 0.5166667 0.5344828 0.5535714 0.5740741 0.5961538 0.62 0.6458333 0.673913 0.7045455 0.7380952 0.775 0.8157895 0.8611111 0.9117647 0.96875 1 1 1 1 1 1 1 1 1 1 1 1 1 1 NA NA
0.3333333 0.34375 0.3510638 0.3586957 0.3666667 0.375 0.3837209 0.3928571 0.402439 0.4125 0.4230769 0.4342105 0.4459459 0.4583333 0.4714286 0.4852941 0.5 0.515625 0.5322581 0.55 0.5689655 0.5892857 0.6111111 0.6346154 0.66 0.6875 0.7173913 0.75 0.7857143 0.825 0.8684211 0.9166667 0.9705882 1 1 1 1 1 1 1 1 1 1 1 1 1 1 NA NA NA
0.4141414 0.4270833 0.4361702 0.4456522 0.4555556 0.4659091 0.4767442 0.4880952 0.5 0.5125 0.525641 0.5394737 0.5540541 0.5694444 0.5857143 0.6029412 0.6212121 0.640625 0.6612903 0.6833333 0.7068966 0.7321429 0.7592593 0.7884615 0.82 0.8541667 0.8913043 0.9318182 0.9761905 1 1 1 1 1 1 1 1 1 1 1 1 1 1 1 1 1 1 1 NA NA
0.3333333 0.34375 0.3510638 0.3586957 0.3666667 0.375 0.3837209 0.3928571 0.402439 0.4125 0.4230769 0.4342105 0.4459459 0.4583333 0.4714286 0.4852941 0.5 0.515625 0.5322581 0.55 0.5689655 0.5892857 0.6111111 0.6346154 0.66 0.6875 0.7173913 0.75 0.7857143 0.825 0.8684211 0.9166667 0.9705882 1 1 1 1 1 1 1 1 1 1 1 1 1 1 1 NA NA
0.3535354 0.3645833 0.3723404 0.3804348 0.3888889 0.3977273 0.4069767 0.4166667 0.4268293 0.4375 0.4487179 0.4605263 0.472973 0.4861111 0.5 0.5147059 0.530303 0.546875 0.5645161 0.5833333 0.6034483 0.625 0.6481481 0.6730769 0.7 0.7291667 0.7608696 0.7954545 0.8333333 0.875 0.9210526 0.9722222 1 1 1 1 1 1 1 1 1 1 1 1 1 1 1 NA NA NA
0.4242424 0.4375 0.4468085 0.4565217 0.4666667 0.4772727 0.4883721 0.5 0.5121951 0.525 0.5384615 0.5526316 0.5675676 0.5833333 0.6 0.6176471 0.6363636 0.65625 0.6774194 0.7 0.7241379 0.75 0.7777778 0.8076923 0.84 0.875 0.9130435 0.9545455 1 1 1 1 1 1 1 1 1 1 1 1 1 1 1 1 1 1 1 1 NA NA
0.3232323 0.3333333 0.3404255 0.3478261 0.3555556 0.3636364 0.372093 0.3809524 0.3902439 0.4 0.4102564 0.4210526 0.4324324 0.4444444 0.4571429 0.4705882 0.4848485 0.5 0.516129 0.5333333 0.5517241 0.5714286 0.5925926 0.6153846 0.64 0.6666667 0.6956522 0.7272727 0.7619048 0.8 0.8421053 0.8888889 0.9411765 1 1 1 1 1 1 1 1 1 1 1 1 1 1 1 NA NA
0.3939394 0.40625 0.4148936 0.423913 0.4333333 0.4431818 0.4534884 0.4642857 0.4756098 0.4875 0.5 0.5131579 0.527027 0.5416667 0.5571429 0.5735294 0.5909091 0.609375 0.6290323 0.65 0.6724138 0.6964286 0.7222222 0.75 0.78 0.8125 0.8478261 0.8863636 0.9285714 0.975 1 1 1 1 1 1 1 1 1 1 1 1 1 1 1 1 1 1 NA NA
0.4747475 0.4895833 0.5 0.5108696 0.5222222 0.5340909 0.5465116 0.5595238 0.5731707 0.5875 0.6025641 0.6184211 0.6351351 0.6527778 0.6714286 0.6911765 0.7121212 0.734375 0.7580645 0.7833333 0.8103448 0.8392857 0.8703704 0.9038462 0.94 0.9791667 1 1 1 1 1 1 1 1 1 1 1 1 1 1 1 1 1 1 1 1 NA NA NA NA
0.2626263 0.2708333 0.2765957 0.2826087 0.2888889 0.2954545 0.3023256 0.3095238 0.3170732 0.325 0.3333333 0.3421053 0.3513514 0.3611111 0.3714286 0.3823529 0.3939394 0.40625 0.4193548 0.4333333 0.4482759 0.4642857 0.4814815 0.5 0.52 0.5416667 0.5652174 0.5909091 0.6190476 0.65 0.6842105 0.7222222 0.7647059 0.8125 0.8666667 0.9285714 1 1 1 1 1 1 1 1 1 1 1 1 NA NA
0.2525253 0.2604167 0.2659574 0.2717391 0.2777778 0.2840909 0.2906977 0.297619 0.304878 0.3125 0.3205128 0.3289474 0.3378378 0.3472222 0.3571429 0.3676471 0.3787879 0.390625 0.4032258 0.4166667 0.4310345 0.4464286 0.462963 0.4807692 0.5 0.5208333 0.5434783 0.5681818 0.5952381 0.625 0.6578947 0.6944444 0.7352941 0.78125 0.8333333 0.8928571 0.9615385 1 1 1 1 1 1 1 1 1 1 1 NA NA
0.3838384 0.3958333 0.4042553 0.4130435 0.4222222 0.4318182 0.4418605 0.452381 0.4634146 0.475 0.4871795 0.5 0.5135135 0.5277778 0.5428571 0.5588235 0.5757576 0.59375 0.6129032 0.6333333 0.6551724 0.6785714 0.7037037 0.7307692 0.76 0.7916667 0.826087 0.8636364 0.9047619 0.95 1 1 1 1 1 1 1 1 1 1 1 1 1 1 1 1 1 1 NA NA
0.3737374 0.3854167 0.393617 0.4021739 0.4111111 0.4204545 0.4302326 0.4404762 0.4512195 0.4625 0.474359 0.4868421 0.5 0.5138889 0.5285714 0.5441176 0.5606061 0.578125 0.5967742 0.6166667 0.637931 0.6607143 0.6851852 0.7115385 0.74 0.7708333 0.8043478 0.8409091 0.8809524 0.925 0.9736842 1 1 1 1 1 1 1 1 1 1 1 1 1 1 1 1 1 NA NA
0.3434343 0.3541667 0.3617021 0.3695652 0.3777778 0.3863636 0.3953488 0.4047619 0.4146341 0.425 0.4358974 0.4473684 0.4594595 0.4722222 0.4857143 0.5 0.5151515 0.53125 0.5483871 0.5666667 0.5862069 0.6071429 0.6296296 0.6538462 0.68 0.7083333 0.7391304 0.7727273 0.8095238 0.85 0.8947368 0.9444444 1 1 1 1 1 1 1 1 1 1 1 1 1 1 1 1 NA NA
0.3535354 0.3645833 0.3723404 0.3804348 0.3888889 0.3977273 0.4069767 0.4166667 0.4268293 0.4375 0.4487179 0.4605263 0.472973 0.4861111 0.5 0.5147059 0.530303 0.546875 0.5645161 0.5833333 0.6034483 0.625 0.6481481 0.6730769 0.7 0.7291667 0.7608696 0.7954545 0.8333333 0.875 0.9210526 0.9722222 1 1 1 1 1 1 1 1 1 1 1 1 1 1 1 1 NA NA
0.3030303 0.3125 0.3191489 0.326087 0.3333333 0.3409091 0.3488372 0.3571429 0.3658537 0.375 0.3846154 0.3947368 0.4054054 0.4166667 0.4285714 0.4411765 0.4545455 0.46875 0.483871 0.5 0.5172414 0.5357143 0.5555556 0.5769231 0.6 0.625 0.6521739 0.6818182 0.7142857 0.75 0.7894737 0.8333333 0.8823529 0.9375 1 1 1 1 1 1 1 1 1 1 1 1 1 1 NA NA
0.2424242 0.25 0.2553191 0.2608696 0.2666667 0.2727273 0.2790698 0.2857143 0.2926829 0.3 0.3076923 0.3157895 0.3243243 0.3333333 0.3428571 0.3529412 0.3636364 0.375 0.3870968 0.4 0.4137931 0.4285714 0.4444444 0.4615385 0.48 0.5 0.5217391 0.5454545 0.5714286 0.6 0.6315789 0.6666667 0.7058824 0.75 0.8 0.8571429 0.9230769 1 1 1 1 1 1 1 1 1 1 1 NA NA
0.2828283 0.2916667 0.2978723 0.3043478 0.3111111 0.3181818 0.3255814 0.3333333 0.3414634 0.35 0.3589744 0.3684211 0.3783784 0.3888889 0.4 0.4117647 0.4242424 0.4375 0.4516129 0.4666667 0.4827586 0.5 0.5185185 0.5384615 0.56 0.5833333 0.6086957 0.6363636 0.6666667 0.7 0.7368421 0.7777778 0.8235294 0.875 0.9333333 1 1 1 1 1 1 1 1 1 1 1 1 NA NA NA
0.3232323 0.3333333 0.3404255 0.3478261 0.3555556 0.3636364 0.372093 0.3809524 0.3902439 0.4 0.4102564 0.4210526 0.4324324 0.4444444 0.4571429 0.4705882 0.4848485 0.5 0.516129 0.5333333 0.5517241 0.5714286 0.5925926 0.6153846 0.64 0.6666667 0.6956522 0.7272727 0.7619048 0.8 0.8421053 0.8888889 0.9411765 1 1 1 1 1 1 1 1 1 1 1 1 1 1 1 NA NA
0.3434343 0.3541667 0.3617021 0.3695652 0.3777778 0.3863636 0.3953488 0.4047619 0.4146341 0.425 0.4358974 0.4473684 0.4594595 0.4722222 0.4857143 0.5 0.5151515 0.53125 0.5483871 0.5666667 0.5862069 0.6071429 0.6296296 0.6538462 0.68 0.7083333 0.7391304 0.7727273 0.8095238 0.85 0.8947368 0.9444444 1 1 1 1 1 1 1 1 1 1 1 1 1 1 1 NA NA NA
